StateCo,StateAb,DivNm,DivCo,PPName,PremisesName,Address1,Address2,Address3,Locality,AddrStateAb,Postcode,Lat,Long,CCD,PremiseId,PremisesPartName,DateFrom,DateTo,TimeFrom,TimeTo
"2","NSW","Banks                           ",1,"Special Hospital Team 1                                         ","Anglicare Mary Andrews ","857 King Georges Rd","","","SOUTH HURSTVILLE","NSW","2221","-33.9806117781253","151.107176219455",1137418,34112,"",30/04/2025,30/04/2025,"10:00","13:30"
"2","NSW","Banks                           ",1,"Special Hospital Team 1                                         ","Casa Mia Aged Care","28 Alma Rd","","","PADSTOW","NSW","2211","-33.961745","151.038269",1135834,35201,"",01/05/2025,01/05/2025,"10:00","14:00"
"2","NSW","Banks                           ",1,"Special Hospital Team 1                                         ","Estia Health Blakehurst ","394 Princes Hwy","","","BLAKEHURST","NSW","2221","-33.99044069","151.11388465",1137454,121833,"",23/04/2025,23/04/2025,"10:30","12:30"
"2","NSW","Banks                           ",1,"Special Hospital Team 1                                         ","Ferndale Gardens ","33 Jersey Ave","","","MORTDALE","NSW","2223","-33.9636191353882","151.079002785779",1166616,70409,"",24/04/2025,24/04/2025,"10:00","16:00"
"2","NSW","Banks                           ",1,"Special Hospital Team 1                                         ","IBIS Care Blakehurst ","20 Cheddar St","","","BLAKEHURST","NSW","2221","-33.981693","151.110301",1137416,34102,"",28/04/2025,28/04/2025,"10:00","16:00"
"2","NSW","Banks                           ",1,"Special Hospital Team 1                                         ","Peakhurst Lodge","18 Henry Lawson Dr","","","PEAKHURST","NSW","2210","-33.96132086","151.05530767",1137235,121904,"",22/04/2025,22/04/2025,"10:00","14:30"
"2","NSW","Banks                           ",1,"Special Hospital Team 1                                         ","Southhaven Aged Care","11 Queensbury Rd","","","PADSTOW HEIGHTS","NSW","2211","-33.966854","151.041782",1135829,33032,"",29/04/2025,29/04/2025,"10:00","13:30"
"2","NSW","Banks                           ",1,"Special Hospital Team 2                                         ","Beechwood Aged Care","3-17 Albert St","","","REVESBY","NSW","2212","-33.9393566","151.0162289",1136010,141798,"",28/04/2025,28/04/2025,"10:00","16:30"
"2","NSW","Banks                           ",1,"Special Hospital Team 2                                         ","Carino Care at Oatley","7-11 Mimosa St","","","OATLEY","NSW","2223","-33.98601437","151.07739376",1137106,34109,"",30/04/2025,30/04/2025,"10:00","13:00"
"2","NSW","Banks                           ",1,"Special Hospital Team 2                                         ","Catholic Healthcare Holy Spirit Aged Care Revesby","13 Neptune St","","","REVESBY","NSW","2212","-33.963574","151.020186",1136034,121902,"",22/04/2025,22/04/2025,"10:00","12:00"
"2","NSW","Banks                           ",1,"Special Hospital Team 2                                         ","Georges Estate Health & Aged Care Community","1 Centre St","","","PENSHURST","NSW","2222","-33.96729015","151.08655264",1137131,121901,"",24/04/2025,24/04/2025,"10:30","16:30"
"2","NSW","Banks                           ",1,"Special Hospital Team 2                                         ","Leigh Place Aged Care","12-18 Leigh Ave","","","ROSELANDS","NSW","2196","-33.9395751","151.0643908",1136710,125923,"",23/04/2025,23/04/2025,"10:00","17:00"
"2","NSW","Banks                           ",1,"Special Hospital Team 2                                         ","Uniting Nunyara Peakhurst","8 Neilson Ave","","","PEAKHURST","NSW","2210","-33.95843459","151.06562556",1137210,121903,"",22/04/2025,22/04/2025,"14:00","16:00"
"2","NSW","Banks                           ",1,"Special Hospital Team 2                                         ","Uniting Roberts Lodge Peakhurst","168 Boundary Rd","","","PEAKHURST","NSW","2210","-33.95960132","151.06505531",1137210,121905,"",29/04/2025,29/04/2025,"10:00","14:00"
"2","NSW","Banks                           ",1,"Special Hospital Team 2                                         ","Yallambee Village","34 Hydrae St","","","REVESBY","NSW","2212","-33.95830185","151.01941909",1136035,121907,"",01/05/2025,01/05/2025,"10:00","14:00"
"2","NSW","Barton                          ",2,"Special Hospital Team 1                                         ","Bexley Aged Care Home","82-84 Connemarra St","","","BEXLEY","NSW","2207","-33.95849337","151.12539381",1167027,122002,"",23/04/2025,23/04/2025,"9:30","11:30"
"2","NSW","Barton                          ",2,"Special Hospital Team 1                                         ","Bupa Bexley","741-743 Forest Rd","","","BEXLEY","NSW","2207","-33.96139492","151.1139453",1166917,122009,"",23/04/2025,23/04/2025,"13:00","15:30"
"2","NSW","Barton                          ",2,"Special Hospital Team 1                                         ","Carino Care at Rockdale","22 Woodford Rd","","","ROCKDALE ","NSW","2216","-33.945763","151.134068",1138155,122004,"",22/04/2025,22/04/2025,"9:30","12:30"
"2","NSW","Barton                          ",2,"Special Hospital Team 1                                         ","Estia Health Bexley","3 Eddystone Rd","","","BEXLEY","NSW","2207","-33.9490237688964","151.117842512155",1166911,72789,"",24/04/2025,24/04/2025,"9:30","15:00"
"2","NSW","Barton                          ",2,"Special Hospital Team 1                                         ","Menaville Nursing Home","121 Frederick St","","","ROCKDALE","NSW","2216","-33.94828302","151.13076732",1138144,122006,"",29/04/2025,29/04/2025,"9:30","12:00"
"2","NSW","Barton                          ",2,"Special Hospital Team 1                                         ","Scalabrini Bexley","28-34 Harrow Rd","","","BEXLEY","NSW","2207","-33.9493849900394","151.130098290347",1138102,34100,"",30/04/2025,30/04/2025,"9:30","15:00"
"2","NSW","Barton                          ",2,"Special Hospital Team 1                                         ","Uniting Bruce Sharpe Rockdale","110 Frederick St","","","ROCKDALE","NSW","2216","-33.9514451902909","151.132645319705",1138103,34103,"",28/04/2025,28/04/2025,"9:30","13:00"
"2","NSW","Barton                          ",2,"Special Hospital Team 2                                         ","Catholic Healthcare Bethlehem House","30 Montgomery St","","","KOGARAH","NSW","2217","-33.963921","151.134599",1137827,36165,"",24/04/2025,24/04/2025,"9:30","11:30"
"2","NSW","Barton                          ",2,"Special Hospital Team 2                                         ","Estia Health Kogarah","74 Rocky Point Rd","","","KOGARAH","NSW","2217","-33.973356","151.136635",1137811,121845,"",29/04/2025,29/04/2025,"13:30","15:30"
"2","NSW","Barton                          ",2,"Special Hospital Team 2                                         ","Homewood Care - Nursing Home and Aged Care","60 Regent St","","","BEXLEY","NSW","2207","-33.9540302784039","151.112171672298",1166902,14152,"",29/04/2025,29/04/2025,"9:30","12:30"
"2","NSW","Barton                          ",2,"Special Hospital Team 2                                         ","Regis Hurstville","53-59 Gloucester Rd","","","HURSTVILLE","NSW","2220","-33.961044","151.094642",1166520,122010,"",22/04/2025,22/04/2025,"9:30","14:00"
"2","NSW","Barton                          ",2,"Special Hospital Team 2                                         ","Rocky Point Residence","151-157 Rocky Point Rd","","","BEVERLEY PARK","NSW","2217","-33.979923","151.136464",1137925,121836,"",28/04/2025,28/04/2025,"13:00","15:00"
"2","NSW","Barton                          ",2,"Special Hospital Team 2                                         ","St Basil's Kogarah","18-20 Garden St","","","KOGARAH","NSW","2217","-33.971368","151.131603",1137821,122008,"",28/04/2025,28/04/2025,"9:30","12:00"
"2","NSW","Barton                          ",2,"Special Hospital Team 2                                         ","St Patrick's Green Aged Care","40 Chapel St","","","KOGARAH","NSW","2217","-33.968557","151.135681",1137823,122007,"",23/04/2025,23/04/2025,"9:30","16:00"
"2","NSW","Barton                          ",2,"Special Hospital Team 3                                         ","Bupa Clemton Park","1 Tedbury St","","","CLEMTON PARK","NSW","2206","-33.923554","151.1036718",1166126,89635,"",22/04/2025,22/04/2025,"9:30","15:30"
"2","NSW","Barton                          ",2,"Special Hospital Team 3                                         ","Catholic Healthcare St Bedes Home","2 Russell La","","","SOUTH HURSTVILLE","NSW","2221","-33.97507137","151.11093467",1137414,121906,"",28/04/2025,28/04/2025,"9:30","13:30"
"2","NSW","Barton                          ",2,"Special Hospital Team 3                                         ","Greek Orthodox Community Home For The Aged","2 Woolcott St","","","EARLWOOD","NSW","2206","-33.916727","151.120324",1166206,71319,"",23/04/2025,23/04/2025,"13:45","16:00"
"2","NSW","Barton                          ",2,"Special Hospital Team 3                                         ","Huntingdon Gardens Aged Care","1-11 Connemarra St","","","BEXLEY","NSW","2207","-33.955168","151.132198",1167013,34110,"",30/04/2025,30/04/2025,"9:30","16:00"
"2","NSW","Barton                          ",2,"Special Hospital Team 3                                         ","Shangri-La Nursing Home","107 Carrington Ave","","","HURSTVILLE","NSW","2220","-33.960007166884","151.095373913911",1166520,122011,"",24/04/2025,24/04/2025,"13:00","15:00"
"2","NSW","Barton                          ",2,"Special Hospital Team 3                                         ","St George Hospital - Mental Health Unit","11 South St","","","KOGARAH","NSW","2217","-33.955168","151.132198",1167013,141828,"",23/04/2025,23/04/2025,"9:30","12:15"
"2","NSW","Bennelong                       ",3,"Special Hospital Team 1                                         ","Glades Bay Gardens","16 Punt Rd","","","GLADESVILLE","NSW","2111","-33.8374533390452","151.12784438565",1149801,122145,"",30/04/2025,30/04/2025,"9:15","12:15"
"2","NSW","Bennelong                       ",3,"Special Hospital Team 1                                         ","Greenwich Hospital - Riverglen Unit","97-115 River Rd","","","GREENWICH","NSW","2065","-33.82724474","151.18364674",1168507,141792,"",29/04/2025,29/04/2025,"9:15","10:45"
"2","NSW","Bennelong                       ",3,"Special Hospital Team 1                                         ","James Milson Village Woolwich","11 Gladstone Ave","","","WOOLWICH","NSW","2110","-33.8390977626077","151.165968039982",1149915,122265,"",22/04/2025,22/04/2025,"10:15","14:15"
"2","NSW","Bennelong                       ",3,"Special Hospital Team 1                                         ","S. Antonio da Padova Nursing Home","7 North Rd","","","RYDE","NSW","2112","-33.80451762268194","151.10505127610477",1172412,122178,"",28/04/2025,28/04/2025,"9:15","11:45"
"2","NSW","Bennelong                       ",3,"Special Hospital Team 1                                         ","Southern Cross Care Marsfield Residential Aged Care","16 Vincentia St","","","MARSFIELD","NSW","2122","-33.7810641164428","151.104124006564",1150040,122176,"",24/04/2025,24/04/2025,"9:00","12:15"
"2","NSW","Bennelong                       ",3,"Special Hospital Team 1                                         ","Uniting Kamilaroi Lane Cove","155 Longueville Rd","","","LANE COVE","NSW","2066","-33.81699811","151.16977859",1168601,141801,"",01/05/2025,01/05/2025,"10:00","16:00"
"2","NSW","Bennelong                       ",3,"Special Hospital Team 1                                         ","Uniting St Columba's Lane Cove","15 Figtree St","","","LANE COVE","NSW","2066","-33.81405451501233","151.15593375009658",1168606,122267,"",23/04/2025,23/04/2025,"9:15","11:45"
"2","NSW","Bennelong                       ",3,"Special Hospital Team 2                                         ","BaptistCare Cooinda Court","159 Balaclava Rd","","","MACQUARIE PARK","NSW","2113","-33.77860816810743","151.11058382568223",1150021,122150,"",22/04/2025,22/04/2025,"10:15","14:15"
"2","NSW","Bennelong                       ",3,"Special Hospital Team 2                                         ","Calvary Ryde Retirement Community - Mary Potter Residential Care","678 Victoria Rd","","","RYDE","NSW","2112","-33.81696753882213","151.10914588041666",1172510,12124,"",28/04/2025,28/04/2025,"9:00","14:00"
"2","NSW","Bennelong                       ",3,"Special Hospital Team 2                                         ","Catholic Healthcare St Joseph's Aged Care Hunters Hill","41 Gladesville Rd","","","HUNTERS HILL","NSW","2110","-33.83396206","151.14202161",1149905,122256,"",30/04/2025,30/04/2025,"9:00","12:00"
"2","NSW","Bennelong                       ",3,"Special Hospital Team 2                                         ","Hunters Hill Montefiore Home","120 High St","","","HUNTERS HILL","NSW","2110","-33.8227459","151.1428578",1149913,12108,"",23/04/2025,23/04/2025,"9:00","12:30"
"2","NSW","Bennelong                       ",3,"Special Hospital Team 2                                         ","Macquarie Hospital","Wicks Rd","","","NORTH RYDE","NSW","2113","-33.7977856889613","151.1236889212321",1150119,126166,"",24/04/2025,24/04/2025,"11:00","16:30"
"2","NSW","Bennelong                       ",3,"Special Hospital Team 3                                         ","BaptistCare Dorothy Henderson Lodge","157 Balaclava Rd","","","MACQUARIE PARK","NSW","2113","-33.77761377704879","151.10945370426242",1150021,122147,"",28/04/2025,28/04/2025,"9:00","15:00"
"2","NSW","Bennelong                       ",3,"Special Hospital Team 3                                         ","BaptistCare Shalom Centre","159-165 Balaclava Rd","","","MACQUARIE PARK","NSW","2113","-33.7772372670085","151.110496616166",1150021,122153,"",23/04/2025,23/04/2025,"9:15","16:45"
"2","NSW","Bennelong                       ",3,"Special Hospital Team 3                                         ","Greenwich Place","33 Greenwich Rd","","","GREENWICH","NSW","2065","-33.82750946","151.18809318",1168507,143115,"",29/04/2025,29/04/2025,"9:00","12:30"
"2","NSW","Bennelong                       ",3,"Special Hospital Team 3                                         ","Uniting Thomas Bowden Ryde","279 Morrison Rd","","","RYDE","NSW","2112","-33.81941488522516","151.10374418246337",1172520,123329,"",22/04/2025,22/04/2025,"13:30","15:30"
"2","NSW","Berowra                         ",4,"Special Hospital Team 1                                         ","Anglicare Brian King Gardens","1A Hilliard Dr","","","CASTLE HILL","NSW","2154","-33.73017","151.02325",1155412,123300,"",23/04/2025,23/04/2025,"8:45","16:45"
"2","NSW","Berowra                         ",4,"Special Hospital Team 1                                         ","Arcare Glenhaven","93 Glenhaven Rd","","","GLENHAVEN","NSW","2156","-33.696305","150.993465",1129415,122180,"",29/04/2025,29/04/2025,"8:45","16:45"
"2","NSW","Berowra                         ",4,"Special Hospital Team 1                                         ","Christophorus House","396 Peats Ferry Rd","","","HORNSBY","NSW","2077","-33.691346","151.099913",1157813,122202,"",22/04/2025,22/04/2025,"11:30","15:30"
"2","NSW","Berowra                         ",4,"Special Hospital Team 1                                         ","Donington Court","1 Clarke Dr","","","CASTLE HILL","NSW","2154","-33.727291","151.021072",1155412,122204,"",28/04/2025,28/04/2025,"9:00","15:30"
"2","NSW","Berowra                         ",4,"Special Hospital Team 1                                         ","Farrer Brown Court","208 David Rd","","","CASTLE HILL","NSW","2154","-33.729927","151.025493",1155412,122208,"",30/04/2025,30/04/2025,"9:00","15:00"
"2","NSW","Berowra                         ",4,"Special Hospital Team 1                                         ","Hornsby Ku-ring-gai Hospital","Palmerston Rd","","","HORNSBY","NSW","2077","-33.702571","151.112565",1157724,141509,"Service 2",24/04/2025,24/04/2025,"9:00","16:00"
"2","NSW","Berowra                         ",4,"Special Hospital Team 1                                         ","The Donald Coburn Centre","15 Blue Gums Way","","","CASTLE HILL","NSW","2154","-33.731139","151.0235",1155412,125605,"",01/05/2025,01/05/2025,"8:00","11:30"
"2","NSW","Berowra                         ",4,"Special Hospital Team 1                                         ","Twilight Aged Care Grace Gardens","454 Old Northern Rd","","","DURAL","NSW","2158","-33.702819","151.014105",1129735,126165,"",01/05/2025,01/05/2025,"13:30","17:30"
"2","NSW","Berowra                         ",4,"Special Hospital Team 2                                         ","Anglicare Warrina Residential Care","17 Hilliard Dr","","","CASTLE HILL","NSW","2154","-33.727028","151.023721",1155412,123301,"",01/05/2025,01/05/2025,"9:00","14:00"
"2","NSW","Berowra                         ",4,"Special Hospital Team 2                                         ","Beecroft House Aged Care","134 Beecroft Rd","","","BEECROFT","NSW","2119","-33.755651","151.068978",1149629,122181,"",29/04/2025,29/04/2025,"9:00","11:30"
"2","NSW","Berowra                         ",4,"Special Hospital Team 2                                         ","Bupa Aged Care Dural","1 Stonelea Ct","","","DURAL","NSW","2158","-33.694018","151.017641",1129713,122182,"",22/04/2025,22/04/2025,"9:00","15:00"
"2","NSW","Berowra                         ",4,"Special Hospital Team 2                                         ","CASS Asquith Residential Aged Care","461 Pacific Hwy","","","ASQUITH","NSW","2077","-33.682999","151.110462",1140355,141671,"",30/04/2025,30/04/2025,"8:45","11:45"
"2","NSW","Berowra                         ",4,"Special Hospital Team 2                                         ","Carinya House","1A Mills Rd","","","GLENHAVEN","NSW","2156","-33.697125","150.989402",1129415,122183,"",23/04/2025,23/04/2025,"9:00","15:00"
"2","NSW","Berowra                         ",4,"Special Hospital Team 2                                         ","Dural House","705-717 Old Northern Rd","","","DURAL","NSW","2158","-33.694161","151.020459",1129723,122184,"",26/04/2025,26/04/2025,"10:00","16:30"
"2","NSW","Berowra                         ",4,"Special Hospital Team 2                                         ","Hornsby Ku-ring-gai Hospital","Palmerston Rd","","","HORNSBY","NSW","2077","-33.702571","151.112565",1157724,141509,"Service 1",24/04/2025,24/04/2025,"9:00","16:00"
"2","NSW","Berowra                         ",4,"Special Hospital Team 2                                         ","Mark Donaldson VC House","301 Galston Rd","","","GALSTON","NSW","2159","-33.657348","151.056754",1129813,126164,"",28/04/2025,28/04/2025,"9:00","13:30"
"2","NSW","Berowra                         ",4,"Special Hospital Team 2                                         ","Regis Aged Care","245-247 Peats Ferry Rd","","","HORNSBY","NSW","2077","-33.69406724","151.09805956",1157816,122197,"",30/04/2025,30/04/2025,"14:00","17:30"
"2","NSW","Berowra                         ",4,"Special Hospital Team 3                                         ","Bolton Clarke Greenwood ","9-17 Hinemoa Ave","","","NORMANHURST","NSW","2076","-33.722904","151.104691",1140613,122225,"",26/04/2025,26/04/2025,"9:00","15:00"
"2","NSW","Berowra                         ",4,"Special Hospital Team 3                                         ","Catholic Healthcare McQuoin Park","32 McAuley Pl","","","WAHROONGA","NSW","2076","-33.713571","151.107123",1157904,122227,"",29/04/2025,29/04/2025,"9:00","12:00"
"2","NSW","Berowra                         ",4,"Special Hospital Team 3                                         ","Cheltenham House","144 Beecroft Rd","","","BEECROFT","NSW","2119","-33.756502","151.070679",1149629,141672,"",23/04/2025,23/04/2025,"9:30","12:00"
"2","NSW","Berowra                         ",4,"Special Hospital Team 3                                         ","Cherrybrook Christian Care Centre","3 Kitchener Rd","","","CHERRYBROOK","NSW","2126","-33.730948","151.056519",1155803,12132,"",30/04/2025,30/04/2025,"9:00","15:00"
"2","NSW","Berowra                         ",4,"Special Hospital Team 3                                         ","Estia Health - The Poplars","64-66 Norfolk Rd","","","EPPING","NSW","2121","-33.7648411","151.0875209",1172026,122174,"",01/05/2025,01/05/2025,"9:00","14:30"
"2","NSW","Berowra                         ",4,"Special Hospital Team 3                                         ","Hornsby Ku-ring-gai Hospital","Palmerston Rd","","","HORNSBY","NSW","2077","-33.702571","151.112565",1157724,141509,"Star Building Common Area",24/04/2025,24/04/2025,"9:00","16:00"
"2","NSW","Berowra                         ",4,"Special Hospital Team 3                                         ","Hornsby Ku-ring-gai Hospital - Mental Health Unit","Palmerston Rd","","","HORNSBY","NSW","2077","-33.702571","151.112565",1157724,141673,"",22/04/2025,22/04/2025,"15:30","17:30"
"2","NSW","Berowra                         ",4,"Special Hospital Team 3                                         ","Uniting Bowden Brae Gardens","1-7 Frith Ave","","","NORMANHURST","NSW","2076","-33.720784","151.103905",1140647,122215,"",29/04/2025,29/04/2025,"14:30","17:00"
"2","NSW","Berowra                         ",4,"Special Hospital Team 3                                         ","Wahroonga House","31 Pacific Hwy","","","WAHROONGA","NSW","2076","-33.7150972","151.10805091",1157904,122247,"",23/04/2025,23/04/2025,"14:30","16:30"
"2","NSW","Berowra                         ",4,"Special Hospital Team 3                                         ","Wahroonga Tallwoods Care Community","1 Myra St","","","WAHROONGA","NSW","2076","-33.7117112","151.1093966",1157927,122229,"",22/04/2025,22/04/2025,"10:15","12:45"
"2","NSW","Blaxland                        ",5,"Special Hospital Team 1                                         ","Abel Tasman Village","222 Waldron Rd","","","CHESTER HILL","NSW","2162","-33.88301488","151.0001665",1147905,121982,"",29/04/2025,29/04/2025,"10:00","15:00"
"2","NSW","Blaxland                        ",5,"Special Hospital Team 1                                         ","Southern Cross Community Care - Holroyd","45 Barcom St","","","MERRYLANDS WEST","NSW","2160","-33.8395673","150.9708538",1148409,90045,"",28/04/2025,28/04/2025,"9:30","14:30"
"2","NSW","Blaxland                        ",5,"Special Hospital Team 1                                         ","Weeroona Aged Care Centre","14 Trebartha St","","","BASS HILL","NSW","2197","-33.8995721","151.0034707",1135412,143469,"",22/04/2025,22/04/2025,"10:00","15:30"
"2","NSW","Blaxland                        ",5,"Special Hospital Team 2                                         ","St Vincent's Care Services Auburn","21 Alice St","","","AUBURN","NSW","2144","-33.8495048","151.0287885",1158230,122633,"",28/04/2025,28/04/2025,"10:00","14:00"
"2","NSW","Blaxland                        ",5,"Special Hospital Team 2                                         ","St Vincent's Care Services Auburn","21 Alice St","","","AUBURN","NSW","2144","-33.8495048","151.0287885",1158230,122633,"",29/04/2025,29/04/2025,"10:00","13:30"
"2","NSW","Blaxland                        ",5,"Special Hospital Team 2                                         ","St Vincent's Care Services Yennora","1 Tara Cl","","","YENNORA","NSW","2161","-33.867759","150.967305",1148017,35259,"",22/04/2025,22/04/2025,"9:30","14:00"
"2","NSW","Blaxland                        ",5,"Special Hospital Team 2                                         ","St Vincent's Care Services Yennora","1 Tara Cl","","","YENNORA","NSW","2161","-33.867759","150.967305",1148017,35259,"",23/04/2025,23/04/2025,"9:30","14:00"
"2","NSW","Blaxland                        ",5,"Special Hospital Team 2                                         ","St Vincent's Care Services Yennora","1 Tara Cl","","","YENNORA","NSW","2161","-33.867759","150.967305",1148017,35259,"",24/04/2025,24/04/2025,"10:00","13:30"
"2","NSW","Bradfield                       ",6,"Special Hospital Team 1                                         ","Mark Moran Warrawee","1496 Pacific Hwy","","","WARRAWEE","NSW","2074","-33.728745","151.121015",1141218,122249,"",29/04/2025,29/04/2025,"9:00","11:30"
"2","NSW","Bradfield                       ",6,"Special Hospital Team 1                                         ","Royal North Shore Hospital - Mental Health Inpatient Unit","Level 2, Clinical Services Building","Lanceley Ave","","ST LEONARDS","NSW","2065","-33.820167","151.191954",1140108,141648,"",23/04/2025,23/04/2025,"9:00","11:30"
"2","NSW","Bradfield                       ",6,"Special Hospital Team 1                                         ","The Landings","440 Bobbin Head Rd","","","NORTH TURRAMURRA","NSW","2074","-33.6899736299162","151.148330472415",1141147,105698,"",22/04/2025,22/04/2025,"10:15","15:30"
"2","NSW","Bradfield                       ",6,"Special Hospital Team 1                                         ","Thomas & Rosetta Agst Aged Care Facility (UPA)","1614-1634 Pacific Hwy","","","WAHROONGA","NSW","2076","-33.7207062771805","151.116617642829",1141241,35067,"",24/04/2025,24/04/2025,"9:00","12:30"
"2","NSW","Bradfield                       ",6,"Special Hospital Team 1                                         ","Twilight Horton House","1 Ravenswood Ave","","","GORDON","NSW","2072","-33.7586939","151.152196",1140745,123304,"",30/04/2025,30/04/2025,"9:00","12:30"
"2","NSW","Bradfield                       ",6,"Special Hospital Team 1                                         ","Uniting Northaven","1322 Pacific Hwy","","","TURRAMURRA","NSW","2074","-33.733877","151.13098",1141137,123516,"",28/04/2025,28/04/2025,"9:00","13:00"
"2","NSW","Bradfield                       ",6,"Special Hospital Team 2                                         ","Bupa Aged Care St Ives","120 Killeaton St","","","ST IVES","NSW","2075","-33.72712468958906","151.16517566576096",1141058,122245,"",23/04/2025,23/04/2025,"9:30","11:30"
"2","NSW","Bradfield                       ",6,"Special Hospital Team 2                                         ","KOWPA Limited","16 Trafalgar Ave","","","ROSEVILLE","NSW","2069","-33.780634","151.176691",1140815,122244,"",22/04/2025,22/04/2025,"10:15","13:15"
"2","NSW","Bradfield                       ",6,"Special Hospital Team 2                                         ","Pathways Killara Gardens","17 Greengate Rd","","","KILLARA","NSW","2071","-33.762611","151.157836",1140750,122241,"",01/05/2025,01/05/2025,"9:15","13:15"
"2","NSW","Bradfield                       ",6,"Special Hospital Team 2                                         ","Southern Cross Care","402 Bobbin Head Rd","","","NORTH TURRAMURRA","NSW","2074","-33.700802","151.146977",1141113,122243,"",24/04/2025,24/04/2025,"9:15","13:15"
"2","NSW","Bradfield                       ",6,"Special Hospital Team 2                                         ","Willoughby Hostel","1 Warrah St","","","CHATSWOOD","NSW","2067","-33.787407","151.19499",1168437,126167,"",30/04/2025,30/04/2025,"9:15","11:45"
"2","NSW","Bradfield                       ",6,"Special Hospital Team 3                                         ","Bupa Aged Care Willoughby","71 Sydney St","","","WILLOUGHBY","NSW","2068","-33.80152972","151.1945037",1168717,122257,"",28/04/2025,28/04/2025,"9:00","17:00"
"2","NSW","Bradfield                       ",6,"Special Hospital Team 3                                         ","Catholic Healthcare St Paul's Residential Aged Care","27 Eastern Valley Way","","","NORTHBRIDGE","NSW","2063","-33.80788726150512","151.20926196137947",1168314,123305,"",22/04/2025,22/04/2025,"10:15","12:45"
"2","NSW","Bradfield                       ",6,"Special Hospital Team 3                                         ","Dougherty Apartments","1 Victor St","","","CHATSWOOD","NSW","2067","-33.7995241939081","151.182892482863",1168435,31077,"",01/05/2025,01/05/2025,"9:15","13:15"
"2","NSW","Bradfield                       ",6,"Special Hospital Team 3                                         ","Estia Health Willoughby","202 Mowbray Rd","","","WILLOUGHBY","NSW","2068","-33.80316693","151.19417109",1168728,122261,"",23/04/2025,23/04/2025,"9:15","14:45"
"2","NSW","Bradfield                       ",6,"Special Hospital Team 3                                         ","Gordon Private Hospital","746 Pacific Hwy","","","GORDON","NSW","2072","-33.75789086","151.15266941",1140745,141839,"",30/04/2025,30/04/2025,"9:15","12:45"
"2","NSW","Bradfield                       ",6,"Special Hospital Team 3                                         ","Pathways Sailors Bay","170 Sailors Bay Rd","","","NORTHBRIDGE","NSW","2063","-33.81160934","151.21282027",1168315,122264,"",29/04/2025,29/04/2025,"9:15","14:15"
"2","NSW","Bradfield                       ",6,"Special Hospital Team 3                                         ","Thompson Health Care - St Ives House","97 Killeaton St","","","ST IVES ","NSW","2075","-33.72674930710973","151.16746118650798",1141055,143265,"",24/04/2025,24/04/2025,"9:30","16:00"
"2","NSW","Calare                          ",7,"Other Mobile Team 1                                             ","Bathurst Correctional Centre","Cnr Browning St & Brookmoore Ave","","","BATHURST","NSW","2795","-33.417782","149.558151",1161220,141638,"Area One",28/04/2025,28/04/2025,"9:30","14:30"
"2","NSW","Calare                          ",7,"Other Mobile Team 1                                             ","Bathurst Correctional Centre","Cnr Browning St & Brookmoore Ave","","","BATHURST","NSW","2795","-33.417782","149.558151",1161220,141638,"Area One",29/04/2025,29/04/2025,"9:30","14:30"
"2","NSW","Calare                          ",7,"Other Mobile Team 1                                             ","Kirkconnell Correctional Centre","Sunny Corner Rd","","","KIRKCONNELL","NSW","2795","-33.41725","149.84166",1106021,141637,"",01/05/2025,01/05/2025,"9:30","14:30"
"2","NSW","Calare                          ",7,"Other Mobile Team 2                                             ","Bathurst Correctional Centre","Cnr Browning St & Brookmoore Ave","","","BATHURST","NSW","2795","-33.417782","149.558151",1161220,141638,"Area Two",28/04/2025,28/04/2025,"9:30","14:30"
"2","NSW","Calare                          ",7,"Other Mobile Team 2                                             ","Bathurst Correctional Centre","Cnr Browning St & Brookmoore Ave","","","BATHURST","NSW","2795","-33.417782","149.558151",1161220,141638,"Area Two",29/04/2025,29/04/2025,"9:30","14:30"
"2","NSW","Calare                          ",7,"Other Mobile Team 2                                             ","Lithgow Correctional Centre","596 Great Western Hwy","","","MARRANGAROO","NSW","2790","-33.42983","150.11856",1107031,141639,"Area One",30/04/2025,30/04/2025,"10:00","14:30"
"2","NSW","Calare                          ",7,"Other Mobile Team 3                                             ","Bathurst Correctional Centre","Cnr Browning St & Brookmoore Ave","","","BATHURST","NSW","2795","-33.417782","149.558151",1161220,141638,"Area Three",28/04/2025,28/04/2025,"9:30","14:30"
"2","NSW","Calare                          ",7,"Other Mobile Team 3                                             ","Bathurst Correctional Centre","Cnr Browning St & Brookmoore Ave","","","BATHURST","NSW","2795","-33.417782","149.558151",1161220,141638,"Area Three",29/04/2025,29/04/2025,"9:30","14:30"
"2","NSW","Calare                          ",7,"Other Mobile Team 3                                             ","Lithgow Correctional Centre","596 Great Western Hwy","","","MARRANGAROO","NSW","2790","-33.42983","150.11856",1107031,141639,"Area Two",30/04/2025,30/04/2025,"10:00","14:30"
"2","NSW","Calare                          ",7,"Other Mobile Team 4                                             ","Wellington Correctional Centre","Mudgee-Goolma Rd","","","WELLINGTON","NSW","2820","-32.47809","148.98727",1110616,141640,"",23/04/2025,23/04/2025,"10:00","14:30"
"2","NSW","Calare                          ",7,"Other Mobile Team 4                                             ","Wellington Correctional Centre","Mudgee-Goolma Rd","","","WELLINGTON","NSW","2820","-32.47809","148.98727",1110616,141640,"",24/04/2025,24/04/2025,"10:00","14:30"
"2","NSW","Calare                          ",7,"Other Mobile Team 5                                             ","Macquarie Correction Centre (Wellington)","Mudgee-Goolma Rd","","","WELLINGTON","NSW","2820","-32.47809","148.98727",1110616,141642,"",23/04/2025,23/04/2025,"10:00","14:30"
"2","NSW","Calare                          ",7,"Other Mobile Team 5                                             ","Macquarie Correction Centre (Wellington)","Mudgee-Goolma Rd","","","WELLINGTON","NSW","2820","-32.47809","148.98727",1110616,141642,"",24/04/2025,24/04/2025,"10:00","14:30"
"2","NSW","Calare                          ",7,"Special Hospital Team 1                                         ","Ascott Gardens","83 Spring St","","","ORANGE","NSW","2800","-33.280668","149.113872",1107724,12193,"",28/04/2025,28/04/2025,"9:30","12:45"
"2","NSW","Calare                          ",7,"Special Hospital Team 1                                         ","Benjamin Short Grove ","130 Huntley Rd","","","ORANGE","NSW","2800","-33.31588198","149.10040035",1107739,122583,"",28/04/2025,28/04/2025,"14:45","16:00"
"2","NSW","Calare                          ",7,"Special Hospital Team 1                                         ","Blayney Multi-Purpose Health Service","Littlewood House","1-3 Osman St","","BLAYNEY","NSW","2799","-33.53788","149.25061",1107606,122609,"",29/04/2025,29/04/2025,"10:00","11:30"
"2","NSW","Calare                          ",7,"Special Hospital Team 1                                         ","Calare Aged Care","124-128 March St","","","ORANGE","NSW","2800","-33.2798813946317","149.10045108525",1107705,122000,"",30/04/2025,30/04/2025,"9:30","12:30"
"2","NSW","Calare                          ",7,"Special Hospital Team 1                                         ","Gosling Creek Aged Care","1503 Forest Rd","","","ORANGE","NSW","2800","-33.3163987039674","149.089606882391",1107739,72651,"",24/04/2025,24/04/2025,"9:30","13:00"
"2","NSW","Calare                          ",7,"Special Hospital Team 1                                         ","Orange Health Service - Mental Health Unit","1530 Forest Rd","","","ORANGE","NSW","2800","-33.31703","149.09392",1107739,141856,"",24/04/2025,24/04/2025,"15:00","17:00"
"2","NSW","Calare                          ",7,"Special Hospital Team 1                                         ","Orange Health Service - Mental Health Unit","1530 Forest Rd","","","ORANGE","NSW","2800","-33.31703","149.09392",1107739,141856,"",01/05/2025,01/05/2025,"13:00","15:00"
"2","NSW","Calare                          ",7,"Special Hospital Team 1                                         ","St Francis Aged Care","85-89 Clinton St","","","ORANGE","NSW","2800","-33.279079","149.090901",1107702,12208,"",23/04/2025,23/04/2025,"14:15","16:45"
"2","NSW","Calare                          ",7,"Special Hospital Team 1                                         ","Wontama Village","30-38 Byng St","","","ORANGE","NSW","2800","-33.2808101937745","149.090283426581",1107702,12211,"",22/04/2025,22/04/2025,"12:30","17:30"
"2","NSW","Calare                          ",7,"Special Hospital Team 1                                         ","Wontama Village","30-38 Byng St","","","ORANGE","NSW","2800","-33.2808101937745","149.090283426581",1107702,12211,"",22/04/2025,22/04/2025,"9:30","12:00"
"2","NSW","Calare                          ",7,"Special Hospital Team 2                                         ","Maranatha House","127-137 Whiteley St","","","WELLINGTON","NSW","2820","-32.548927","148.952818",1110621,122615,"",23/04/2025,23/04/2025,"10:15","12:15"
"2","NSW","Calare                          ",7,"Special Hospital Team 2                                         ","Maranatha House","127-137 Whiteley St","","","WELLINGTON","NSW","2820","-32.548927","148.952818",1110621,122615,"",23/04/2025,23/04/2025,"13:15","15:30"
"2","NSW","Calare                          ",7,"Special Hospital Team 2                                         ","Molong Hospital - RACF","District Hosp - Yuranigh","122-140 King St","","MOLONG","NSW","2866","-33.08776706","148.86021935",1107921,127011,"",22/04/2025,22/04/2025,"10:00","11:15"
"2","NSW","Calare                          ",7,"Special Hospital Team 2                                         ","Moyne Aged Care Facility","161 Nangar Rd","","","CANOWINDRA","NSW","2804","-33.5618759983048","148.644769386681",1106407,125166,"",24/04/2025,24/04/2025,"14:45","16:00"
"2","NSW","Calare                          ",7,"Special Hospital Team 2                                         ","Orange Grove Care Community","152 Sieben Dr","","","ORANGE","NSW","2800","-33.27109477","149.07711705",1107820,122597,"",28/04/2025,28/04/2025,"13:15","15:30"
"2","NSW","Calare                          ",7,"Special Hospital Team 2                                         ","Orange Grove Care Community","152 Sieben Dr","","","ORANGE","NSW","2800","-33.27109477","149.07711705",1107820,122597,"",28/04/2025,28/04/2025,"9:30","12:15"
"2","NSW","Calare                          ",7,"Special Hospital Team 2                                         ","Prunus Lodge","12 Bells La","","","MOLONG","NSW","2866","-33.0922899","148.8712315",1107920,122612,"",22/04/2025,22/04/2025,"13:15","14:15"
"2","NSW","Calare                          ",7,"Special Hospital Team 2                                         ","UPA - Yeoval Aged Care Services","3-7 Lord St","","","YEOVAL","NSW","2868","-32.7503002","148.6498586",1110612,122618,"",24/04/2025,24/04/2025,"10:15","11:45"
"2","NSW","Calare                          ",7,"Special Hospital Team 2                                         ","Uralba Roshana Care","5 Eulamore St","","","CARCOAR","NSW","2791","-33.6169942505148","149.141820938537",1107611,126247,"",29/04/2025,29/04/2025,"10:00","11:15"
"2","NSW","Calare                          ",7,"Special Hospital Team 3                                         ","Columbia Aged Care - Oberon Centre","115 Albion St","","","OBERON","NSW","2787","-33.70154348","149.8718985",1106112,122644,"",24/04/2025,24/04/2025,"13:30","15:30"
"2","NSW","Calare                          ",7,"Special Hospital Team 3                                         ","Oberon Multipurpose Health Service","67-75 North St","","","OBERON","NSW","2787","-33.7053965727124","149.85312904539",1106117,72667,"",24/04/2025,24/04/2025,"10:45","11:30"
"2","NSW","Calare                          ",7,"Special Hospital Team 3                                         ","Respect Cooinda Nursing Home","38 Maple Cres","","","LITHGOW","NSW","2790","-33.481811018616","150.163171949418",1107005,122630,"",22/04/2025,22/04/2025,"10:00","12:00"
"2","NSW","Calare                          ",7,"Special Hospital Team 3                                         ","Respect Cooinda Nursing Home","38 Maple Cres","","","LITHGOW","NSW","2790","-33.481811018616","150.163171949418",1107005,122630,"",22/04/2025,22/04/2025,"13:00","14:30"
"2","NSW","Calare                          ",7,"Special Hospital Team 3                                         ","Three Tree Lodge","2A Col Drewe Dr","","","BOWENFELS","NSW","2790","-33.498351","150.126518",1107008,51922,"",23/04/2025,23/04/2025,"10:00","11:30"
"2","NSW","Calare                          ",7,"Special Hospital Team 4                                         ","Bathurst Riverview Care Community","93 Stanley St","","","BATHURST","NSW","2795","-33.4061756667891","149.580693081636",1161202,12194,"",23/04/2025,23/04/2025,"10:00","12:00"
"2","NSW","Calare                          ",7,"Special Hospital Team 4                                         ","Bathurst Riverview Care Community","93 Stanley St","","","BATHURST","NSW","2795","-33.4061756667891","149.580693081636",1161202,12194,"",23/04/2025,23/04/2025,"13:00","17:30"
"2","NSW","Calare                          ",7,"Special Hospital Team 4                                         ","Macquarie Care Centre","8 Gormans Hill Rd","","","GORMANS HILL","NSW","2795","-33.4303394479356","149.591927347051",1161212,12200,"",24/04/2025,24/04/2025,"10:00","12:00"
"2","NSW","Calare                          ",7,"Special Hospital Team 4                                         ","RFBI Bathurst Masonic Village","200 Stewart St","","","BATHURST","NSW","2795","-33.416160996134","149.572343911589",1161216,51923,"",24/04/2025,24/04/2025,"14:00","16:00"
"2","NSW","Calare                          ",7,"Special Hospital Team 4                                         ","St Catherines Residential Aged Care","51 Gormans Hill Rd","","","GORMANS HILL","NSW","2795","-33.4355001876753","149.588516336898",1161210,71494,"",28/04/2025,28/04/2025,"10:00","12:00"
"2","NSW","Calare                          ",7,"Special Hospital Team 4                                         ","St Catherines Residential Aged Care","51 Gormans Hill Rd","","","GORMANS HILL","NSW","2795","-33.4355001876753","149.588516336898",1161210,71494,"",28/04/2025,28/04/2025,"13:00","17:00"
"2","NSW","Calare                          ",7,"Special Hospital Team 4                                         ","The Whiddon Group Hostel Kelso","15 Ilumba Way","","","KELSO","NSW","2795","-33.4072094095748","149.612643096967",1105918,33079,"",22/04/2025,22/04/2025,"10:00","12:00"
"2","NSW","Calare                          ",7,"Special Hospital Team 4                                         ","The Whiddon Group Hostel Kelso","15 Ilumba Way","","","KELSO","NSW","2795","-33.4072094095748","149.612643096967",1105918,33079,"",22/04/2025,22/04/2025,"13:00","15:45"
"2","NSW","Calare                          ",7,"Special Hospital Team 5                                         ","ADA Cottage","93 Angus Ave","","","KANDOS","NSW","2848","-32.85821","149.97944",1107308,122622,"",28/04/2025,28/04/2025,"10:30","11:30"
"2","NSW","Calare                          ",7,"Special Hospital Team 5                                         ","Kanandah Residential Accommodation","21 Douro St","","","MUDGEE","NSW","2850","-32.5937603513329","149.584205360566",1107210,122647,"",24/04/2025,24/04/2025,"10:00","12:00"
"2","NSW","Calare                          ",7,"Special Hospital Team 5                                         ","Mudgee Grove Care Community","3 Menchin St","","","MUDGEE","NSW","2850","-32.592015","149.571788",1107204,62815,"",22/04/2025,22/04/2025,"13:45","16:00"
"2","NSW","Calare                          ",7,"Special Hospital Team 5                                         ","Rylstone Multi Purpose Service","24 Fitzgerald St","","","RYLSTONE","NSW","2849","-32.797121","149.9692936",1107303,104843,"",28/04/2025,28/04/2025,"13:30","16:00"
"2","NSW","Calare                          ",7,"Special Hospital Team 5                                         ","Wenonah Lodge","27-31 Mayne St","","","GULGONG","NSW","2852","-32.3651820660086","149.541730193997",1107403,122625,"",22/04/2025,22/04/2025,"10:15","12:00"
"2","NSW","Calare                          ",7,"Special Hospital Team 5                                         ","Whiddon Group Mudgee","44 Court St","","","MUDGEE","NSW","2850","-32.5935317609566","149.579893041187",1107201,122628,"",23/04/2025,23/04/2025,"10:00","12:00"
"2","NSW","Calare                          ",7,"Special Hospital Team 5                                         ","Whiddon Group Mudgee","44 Court St","","","MUDGEE","NSW","2850","-32.5935317609566","149.579893041187",1107201,122628,"",23/04/2025,23/04/2025,"13:00","16:00"
"2","NSW","Chifley                         ",8,"Special Hospital Team 1                                         ","Calvary Henley Manor","84 Earle St","","","DOONSIDE","NSW","2767","-33.76085558","150.86570733",1130638,122062,"",23/04/2025,23/04/2025,"14:00","16:00"
"2","NSW","Chifley                         ",8,"Special Hospital Team 1                                         ","Melva McDonald Lodge","11 Mavis St","","","ROOTY HILL","NSW","2766","-33.771915","150.846393",1131951,122063,"",22/04/2025,22/04/2025,"9:30","13:30"
"2","NSW","Chifley                         ",8,"Special Hospital Team 1                                         ","Southern Cross Care Plumpton","122 Hyatts Rd","","","PLUMPTON","NSW","2761","-33.745152","150.834193",1131536,122064,"",24/04/2025,24/04/2025,"9:30","14:30"
"2","NSW","Chifley                         ",8,"Special Hospital Team 1                                         ","St Elizabeth Home Aged Care Facility","1 Symonds Rd","","","DEAN PARK","NSW","2761","-33.7388472437708","150.862207756668",1131416,12438,"",23/04/2025,23/04/2025,"9:00","12:00"
"2","NSW","Chifley                         ",8,"Special Hospital Team 1                                         ","St Simeon Village & Healthcare","261 Hyatts Rd","","","PLUMPTON","NSW","2761","-33.75107535","150.83339725",1131501,122065,"",28/04/2025,28/04/2025,"9:30","12:30"
"2","NSW","Cook                            ",9,"Special Hospital Team 1                                         ","Alkira Gardens Aged Care","2 Animbo St","","","MIRANDA","NSW","2228","-34.039311","151.100565",1153034,121834,"",28/04/2025,28/04/2025,"9:30","12:30"
"2","NSW","Cook                            ",9,"Special Hospital Team 1                                         ","Carino Care Sylvania","406 Princes Hwy","","","SYLVANIA","NSW","2224","-34.022928","151.089971",1153133,141844,"",23/04/2025,23/04/2025,"14:30","15:30"
"2","NSW","Cook                            ",9,"Special Hospital Team 1                                         ","Catholic Healthcare Percy Miles Villa","227 Forest Rd","","","KIRRAWEE","NSW","2232","-34.0400636754234","151.073627426318",1153806,12260,"",28/04/2025,28/04/2025,"15:30","17:30"
"2","NSW","Cook                            ",9,"Special Hospital Team 1                                         ","IBIS Care Miranda","2C Karimbla Rd","","","MIRANDA","NSW","2228","-34.03917206","151.11419564",1160226,121992,"",22/04/2025,22/04/2025,"9:30","13:00"
"2","NSW","Cook                            ",9,"Special Hospital Team 1                                         ","Jesmond Miranda","268 Port Hacking Rd","","","MIRANDA","NSW","2228","-34.0316288","151.1086994",1153004,71270,"",24/04/2025,24/04/2025,"9:30","10:30"
"2","NSW","Cook                            ",9,"Special Hospital Team 1                                         ","Juliana Village","58 Miranda Rd","","","MIRANDA","NSW","2228","-34.0363195185758","151.107832471891",1153047,12254,"",23/04/2025,23/04/2025,"9:30","12:30"
"2","NSW","Cook                            ",9,"Special Hospital Team 1                                         ","St. Basil's Miranda","29H Wandella Rd","","","MIRANDA","NSW","2228","-34.030451057659","151.098412764036",1153026,49720,"",01/05/2025,01/05/2025,"9:30","13:30"
"2","NSW","Cook                            ",9,"Special Hospital Team 1                                         ","Sutherland Hospital - Mental Health Unit","Kingsway","","","CARINGBAH ","NSW","2229","-34.036885","151.114984",1160223,141845,"",24/04/2025,24/04/2025,"12:30","13:30"
"2","NSW","Cook                            ",9,"Special Hospital Team 2                                         ","Anglicare Bay Breeze","25F Bay Rd","","","TAREN POINT","NSW","2229","-34.0211949","151.12748114",1153123,125744,"",24/04/2025,24/04/2025,"13:30","17:00"
"2","NSW","Cook                            ",9,"Special Hospital Team 2                                         ","Bupa Sutherland","42 Auburn St","","","SUTHERLAND","NSW","2232","-34.0304678","151.0660135",1153842,122094,"",29/04/2025,29/04/2025,"9:30","13:30"
"2","NSW","Cook                            ",9,"Special Hospital Team 2                                         ","Goodhew Gardens Hostel","2 Alexander Ave","","","TAREN POINT","NSW","2229","-34.0201087401288","151.125743841487",1153123,41972,"",24/04/2025,24/04/2025,"9:30","12:30"
"2","NSW","Cook                            ",9,"Special Hospital Team 2                                         ","IRT Thomas Holt Kirrawee","1-25 Acacia Rd","","","KIRRAWEE","NSW","2232","-34.0214136447618","151.067905019641",1153835,50657,"",28/04/2025,28/04/2025,"9:30","14:00"
"2","NSW","Cook                            ",9,"Special Hospital Team 2                                         ","Mildred Symons House Anglicare","15 Lenna Pl","","","JANNALI","NSW","2226","-34.0210849","151.0654177",1153643,63526,"",01/05/2025,01/05/2025,"9:30","11:30"
"2","NSW","Cook                            ",9,"Special Hospital Team 2                                         ","Moran Sylvania","29 Sylvania Rd","","","SYLVANIA","NSW","2224","-34.0185824","151.0949315",1153134,71269,"",30/04/2025,30/04/2025,"10:00","13:00"
"2","NSW","Cook                            ",9,"Special Hospital Team 2                                         ","Pathways Cronulla Pines","31-35 Sturt Rd","","","CRONULLA","NSW","2230","-34.042213","151.14755",1160424,121835,"",22/04/2025,22/04/2025,"9:30","14:00"
"2","NSW","Cook                            ",9,"Special Hospital Team 2                                         ","Stella Maris Nursing Home","6 Coast Ave","","","CRONULLA","NSW","2230","-34.0616351","151.1555167",1160415,12262,"",23/04/2025,23/04/2025,"9:30","13:30"
"2","NSW","Cook                            ",9,"Special Hospital Team 2                                         ","The Palms Nursing Home","454 President Ave","","","KIRRAWEE","NSW","2232","-34.03634249","151.07211619",1153816,121993,"",29/04/2025,29/04/2025,"14:00","15:30"
"2","NSW","Cowper                          ",10,"Other Mobile Team 1                                             ","Mid North Coast Correctional Centre","370 Aldavilla Rd","","","ALDAVILLA","NSW","2440","-31.06921181","152.75248072",1115535,141447,"Area One",22/04/2025,22/04/2025,"11:00","13:30"
"2","NSW","Cowper                          ",10,"Other Mobile Team 1                                             ","Mid North Coast Correctional Centre","370 Aldavilla Rd","","","ALDAVILLA","NSW","2440","-31.06921181","152.75248072",1115535,141447,"Area One",22/04/2025,22/04/2025,"14:00","15:00"
"2","NSW","Cowper                          ",10,"Other Mobile Team 1                                             ","Mid North Coast Correctional Centre","370 Aldavilla Rd","","","ALDAVILLA","NSW","2440","-31.06921181","152.75248072",1115535,141447,"Area One",23/04/2025,23/04/2025,"11:00","13:30"
"2","NSW","Cowper                          ",10,"Other Mobile Team 1                                             ","Mid North Coast Correctional Centre","370 Aldavilla Rd","","","ALDAVILLA","NSW","2440","-31.06921181","152.75248072",1115535,141447,"Area One",23/04/2025,23/04/2025,"14:00","15:00"
"2","NSW","Cowper                          ",10,"Other Mobile Team 1                                             ","Mid North Coast Correctional Centre","370 Aldavilla Rd","","","ALDAVILLA","NSW","2440","-31.06921181","152.75248072",1115535,141447,"Area One",24/04/2025,24/04/2025,"11:00","13:30"
"2","NSW","Cowper                          ",10,"Other Mobile Team 1                                             ","Mid North Coast Correctional Centre","370 Aldavilla Rd","","","ALDAVILLA","NSW","2440","-31.06921181","152.75248072",1115535,141447,"Area One",24/04/2025,24/04/2025,"14:00","15:00"
"2","NSW","Cowper                          ",10,"Other Mobile Team 1                                             ","Mid North Coast Correctional Centre","370 Aldavilla Rd","","","ALDAVILLA","NSW","2440","-31.06921181","152.75248072",1115535,141447,"Area One",28/04/2025,28/04/2025,"11:00","13:30"
"2","NSW","Cowper                          ",10,"Other Mobile Team 1                                             ","Mid North Coast Correctional Centre","370 Aldavilla Rd","","","ALDAVILLA","NSW","2440","-31.06921181","152.75248072",1115535,141447,"Area One",28/04/2025,28/04/2025,"14:00","15:00"
"2","NSW","Cowper                          ",10,"Other Mobile Team 2                                             ","Mid North Coast Correctional Centre","370 Aldavilla Rd","","","ALDAVILLA","NSW","2440","-31.06921181","152.75248072",1115535,141448,"Area Two",22/04/2025,22/04/2025,"11:00","13:30"
"2","NSW","Cowper                          ",10,"Other Mobile Team 2                                             ","Mid North Coast Correctional Centre","370 Aldavilla Rd","","","ALDAVILLA","NSW","2440","-31.06921181","152.75248072",1115535,141448,"Area Two",22/04/2025,22/04/2025,"14:00","15:00"
"2","NSW","Cowper                          ",10,"Other Mobile Team 2                                             ","Mid North Coast Correctional Centre","370 Aldavilla Rd","","","ALDAVILLA","NSW","2440","-31.06921181","152.75248072",1115535,141448,"Area Two",23/04/2025,23/04/2025,"11:00","13:30"
"2","NSW","Cowper                          ",10,"Other Mobile Team 2                                             ","Mid North Coast Correctional Centre","370 Aldavilla Rd","","","ALDAVILLA","NSW","2440","-31.06921181","152.75248072",1115535,141448,"Area Two",23/04/2025,23/04/2025,"14:00","15:00"
"2","NSW","Cowper                          ",10,"Other Mobile Team 2                                             ","Mid North Coast Correctional Centre","370 Aldavilla Rd","","","ALDAVILLA","NSW","2440","-31.06921181","152.75248072",1115535,141448,"Area Two",24/04/2025,24/04/2025,"11:00","13:30"
"2","NSW","Cowper                          ",10,"Other Mobile Team 2                                             ","Mid North Coast Correctional Centre","370 Aldavilla Rd","","","ALDAVILLA","NSW","2440","-31.06921181","152.75248072",1115535,141448,"Area Two",24/04/2025,24/04/2025,"14:00","15:00"
"2","NSW","Cowper                          ",10,"Other Mobile Team 3                                             ","Mid North Coast Correctional Centre","370 Aldavilla Rd","","","ALDAVILLA","NSW","2440","-31.06921181","152.75248072",1115535,141447,"Area Three",22/04/2025,22/04/2025,"11:00","13:30"
"2","NSW","Cowper                          ",10,"Other Mobile Team 3                                             ","Mid North Coast Correctional Centre","370 Aldavilla Rd","","","ALDAVILLA","NSW","2440","-31.06921181","152.75248072",1115535,141447,"Area Three",22/04/2025,22/04/2025,"14:00","15:00"
"2","NSW","Cowper                          ",10,"Other Mobile Team 3                                             ","Mid North Coast Correctional Centre","370 Aldavilla Rd","","","ALDAVILLA","NSW","2440","-31.06921181","152.75248072",1115535,141447,"Area Three",23/04/2025,23/04/2025,"11:00","13:30"
"2","NSW","Cowper                          ",10,"Other Mobile Team 3                                             ","Mid North Coast Correctional Centre","370 Aldavilla Rd","","","ALDAVILLA","NSW","2440","-31.06921181","152.75248072",1115535,141447,"Area Three",23/04/2025,23/04/2025,"14:00","15:00"
"2","NSW","Cowper                          ",10,"Other Mobile Team 3                                             ","Mid North Coast Correctional Centre","370 Aldavilla Rd","","","ALDAVILLA","NSW","2440","-31.06921181","152.75248072",1115535,141447,"Area Three",24/04/2025,24/04/2025,"11:00","13:30"
"2","NSW","Cowper                          ",10,"Other Mobile Team 3                                             ","Mid North Coast Correctional Centre","370 Aldavilla Rd","","","ALDAVILLA","NSW","2440","-31.06921181","152.75248072",1115535,141447,"Area Three",24/04/2025,24/04/2025,"14:00","15:00"
"2","NSW","Cowper                          ",10,"Special Hospital Team 1                                         ","Calvary The Brelsford","45 Victoria St","","","COFFS HARBOUR","NSW","2450","-30.30529","153.125732",1108524,12270,"",22/04/2025,22/04/2025,"13:00","13:30"
"2","NSW","Cowper                          ",10,"Special Hospital Team 1                                         ","Calvary The Brelsford","45 Victoria St","","","COFFS HARBOUR","NSW","2450","-30.30529","153.125732",1108524,12270,"",22/04/2025,22/04/2025,"9:30","12:30"
"2","NSW","Cowper                          ",10,"Special Hospital Team 1                                         ","Catholic Healthcare St Joseph's Aged Care Coffs Harbour","37 Azalea Ave","","","COFFS HARBOUR","NSW","2450","-30.298755","153.106392",1108511,12274,"",24/04/2025,24/04/2025,"14:30","16:30"
"2","NSW","Cowper                          ",10,"Special Hospital Team 1                                         ","Coffs Harbour Grange Care Community","50 Lakes Dr","","","NORTH BOAMBEE VALLEY","NSW","2450","-30.306297","153.092368",1108502,62770,"",29/04/2025,29/04/2025,"13:00","14:30"
"2","NSW","Cowper                          ",10,"Special Hospital Team 1                                         ","Coffs Harbour Grange Care Community","50 Lakes Dr","","","NORTH BOAMBEE VALLEY","NSW","2450","-30.306297","153.092368",1108502,62770,"",29/04/2025,29/04/2025,"9:30","12:30"
"2","NSW","Cowper                          ",10,"Special Hospital Team 1                                         ","Coffs Harbour Legacy Nursing Home","55 Victoria St","","","COFFS HARBOUR","NSW","2450","-30.3059153070961","153.126497634054",1108510,12271,"",23/04/2025,23/04/2025,"14:30","16:00"
"2","NSW","Cowper                          ",10,"Special Hospital Team 1                                         ","Fresh Hope Care Coffs Harbour","18 Sand St","","","NORTH BOAMBEE VALLEY","NSW","2450","-30.30898","153.09762",1108512,36850,"",30/04/2025,30/04/2025,"12:00","13:30"
"2","NSW","Cowper                          ",10,"Special Hospital Team 1                                         ","Fresh Hope Care Coffs Harbour","18 Sand St","","","NORTH BOAMBEE VALLEY","NSW","2450","-30.30898","153.09762",1108512,36850,"",30/04/2025,30/04/2025,"9:30","11:30"
"2","NSW","Cowper                          ",10,"Special Hospital Team 1                                         ","Mater Christi Aged Care Facility","3 Marian Pl","","","TOORMINA","NSW","2452","-30.3480352036648","153.089291272941",1108909,35020,"",24/04/2025,24/04/2025,"9:30","12:30"
"2","NSW","Cowper                          ",10,"Special Hospital Team 1                                         ","RFBI Coffs Harbour Masonic Village","33A Mackays Rd","","","COFFS HARBOUR","NSW","2450","-30.27706","153.10397",1108441,42055,"",23/04/2025,23/04/2025,"9:30","12:30"
"2","NSW","Cowper                          ",10,"Special Hospital Team 1                                         ","The Shoreline","41 York St","","","COFFS HARBOUR","NSW","2450","-30.28207","153.13511",1108436,122942,"",28/04/2025,28/04/2025,"13:00","14:30"
"2","NSW","Cowper                          ",10,"Special Hospital Team 1                                         ","The Shoreline","41 York St","","","COFFS HARBOUR","NSW","2450","-30.28207","153.13511",1108436,122942,"",28/04/2025,28/04/2025,"9:30","12:30"
"2","NSW","Cowper                          ",10,"Special Hospital Team 2                                         ","Autumn Lodge Hostel","1-3 Short St","","","MACKSVILLE","NSW","2447","-30.71194","152.92013",1115710,106167,"",22/04/2025,22/04/2025,"13:00","14:00"
"2","NSW","Cowper                          ",10,"Special Hospital Team 2                                         ","Coffs Harbour Acute Mental Health Unit","345 Pacific Hwy","","","COFFS HARBOUR","NSW","2450","-30.3171","153.0935",1108520,141676,"",30/04/2025,30/04/2025,"13:00","14:00"
"2","NSW","Cowper                          ",10,"Special Hospital Team 2                                         ","Coffs Harbour Health Campus","345 Pacific Hwy","","","COFFS HARBOUR","NSW","2450","-30.317193","153.092782",1108520,141674,"",24/04/2025,24/04/2025,"13:30","16:30"
"2","NSW","Cowper                          ",10,"Special Hospital Team 2                                         ","Coffs Harbour Health Campus","345 Pacific Hwy","","","COFFS HARBOUR","NSW","2450","-30.317193","153.092782",1108520,141674,"",24/04/2025,24/04/2025,"9:30","13:00"
"2","NSW","Cowper                          ",10,"Special Hospital Team 2                                         ","Coffs Harbour Health Campus","345 Pacific Hwy","","","COFFS HARBOUR","NSW","2450","-30.317193","153.092782",1108520,141674,"",28/04/2025,28/04/2025,"13:30","16:30"
"2","NSW","Cowper                          ",10,"Special Hospital Team 2                                         ","Coffs Harbour Health Campus","345 Pacific Hwy","","","COFFS HARBOUR","NSW","2450","-30.317193","153.092782",1108520,141674,"",28/04/2025,28/04/2025,"9:30","13:00"
"2","NSW","Cowper                          ",10,"Special Hospital Team 2                                         ","Coffs Harbour Health Campus","345 Pacific Hwy","","","COFFS HARBOUR","NSW","2450","-30.317193","153.092782",1108520,141674,"",29/04/2025,29/04/2025,"13:30","16:30"
"2","NSW","Cowper                          ",10,"Special Hospital Team 2                                         ","Coffs Harbour Health Campus","345 Pacific Hwy","","","COFFS HARBOUR","NSW","2450","-30.317193","153.092782",1108520,141674,"",29/04/2025,29/04/2025,"9:30","13:00"
"2","NSW","Cowper                          ",10,"Special Hospital Team 2                                         ","Coffs Harbour Health Campus","345 Pacific Hwy","","","COFFS HARBOUR","NSW","2450","-30.317193","153.092782",1108520,141674,"",30/04/2025,30/04/2025,"9:30","11:30"
"2","NSW","Cowper                          ",10,"Special Hospital Team 2                                         ","North Coast Mental Health Rehabilitation Unit Coffs Harbour","Coffs Harbour Hospital","345 Pacific Hwy ","","COFFS HARBOUR","NSW","2450","-30.3175","153.09405",1108520,141677,"",30/04/2025,30/04/2025,"15:00","16:00"
"2","NSW","Cowper                          ",10,"Special Hospital Team 2                                         ","RFBI Bellingen Masonic Village","15-23 Watson St","","","BELLINGEN","NSW","2454","-30.4557107","152.8969376",1108316,12269,"",23/04/2025,23/04/2025,"14:00","15:30"
"2","NSW","Cowper                          ",10,"Special Hospital Team 2                                         ","RFBI Raleigh Urunga Masonic Village","191 Old Pacific Hwy","","","RALEIGH","NSW","2454","-30.47074","153.00516",1109015,90467,"",23/04/2025,23/04/2025,"9:30","12:00"
"2","NSW","Cowper                          ",10,"Special Hospital Team 2                                         ","Uniting Pacifica Nambucca Heads","11 Short St","","","NAMBUCCA HEADS","NSW","2448","-30.6411004574121","153.005156793967",1115819,70466,"",22/04/2025,22/04/2025,"9:30","11:00"
"2","NSW","Cowper                          ",10,"Special Hospital Team 3                                         ","Booroongen Djugun Community Care Service","337-351 River St","","","GREENHILL","NSW","2440","-31.057618695963374","152.794323",1115522,33209,"",24/04/2025,24/04/2025,"9:30","12:00"
"2","NSW","Cowper                          ",10,"Special Hospital Team 3                                         ","Bupa Kempsey","71-97 Cochrane St","","","WEST KEMPSEY","NSW","2440","-31.05900558","152.8298531",1115516,49808,"",23/04/2025,23/04/2025,"9:30","11:00"
"2","NSW","Cowper                          ",10,"Special Hospital Team 3                                         ","Calvary The Mariner","108-110 Gregory St","","","SOUTH WEST ROCKS","NSW","2431","-30.8950311","153.0403544",1116004,70467,"",22/04/2025,22/04/2025,"10:00","12:00"
"2","NSW","Cowper                          ",10,"Special Hospital Team 3                                         ","Cedar Place Aged Care Facility","58 Cochrane St","","","WEST KEMPSEY","NSW","2440","-31.0612811","152.8291005",1115519,32664,"",24/04/2025,24/04/2025,"14:00","16:00"
"2","NSW","Cowper                          ",10,"Special Hospital Team 3                                         ","Durri Aboriginal Corporation Medical Service","15-19 York Lane","","","KEMPSEY","NSW","2440","-31.07943783","152.84315959",1115538,141686,"",23/04/2025,23/04/2025,"13:00","16:00"
"2","NSW","Cowper                          ",10,"Special Hospital Team 3                                         ","Kempsey Mental Health Unit","119 River St","","","KEMPSEY","NSW","2440","-31.06773799","152.82080859",1115520,141679,"",29/04/2025,29/04/2025,"9:30","10:30"
"2","NSW","Cowper                          ",10,"Special Hospital Team 3                                         ","Riverside Gardens Nursing Care Centre","20 Riverside Dr","","","NAMBUCCA HEADS","NSW","2448","-30.6476994","152.9975678",1115817,42046,"",29/04/2025,29/04/2025,"13:00","15:00"
"2","NSW","Cowper                          ",10,"Special Hospital Team 3                                         ","Roshana Macleay Valley Aged Care","80-114 Macleay St","","","FREDERICKTON","NSW","2440","-31.0373032368554","152.870116167508",1115527,70468,"",28/04/2025,28/04/2025,"9:30","11:30"
"2","NSW","Cowper                          ",10,"Special Hospital Team 3                                         ","Vincent Court","88 Leith St","","","WEST KEMPSEY","NSW","2440","-31.061253","152.826331",1115517,12275,"",28/04/2025,28/04/2025,"13:30","15:30"
"2","NSW","Cowper                          ",10,"Special Hospital Team 4                                         ","Bethany Aged Care plus Centre","2-6 Gray St","","","PORT MACQUARIE","NSW","2444","-31.4366706342716","152.914646747799",1162007,13724,"",23/04/2025,23/04/2025,"14:00","16:00"
"2","NSW","Cowper                          ",10,"Special Hospital Team 4                                         ","Emmaus","16 Colonel Barney Dr","","","PORT MACQUARIE","NSW","2444","-31.4645532822188","152.892056056893",1162027,40857,"",28/04/2025,28/04/2025,"13:00","15:30"
"2","NSW","Cowper                          ",10,"Special Hospital Team 4                                         ","Emmaus","16 Colonel Barney Dr","","","PORT MACQUARIE","NSW","2444","-31.4645532822188","152.892056056893",1162027,40857,"",28/04/2025,28/04/2025,"9:30","12:30"
"2","NSW","Cowper                          ",10,"Special Hospital Team 4                                         ","Emmaus","16 Colonel Barney Dr","","","PORT MACQUARIE","NSW","2444","-31.4645532822188","152.892056056893",1162027,40857,"",29/04/2025,29/04/2025,"9:30","11:30"
"2","NSW","Cowper                          ",10,"Special Hospital Team 4                                         ","Garden Village Port Macquarie ","7 Garden Cres","","","PORT MACQUARIE","NSW","2444","-31.4341545424965","152.897083090385",1116456,34379,"",22/04/2025,22/04/2025,"13:30","15:00"
"2","NSW","Cowper                          ",10,"Special Hospital Team 4                                         ","Garden Village Port Macquarie ","7 Garden Cres","","","PORT MACQUARIE","NSW","2444","-31.4341545424965","152.897083090385",1116456,34379,"",22/04/2025,22/04/2025,"9:30","13:00"
"2","NSW","Cowper                          ",10,"Special Hospital Team 4                                         ","Garden Village Port Macquarie ","7 Garden Cres","","","PORT MACQUARIE","NSW","2444","-31.4341545424965","152.897083090385",1116456,34379,"",23/04/2025,23/04/2025,"9:30","12:00"
"2","NSW","Cowper                          ",10,"Special Hospital Team 4                                         ","Port Macquarie - Mental Health Unit","1-31 Wrights Rd","","","PORT MACQUARIE","NSW","2444","-31.45209491","152.87874255",1116426,141681,"",29/04/2025,29/04/2025,"13:30","14:30"
"2","NSW","Cowper                          ",10,"Special Hospital Team 4                                         ","St Agnes' Site","2 Lochinvar Pl","","","PORT MACQUARIE","NSW","2444","-31.45626","152.89862",1162020,13750,"",24/04/2025,24/04/2025,"9:30","11:30"
"2","NSW","Cowper                          ",10,"Special Hospital Team 4                                         ","Uniting Mingaletta Port Macquarie","7 Sherwood Rd","","","PORT MACQUARIE","NSW","2444","-31.448288720609","152.87714997101",1116443,71156,"",24/04/2025,24/04/2025,"13:30","16:00"
"2","NSW","Cowper                          ",10,"Special Hospital Team 5                                         ","Arthur Blackburn VC Gardens","821 Ocean Dr","","","PORT MACQUARIE","NSW","2444","-31.48994353","152.90341086",1162021,122947,"",24/04/2025,24/04/2025,"13:00","16:00"
"2","NSW","Cowper                          ",10,"Special Hospital Team 5                                         ","Arthur Blackburn VC Gardens","821 Ocean Dr","","","PORT MACQUARIE","NSW","2444","-31.48994353","152.90341086",1162021,122947,"",24/04/2025,24/04/2025,"9:30","12:30"
"2","NSW","Cowper                          ",10,"Special Hospital Team 5                                         ","Highfields Manor Port Macquarie","1 Highfields Crct","","","PORT MACQUARIE","NSW","2444","-31.453508","152.877209",1116426,122944,"",22/04/2025,22/04/2025,"13:00","14:00"
"2","NSW","Cowper                          ",10,"Special Hospital Team 5                                         ","Highfields Manor Port Macquarie","1 Highfields Crct","","","PORT MACQUARIE","NSW","2444","-31.453508","152.877209",1116426,122944,"",22/04/2025,22/04/2025,"9:30","12:30"
"2","NSW","Cowper                          ",10,"Special Hospital Team 5                                         ","Mary Knoll Hostel","Lochinvar Pl","","","PORT MACQUARIE","NSW","2444","-31.4564027","152.8990783",1162020,143569,"",29/04/2025,29/04/2025,"9:30","11:00"
"2","NSW","Cowper                          ",10,"Special Hospital Team 5                                         ","Mount Carmel House","Lochinvar Pl","","","PORT MACQUARIE","NSW","2444","-31.4564027","152.8990783",1162020,143570,"",29/04/2025,29/04/2025,"12:30","13:30"
"2","NSW","Cowper                          ",10,"Special Hospital Team 5                                         ","Regis Port Macquarie","10 Sherwood Rd","","","PORT MACQUARIE","NSW","2444","-31.4473192505483","152.87661425121",1116450,42053,"",23/04/2025,23/04/2025,"13:00","14:30"
"2","NSW","Cowper                          ",10,"Special Hospital Team 5                                         ","Regis Port Macquarie","10 Sherwood Rd","","","PORT MACQUARIE","NSW","2444","-31.4473192505483","152.87661425121",1116450,42053,"",23/04/2025,23/04/2025,"9:30","12:30"
"2","NSW","Cowper                          ",10,"Special Hospital Team 5                                         ","Sienna Grange Aged Care","28-32 John Oxley Dr","","","PORT MACQUARIE","NSW","2444","-31.45547698","152.87367992",1116451,122948,"",28/04/2025,28/04/2025,"9:30","13:00"
"2","NSW","Cunningham                      ",11,"Special Hospital Team 1                                         ","Eileen Armstrong House","20 Alice St","","","WOONONA","NSW","2517","-34.351398512405","150.909528918406",1115050,122114,"",22/04/2025,22/04/2025,"10:00","12:00"
"2","NSW","Cunningham                      ",11,"Special Hospital Team 1                                         ","Illawarra Diggers ","8 Blundell Pde","","","CORRIMAL","NSW","2518","-34.3668839","150.894648",1114505,122111,"",22/04/2025,22/04/2025,"14:00","16:00"
"2","NSW","Cunningham                      ",11,"Special Hospital Team 1                                         ","Uniting Farmborough Unanderra","91 Waples Rd","","","FARMBOROUGH HEIGHTS","NSW","2526","-34.456011","150.829386",1113435,122224,"",23/04/2025,23/04/2025,"10:30","16:00"
"2","NSW","Cunningham                      ",11,"Special Hospital Team 1                                         ","Warrigal Wollongong","1 Ross St","","","WOLLONGONG","NSW","2500","-34.434669","150.898809",1154820,122112,"",24/04/2025,24/04/2025,"10:30","15:30"
"2","NSW","Cunningham                      ",11,"Special Hospital Team 1                                         ","Wollongong Hospital","Crown St","","","WOLLONGONG","NSW","2500","-34.42489514067344","150.88321524647031",1154832,141771,"Block A",29/04/2025,29/04/2025,"9:00","16:30"
"2","NSW","Cunningham                      ",11,"Special Hospital Team 1                                         ","Wollongong Hospital","Crown St","","","WOLLONGONG","NSW","2500","-34.42489514067344","150.88321524647031",1154832,141771,"Block A",30/04/2025,30/04/2025,"9:00","16:30"
"2","NSW","Cunningham                      ",11,"Special Hospital Team 1                                         ","Wollongong Hospital","Crown St","","","WOLLONGONG","NSW","2500","-34.42489514067344","150.88321524647031",1154832,141771,"Block A",01/05/2025,01/05/2025,"9:00","16:30"
"2","NSW","Cunningham                      ",11,"Special Hospital Team 2                                         ","Catholic Healthcare St Mary's","211 Northcliffe Dr","","","BERKELEY","NSW","2506","-34.483317","150.843117",1154528,122503,"",24/04/2025,24/04/2025,"10:00","12:30"
"2","NSW","Cunningham                      ",11,"Special Hospital Team 2                                         ","Greenhill Manor","190 Princes Hwy","","","FIGTREE","NSW","2525","-34.443471","150.851409",1114631,122223,"",22/04/2025,22/04/2025,"10:30","17:00"
"2","NSW","Cunningham                      ",11,"Special Hospital Team 2                                         ","Hillside at Figtree","190 Princes Hwy","","","FIGTREE","NSW","2525","-34.4429429977273","150.851855854578",1114631,122218,"",23/04/2025,23/04/2025,"14:00","17:00"
"2","NSW","Cunningham                      ",11,"Special Hospital Team 2                                         ","Warrigal Multicultural Village","1 Eyre Pl","","","WARRAWONG","NSW","2502","-34.4820111","150.8798775",1154622,126111,"",23/04/2025,23/04/2025,"10:00","12:30"
"2","NSW","Cunningham                      ",11,"Special Hospital Team 2                                         ","Wollongong Hospital","Crown St","","","WOLLONGONG","NSW","2500","-34.42489514067344","150.88321524647031",1154832,141771,"Block B",29/04/2025,29/04/2025,"9:00","16:30"
"2","NSW","Cunningham                      ",11,"Special Hospital Team 2                                         ","Wollongong Hospital","Crown St","","","WOLLONGONG","NSW","2500","-34.42489514067344","150.88321524647031",1154832,141771,"Block B",30/04/2025,30/04/2025,"9:00","16:30"
"2","NSW","Cunningham                      ",11,"Special Hospital Team 2                                         ","Wollongong Hospital","Crown St","","","WOLLONGONG","NSW","2500","-34.42489514067344","150.88321524647031",1154832,141771,"Block B",01/05/2025,01/05/2025,"9:00","16:30"
"2","NSW","Cunningham                      ",11,"Special Hospital Team 3                                         ","Catholic Healthcare Villa Maria Centre","15A Blackman Pde","","","UNANDERRA","NSW","2526","-34.454137","150.841844",1113439,122216,"",24/04/2025,24/04/2025,"10:00","15:30"
"2","NSW","Cunningham                      ",11,"Special Hospital Team 3                                         ","Estia Health Figtree","12 Suttor Pl","","","FIGTREE","NSW","2525","-34.43922931","150.84966971",1114633,122217,"",23/04/2025,23/04/2025,"10:30","16:00"
"2","NSW","Cunningham                      ",11,"Special Hospital Team 3                                         ","Wollongong Hospital","Crown St","","","WOLLONGONG","NSW","2500","-34.42489514067344","150.88321524647031",1154832,141771,"Block C",29/04/2025,29/04/2025,"9:00","16:30"
"2","NSW","Cunningham                      ",11,"Special Hospital Team 3                                         ","Wollongong Hospital","Crown St","","","WOLLONGONG","NSW","2500","-34.42489514067344","150.88321524647031",1154832,141771,"Block C",30/04/2025,30/04/2025,"9:00","16:30"
"2","NSW","Cunningham                      ",11,"Special Hospital Team 3                                         ","Wollongong Hospital","Crown St","","","WOLLONGONG","NSW","2500","-34.42489514067344","150.88321524647031",1154832,141771,"Block C",01/05/2025,01/05/2025,"9:00","16:30"
"2","NSW","Cunningham                      ",11,"Special Hospital Team 3                                         ","Wollongong Hospital - Mental Health Unit","Level 3, Block C, D lifts","Wollongong Hospital","Loftus St","WOLLONGONG","NSW","2500","-34.424504801494976","150.88319803823944",1154911,141835,"",22/04/2025,22/04/2025,"10:00","16:00"
"2","NSW","Dobell                          ",12,"Special Hospital Team 1                                         ","Hakea Grove Aged Care Facility","102 Louisiana Rd","","","HAMLYN TERRACE","NSW","2259","-33.2608122","151.4748915",1105634,91456,"High Care Bed Service",21/04/2025,21/04/2025,"13:00","15:00"
"2","NSW","Dobell                          ",12,"Special Hospital Team 1                                         ","Hakea Grove Aged Care Facility","102 Louisiana Rd","","","HAMLYN TERRACE","NSW","2259","-33.2608122","151.4748915",1105634,91456,"High Care Bed Service",21/04/2025,21/04/2025,"9:45","12:30"
"2","NSW","Dobell                          ",12,"Special Hospital Team 1                                         ","Kanwal Gardens Care Community","100 Wahroonga Rd","","","KANWAL","NSW","2259","-33.2701189577319","151.476571002311",1104849,12300,"",23/04/2025,23/04/2025,"13:15","16:30"
"2","NSW","Dobell                          ",12,"Special Hospital Team 1                                         ","Kanwal Springs Care Community","40 Pearce Rd","","","KANWAL","NSW","2259","-33.2648564","151.4805477",1104849,52143,"",23/04/2025,23/04/2025,"9:30","11:30"
"2","NSW","Dobell                          ",12,"Special Hospital Team 1                                         ","Killarney Court Aged Care Facility","37 Cornish Ave"," ","","KILLARNEY VALE","NSW","2261","-33.3634523","151.4538278",1104455,34705,"",30/04/2025,30/04/2025,"13:00","15:00"
"2","NSW","Dobell                          ",12,"Special Hospital Team 1                                         ","Killarney Court Aged Care Facility","37 Cornish Ave"," ","","KILLARNEY VALE","NSW","2261","-33.3634523","151.4538278",1104455,34705,"",30/04/2025,30/04/2025,"9:30","12:30"
"2","NSW","Dobell                          ",12,"Special Hospital Team 1                                         ","Our Lady Of Loreto Gardens","1 Minnesota Rd","","","HAMLYN TERRACE","NSW","2259","-33.2441052","151.4676406",1105601,42072,"",22/04/2025,22/04/2025,"13:15","17:00"
"2","NSW","Dobell                          ",12,"Special Hospital Team 1                                         ","Uniting Starrett Lodge Hamlyn Terrace","35-45  Louisiana Rd","","","HAMLYN TERRACE","NSW","2259","-33.2547674","151.4738224",1105630,52144,"",22/04/2025,22/04/2025,"9:00","11:30"
"2","NSW","Dobell                          ",12,"Special Hospital Team 1                                         ","Wallarah Point Care Community","149 Main Rd","","","TOUKLEY","NSW","2263","-33.2638677130633","151.533432265229",1105418,107131,"",24/04/2025,24/04/2025,"13:00","16:00"
"2","NSW","Dobell                          ",12,"Special Hospital Team 1                                         ","Wallarah Point Care Community","149 Main Rd","","","TOUKLEY","NSW","2263","-33.2638677130633","151.533432265229",1105418,107131,"",24/04/2025,24/04/2025,"9:30","12:30"
"2","NSW","Dobell                          ",12,"Special Hospital Team 1                                         ","Wyong Hospital","664 Pacific Hwy","","","HAMLYN TERRACE","NSW","2259","-33.2605391878893","151.47895966326",1105634,141843,"Ward A",28/04/2025,28/04/2025,"13:00","17:00"
"2","NSW","Dobell                          ",12,"Special Hospital Team 1                                         ","Wyong Hospital","664 Pacific Hwy","","","HAMLYN TERRACE","NSW","2259","-33.2605391878893","151.47895966326",1105634,141843,"Ward A",28/04/2025,28/04/2025,"9:00","12:30"
"2","NSW","Dobell                          ",12,"Special Hospital Team 1                                         ","Wyong Hospital (MHIPU)","Pacific Hwy","","","HAMLYN TERRACE","NSW","2259","-33.25897","151.47879",1105631,141841,"",29/04/2025,29/04/2025,"9:30","13:00"
"2","NSW","Dobell                          ",12,"Special Hospital Team 2                                         ","Arcare Kanwal","2 Pearce Rd","","","KANWAL","NSW","2259","-33.2670311","151.481226",1104849,62911,"",22/04/2025,22/04/2025,"13:00","16:30"
"2","NSW","Dobell                          ",12,"Special Hospital Team 2                                         ","Arcare Kanwal","2 Pearce Rd","","","KANWAL","NSW","2259","-33.2670311","151.481226",1104849,62911,"",22/04/2025,22/04/2025,"9:30","12:30"
"2","NSW","Dobell                          ",12,"Special Hospital Team 2                                         ","Estia Health Norah Head","60 Soldiers Point Dr","","","NORAH HEAD","NSW","2263","-33.28400213","151.56850516",1105414,122430,"",23/04/2025,23/04/2025,"13:15","16:30"
"2","NSW","Dobell                          ",12,"Special Hospital Team 2                                         ","Hakea Grove Aged Care Facility","102 Louisiana Rd","","","HAMLYN TERRACE","NSW","2259","-33.2608122","151.4748915",1105634,91456,"Low Care Communal",21/04/2025,21/04/2025,"13:00","15:00"
"2","NSW","Dobell                          ",12,"Special Hospital Team 2                                         ","Hakea Grove Aged Care Facility","102 Louisiana Rd","","","HAMLYN TERRACE","NSW","2259","-33.2608122","151.4748915",1105634,91456,"Low Care Communal",21/04/2025,21/04/2025,"9:30","12:30"
"2","NSW","Dobell                          ",12,"Special Hospital Team 2                                         ","Lake Haven Court Aged Care Facility","5 Stratford Ave","","","CHARMHAVEN","NSW","2263","-33.238894780081","151.503783542702",1104814,107129,"",24/04/2025,24/04/2025,"13:15","16:00"
"2","NSW","Dobell                          ",12,"Special Hospital Team 2                                         ","RFBI Lake Haven Masonic Village","12-16 Christopher Cres","","","LAKE HAVEN","NSW","2263","-33.24677425","151.50430561",1104821,122418,"",24/04/2025,24/04/2025,"9:30","11:30"
"2","NSW","Dobell                          ",12,"Special Hospital Team 2                                         ","Uniting Nareen Gardens Bateau Bay","5 Yakalla St","","","BATEAU BAY","NSW","2261","-33.3742804","151.4793683",1104440,35187,"High Care Service",30/04/2025,30/04/2025,"13:00","15:00"
"2","NSW","Dobell                          ",12,"Special Hospital Team 2                                         ","Uniting Nareen Gardens Bateau Bay","5 Yakalla St","","","BATEAU BAY","NSW","2261","-33.3742804","151.4793683",1104440,35187,"High Care Service",30/04/2025,30/04/2025,"9:30","12:30"
"2","NSW","Dobell                          ",12,"Special Hospital Team 2                                         ","Vietnam Veterans Keith Payne VC Hostel","1 Evans Rd","","","NORAVILLE","NSW","2263","-33.2823652649509","151.551977180164",1105407,49862,"",23/04/2025,23/04/2025,"9:30","11:30"
"2","NSW","Dobell                          ",12,"Special Hospital Team 2                                         ","Wyong Hospital","664 Pacific Hwy","","","HAMLYN TERRACE","NSW","2259","-33.2605391878893","151.47895966326",1105634,141843,"Ward B",28/04/2025,28/04/2025,"13:00","17:00"
"2","NSW","Dobell                          ",12,"Special Hospital Team 2                                         ","Wyong Hospital","664 Pacific Hwy","","","HAMLYN TERRACE","NSW","2259","-33.2605391878893","151.47895966326",1105634,141843,"Ward B",28/04/2025,28/04/2025,"9:00","12:30"
"2","NSW","Dobell                          ",12,"Special Hospital Team 3                                         ","Arcare Lisarow","15 The Ridgeway","","","LISAROW","NSW","2250","-33.3845955890209","151.375508651122",1103608,71330,"Low Care Communal",01/05/2025,01/05/2025,"13:00","15:30"
"2","NSW","Dobell                          ",12,"Special Hospital Team 3                                         ","Arcare Lisarow","15 The Ridgeway","","","LISAROW","NSW","2250","-33.3845955890209","151.375508651122",1103608,71330,"Low Care Communal",01/05/2025,01/05/2025,"9:30","12:30"
"2","NSW","Dobell                          ",12,"Special Hospital Team 3                                         ","Berkeley Vale Care Community","8 Lorraine Ave","","","BERKELEY VALE","NSW","2261","-33.3380094241403","151.433393729252",1104710,12297,"High Care",29/04/2025,29/04/2025,"13:00","16:00"
"2","NSW","Dobell                          ",12,"Special Hospital Team 3                                         ","Berkeley Vale Care Community","8 Lorraine Ave","","","BERKELEY VALE","NSW","2261","-33.3380094241403","151.433393729252",1104710,12297,"High Care",29/04/2025,29/04/2025,"9:30","12:30"
"2","NSW","Dobell                          ",12,"Special Hospital Team 3                                         ","Chamberlain Gardens Aged Care Facility","53-67 Chamberlain Rd","","","WYOMING","NSW","2250","-33.3986618","151.3636963",1104325,49859,"",22/04/2025,22/04/2025,"13:00","16:00"
"2","NSW","Dobell                          ",12,"Special Hospital Team 3                                         ","Chamberlain Gardens Aged Care Facility","53-67 Chamberlain Rd","","","WYOMING","NSW","2250","-33.3986618","151.3636963",1104325,49859,"",22/04/2025,22/04/2025,"9:30","12:30"
"2","NSW","Dobell                          ",12,"Special Hospital Team 3                                         ","Eleanor Duncan Aboriginal Service Ltd","35 McPherson Rd","","","MARDI","NSW","2259","-33.28846","151.42281",1105509,141840,"",24/04/2025,24/04/2025,"9:00","12:30"
"2","NSW","Dobell                          ",12,"Special Hospital Team 3                                         ","Killarney Vale Care Community","1 Daniel Cl","","","KILLARNEY VALE","NSW","2261","-33.3650831","151.4652087",1104420,35180,"",23/04/2025,23/04/2025,"13:45","16:30"
"2","NSW","Dobell                          ",12,"Special Hospital Team 3                                         ","Killarney Vale Care Community","1 Daniel Cl","","","KILLARNEY VALE","NSW","2261","-33.3650831","151.4652087",1104420,35180,"",23/04/2025,23/04/2025,"9:00","12:30"
"2","NSW","Dobell                          ",12,"Special Hospital Team 3                                         ","Uniting Nareen Gardens Bateau Bay","5 Yakalla St","","","BATEAU BAY","NSW","2261","-33.3742804","151.4793683",1104440,35187,"Low Care Communal",30/04/2025,30/04/2025,"13:00","15:00"
"2","NSW","Dobell                          ",12,"Special Hospital Team 3                                         ","Uniting Nareen Gardens Bateau Bay","5 Yakalla St","","","BATEAU BAY","NSW","2261","-33.3742804","151.4793683",1104440,35187,"Low Care Communal",30/04/2025,30/04/2025,"9:30","12:30"
"2","NSW","Dobell                          ",12,"Special Hospital Team 3                                         ","Wyong Hospital","664 Pacific Hwy","","","HAMLYN TERRACE","NSW","2259","-33.2605391878893","151.47895966326",1105634,141843,"Ward C",28/04/2025,28/04/2025,"13:00","17:00"
"2","NSW","Dobell                          ",12,"Special Hospital Team 3                                         ","Wyong Hospital","664 Pacific Hwy","","","HAMLYN TERRACE","NSW","2259","-33.2605391878893","151.47895966326",1105634,141843,"Ward C",28/04/2025,28/04/2025,"9:00","12:30"
"2","NSW","Dobell                          ",12,"Special Hospital Team 4                                         ","Adelene Court Hostel","1 Birch Rd","","","WYOMING","NSW","2250","-33.4117527","151.3662847",1104314,35182,"",23/04/2025,23/04/2025,"13:00","15:00"
"2","NSW","Dobell                          ",12,"Special Hospital Team 4                                         ","Adelene Court Hostel","1 Birch Rd","","","WYOMING","NSW","2250","-33.4117527","151.3662847",1104314,35182,"",23/04/2025,23/04/2025,"9:30","12:30"
"2","NSW","Dobell                          ",12,"Special Hospital Team 4                                         ","Arcare Lisarow","15 The Ridgeway","","","LISAROW","NSW","2250","-33.3845955890209","151.375508651122",1103608,71330,"High Care Bed Service",01/05/2025,01/05/2025,"13:00","16:00"
"2","NSW","Dobell                          ",12,"Special Hospital Team 4                                         ","Arcare Lisarow","15 The Ridgeway","","","LISAROW","NSW","2250","-33.3845955890209","151.375508651122",1103608,71330,"High Care Bed Service",01/05/2025,01/05/2025,"9:30","12:30"
"2","NSW","Dobell                          ",12,"Special Hospital Team 4                                         ","Berkeley Vale Care Community","8 Lorraine Ave","","","BERKELEY VALE","NSW","2261","-33.3380094241403","151.433393729252",1104710,12297,"Low Care",29/04/2025,29/04/2025,"13:00","16:00"
"2","NSW","Dobell                          ",12,"Special Hospital Team 4                                         ","Berkeley Vale Care Community","8 Lorraine Ave","","","BERKELEY VALE","NSW","2261","-33.3380094241403","151.433393729252",1104710,12297,"Low Care",29/04/2025,29/04/2025,"9:30","12:30"
"2","NSW","Dobell                          ",12,"Special Hospital Team 4                                         ","Bupa Bateau Bay Aged Care","17 Bias Ave","","","BATEAU BAY","NSW","2261","-33.3789924086922","151.478555567445",1104411,12310,"",24/04/2025,24/04/2025,"13:00","15:30"
"2","NSW","Dobell                          ",12,"Special Hospital Team 4                                         ","Bupa Bateau Bay Aged Care","17 Bias Ave","","","BATEAU BAY","NSW","2261","-33.3789924086922","151.478555567445",1104411,12310,"",24/04/2025,24/04/2025,"9:30","12:30"
"2","NSW","Dobell                          ",12,"Special Hospital Team 4                                         ","Estia Health Wyoming","80 Chamberlain Rd","","","WYOMING","NSW","2250","-33.39889354","151.36672561",1104321,122427,"",30/04/2025,30/04/2025,"9:30","13:00"
"2","NSW","Dobell                          ",12,"Special Hospital Team 4                                         ","Southern Cross Care - Reynolds Court","7 Bias Ave","","","BATEAU BAY","NSW","2261","-33.3765313","151.4806766",1104410,12309,"",22/04/2025,22/04/2025,"13:00","16:30"
"2","NSW","Dobell                          ",12,"Special Hospital Team 4                                         ","Southern Cross Care - Reynolds Court","7 Bias Ave","","","BATEAU BAY","NSW","2261","-33.3765313","151.4806766",1104410,12309,"",22/04/2025,22/04/2025,"9:30","12:30"
"2","NSW","Dobell                          ",12,"Special Hospital Team 4                                         ","Wyong Hospital","664 Pacific Hwy","","","HAMLYN TERRACE","NSW","2259","-33.2605391878893","151.47895966326",1105634,141843,"Ward D",28/04/2025,28/04/2025,"13:00","17:00"
"2","NSW","Dobell                          ",12,"Special Hospital Team 4                                         ","Wyong Hospital","664 Pacific Hwy","","","HAMLYN TERRACE","NSW","2259","-33.2605391878893","151.47895966326",1105634,141843,"Ward D",28/04/2025,28/04/2025,"9:00","12:30"
"2","NSW","Eden-Monaro                     ",13,"Other Mobile Team 1                                             ","Cooma Correctional Centre","1 Vale St"," ","","COOMA","NSW","2630","-36.23593526","149.12518576",1101405,141961,"Area 1",28/04/2025,28/04/2025,"12:30","15:00"
"2","NSW","Eden-Monaro                     ",13,"Other Mobile Team 1                                             ","Cooma Correctional Centre","1 Vale St"," ","","COOMA","NSW","2630","-36.23593526","149.12518576",1101405,141961,"Area 1",28/04/2025,28/04/2025,"9:30","11:30"
"2","NSW","Eden-Monaro                     ",13,"Other Mobile Team 1                                             ","Cooma Correctional Centre","1 Vale St"," ","","COOMA","NSW","2630","-36.23593526","149.12518576",1101405,141961,"Area 1",29/04/2025,29/04/2025,"12:30","15:00"
"2","NSW","Eden-Monaro                     ",13,"Other Mobile Team 1                                             ","Cooma Correctional Centre","1 Vale St"," ","","COOMA","NSW","2630","-36.23593526","149.12518576",1101405,141961,"Area 1",29/04/2025,29/04/2025,"9:30","11:30"
"2","NSW","Eden-Monaro                     ",13,"Other Mobile Team 2                                             ","Cooma Correctional Centre","1 Vale St"," ","","COOMA","NSW","2630","-36.23593526","149.12518576",1101405,141961,"Area 2",28/04/2025,28/04/2025,"12:30","15:00"
"2","NSW","Eden-Monaro                     ",13,"Other Mobile Team 2                                             ","Cooma Correctional Centre","1 Vale St"," ","","COOMA","NSW","2630","-36.23593526","149.12518576",1101405,141961,"Area 2",28/04/2025,28/04/2025,"9:30","11:30"
"2","NSW","Eden-Monaro                     ",13,"Other Mobile Team 2                                             ","Cooma Correctional Centre","1 Vale St"," ","","COOMA","NSW","2630","-36.23593526","149.12518576",1101405,141961,"Area 2",29/04/2025,29/04/2025,"12:30","15:00"
"2","NSW","Eden-Monaro                     ",13,"Other Mobile Team 2                                             ","Cooma Correctional Centre","1 Vale St"," ","","COOMA","NSW","2630","-36.23593526","149.12518576",1101405,141961,"Area 2",29/04/2025,29/04/2025,"9:30","11:30"
"2","NSW","Eden-Monaro                     ",13,"Other Mobile Team 3                                             ","Goulburn Correctional Centre","Maud St","","","GOULBURN","NSW","2580","-34.74146","149.74074",1153965,141651,"",28/04/2025,28/04/2025,"12:00","14:00"
"2","NSW","Eden-Monaro                     ",13,"Other Mobile Team 3                                             ","Goulburn Correctional Centre","Maud St","","","GOULBURN","NSW","2580","-34.74146","149.74074",1153965,141651,"",28/04/2025,28/04/2025,"9:00","11:30"
"2","NSW","Eden-Monaro                     ",13,"Other Mobile Team 3                                             ","Goulburn Correctional Centre","Maud St","","","GOULBURN","NSW","2580","-34.74146","149.74074",1153965,141651,"",29/04/2025,29/04/2025,"12:00","14:00"
"2","NSW","Eden-Monaro                     ",13,"Other Mobile Team 3                                             ","Goulburn Correctional Centre","Maud St","","","GOULBURN","NSW","2580","-34.74146","149.74074",1153965,141651,"",29/04/2025,29/04/2025,"9:00","11:30"
"2","NSW","Eden-Monaro                     ",13,"Special Hospital Team 2                                         ","BaptistCare George Forbes House","Cnr Erin St & Collett St","","","QUEANBEYAN","NSW","2620","-35.3459816201733","149.2330703797",1100929,122411,"",23/04/2025,23/04/2025,"13:00","15:30"
"2","NSW","Eden-Monaro                     ",13,"Special Hospital Team 2                                         ","BaptistCare George Forbes House","Cnr Erin St & Collett St","","","QUEANBEYAN","NSW","2620","-35.3459816201733","149.2330703797",1100929,122411,"",23/04/2025,23/04/2025,"9:30","12:30"
"2","NSW","Eden-Monaro                     ",13,"Special Hospital Team 2                                         ","Braidwood Multi-Purpose Service - RACF","73 Monkittee St","","","BRAIDWOOD","NSW","2622","-35.443796","149.805861",1100704,122591,"",28/04/2025,28/04/2025,"10:30","11:30"
"2","NSW","Eden-Monaro                     ",13,"Special Hospital Team 2                                         ","Braidwood Multi-Purpose Service - RACF","73 Monkittee St","","","BRAIDWOOD","NSW","2622","-35.443796","149.805861",1100704,122591,"",28/04/2025,28/04/2025,"12:00","12:30"
"2","NSW","Eden-Monaro                     ",13,"Special Hospital Team 2                                         ","Heritage Queanbeyan","7 Campbell St","","","QUEANBEYAN","NSW","2620","-35.348104","149.229375",1100920,126175,"",22/04/2025,22/04/2025,"12:30","14:00"
"2","NSW","Eden-Monaro                     ",13,"Special Hospital Team 2                                         ","Heritage Queanbeyan","7 Campbell St","","","QUEANBEYAN","NSW","2620","-35.348104","149.229375",1100920,126175,"",22/04/2025,22/04/2025,"9:30","11:30"
"2","NSW","Eden-Monaro                     ",13,"Special Hospital Team 2                                         ","Warrigal Queanbeyan","50 Canberra Ave","","","QUEANBEYAN","NSW","2620","-35.356035","149.227648",1100918,122627,"",24/04/2025,24/04/2025,"13:30","15:00"
"2","NSW","Eden-Monaro                     ",13,"Special Hospital Team 2                                         ","Warrigal Queanbeyan","50 Canberra Ave","","","QUEANBEYAN","NSW","2620","-35.356035","149.227648",1100918,122627,"",24/04/2025,24/04/2025,"15:30","16:30"
"2","NSW","Eden-Monaro                     ",13,"Special Hospital Team 2                                         ","Warrigal Queanbeyan","50 Canberra Ave","","","QUEANBEYAN","NSW","2620","-35.356035","149.227648",1100918,122627,"",24/04/2025,24/04/2025,"9:30","12:00"
"2","NSW","Eden-Monaro                     ",13,"Special Hospital Team 3                                         ","Hudson House","8 Fachin Ave","","","COOMA","NSW","2630","-36.2428665","149.1189213",1101409,122634,"",30/04/2025,30/04/2025,"10:30","12:30"
"2","NSW","Eden-Monaro                     ",13,"Special Hospital Team 3                                         ","Hudson House","8 Fachin Ave","","","COOMA","NSW","2630","-36.2428665","149.1189213",1101409,122634,"",30/04/2025,30/04/2025,"13:30","14:30"
"2","NSW","Eden-Monaro                     ",13,"Special Hospital Team 3                                         ","Yallambee Lodge","1 Binalong St","","","COOMA","NSW","2630","-36.219983","149.13044",1101401,125694,"",01/05/2025,01/05/2025,"10:30","12:00"
"2","NSW","Eden-Monaro                     ",13,"Special Hospital Team 3                                         ","Yallambee Lodge","1 Binalong St","","","COOMA","NSW","2630","-36.219983","149.13044",1101401,125694,"",01/05/2025,01/05/2025,"13:00","14:00"
"2","NSW","Eden-Monaro                     ",13,"Special Hospital Team 4                                         ","Albert Moore Gardens","10 Short St","","","MERIMBULA","NSW","2548","-36.892943","149.906363",1102503,122643,"",24/04/2025,24/04/2025,"12:30","14:30"
"2","NSW","Eden-Monaro                     ",13,"Special Hospital Team 4                                         ","Albert Moore Gardens","10 Short St","","","MERIMBULA","NSW","2548","-36.892943","149.906363",1102503,122643,"",24/04/2025,24/04/2025,"9:00","11:30"
"2","NSW","Eden-Monaro                     ",13,"Special Hospital Team 4                                         ","Estia Health Dalmeny","25-29 Noble Pde","","","DALMENY","NSW","2546","-36.165738","150.128251",1102708,122413,"",01/05/2025,01/05/2025,"13:00","14:00"
"2","NSW","Eden-Monaro                     ",13,"Special Hospital Team 4                                         ","Estia Health Dalmeny","25-29 Noble Pde","","","DALMENY","NSW","2546","-36.165738","150.128251",1102708,122413,"",01/05/2025,01/05/2025,"9:30","12:00"
"2","NSW","Eden-Monaro                     ",13,"Special Hospital Team 4                                         ","Hillgrove House","105 Upper St","","","BEGA","NSW","2550","-36.6756749114509","149.837285459684",1101901,122645,"",29/04/2025,29/04/2025,"13:00","14:00"
"2","NSW","Eden-Monaro                     ",13,"Special Hospital Team 4                                         ","Hillgrove House","105 Upper St","","","BEGA","NSW","2550","-36.6756749114509","149.837285459684",1101901,122645,"",29/04/2025,29/04/2025,"14:30","15:30"
"2","NSW","Eden-Monaro                     ",13,"Special Hospital Team 4                                         ","Hugh Cunningham Gardens","2B Tura Beach Dr","","","TURA BEACH","NSW","2548","-36.8647406194564","149.914063191512",1102519,122642,"",23/04/2025,23/04/2025,"14:30","15:30"
"2","NSW","Eden-Monaro                     ",13,"Special Hospital Team 4                                         ","IRT Dalmeny","4 Ruth Pl","","","DALMENY","NSW","2546","-36.1687377","150.1105008",1102709,126179,"",28/04/2025,28/04/2025,"12:30","14:30"
"2","NSW","Eden-Monaro                     ",13,"Special Hospital Team 4                                         ","IRT Dalmeny","4 Ruth Pl","","","DALMENY","NSW","2546","-36.1687377","150.1105008",1102709,126179,"",28/04/2025,28/04/2025,"9:30","11:00"
"2","NSW","Eden-Monaro                     ",13,"Special Hospital Team 4                                         ","Imlay House","3 Merigan St","","","PAMBULA","NSW","2549","-36.9273862568007","149.87934931858",1102532,122639,"",22/04/2025,22/04/2025,"12:30","13:30"
"2","NSW","Eden-Monaro                     ",13,"Special Hospital Team 4                                         ","Imlay House","3 Merigan St","","","PAMBULA","NSW","2549","-36.9273862568007","149.87934931858",1102532,122639,"",22/04/2025,22/04/2025,"9:00","12:00"
"2","NSW","Eden-Monaro                     ",13,"Special Hospital Team 4                                         ","South East Regional Hospital - Mental Health Unit","4 Virginia Dr","","","BEGA","NSW","2550","-36.68870781","149.85847189",1101917,141797,"",29/04/2025,29/04/2025,"9:30","10:30"
"2","NSW","Eden-Monaro                     ",13,"Special Hospital Team 4                                         ","Uniting Eden","22 Barclay St","","","EDEN","NSW","2551","-37.057119","149.908198",1102306,122600,"",23/04/2025,23/04/2025,"11:00","12:00"
"2","NSW","Eden-Monaro                     ",13,"Special Hospital Team 4                                         ","Uniting Eden","22 Barclay St","","","EDEN","NSW","2551","-37.057119","149.908198",1102306,122600,"",23/04/2025,23/04/2025,"9:30","10:30"
"2","NSW","Eden-Monaro                     ",13,"Special Hospital Team 4                                         ","Wallaga Lake Community Hall","Umbarra Rd","","","WALLAGA LAKE","NSW","2546","-36.3490512","150.0667313",1102722,142273,"",30/04/2025,30/04/2025,"12:30","14:00"
"2","NSW","Eden-Monaro                     ",13,"Special Hospital Team 4                                         ","Wallaga Lake Community Hall","Umbarra Rd","","","WALLAGA LAKE","NSW","2546","-36.3490512","150.0667313",1102722,142273,"",30/04/2025,30/04/2025,"9:30","12:00"
"2","NSW","Eden-Monaro                     ",13,"Special Hospital Team 5                                         ","Gill Waminda Aged Care Centre","4 Mary St","","","GOULBURN","NSW","2580","-34.763534","149.7091",1153942,122025,"",29/04/2025,29/04/2025,"10:30","12:00"
"2","NSW","Eden-Monaro                     ",13,"Special Hospital Team 5                                         ","Gill Waminda Aged Care Centre","4 Mary St","","","GOULBURN","NSW","2580","-34.763534","149.7091",1153942,122025,"",29/04/2025,29/04/2025,"12:30","14:00"
"2","NSW","Eden-Monaro                     ",13,"Special Hospital Team 5                                         ","Gill Waminda Aged Care Centre","4 Mary St","","","GOULBURN","NSW","2580","-34.763534","149.7091",1153942,122025,"",29/04/2025,29/04/2025,"9:00","10:00"
"2","NSW","Eden-Monaro                     ",13,"Special Hospital Team 5                                         ","Goulburn Base Hospital - Mental Health Unit","130 Goldsmith St","","","GOULBURN","NSW","2580","-34.74771141","149.71352329",1153950,141795,"",22/04/2025,22/04/2025,"13:00","15:30"
"2","NSW","Eden-Monaro                     ",13,"Special Hospital Team 5                                         ","Kenmore Hospital","209 Taralga Rd","","","GOULBURN","NSW","2580","-34.721291","149.751538",1153923,141796,"",22/04/2025,22/04/2025,"9:30","11:00"
"2","NSW","Eden-Monaro                     ",13,"Special Hospital Team 5                                         ","RFBI Goulburn Masonic Village","10 Long St","","","GOULBURN","NSW","2580","-34.74614023","149.7461153",1153939,126144,"",23/04/2025,23/04/2025,"13:00","14:00"
"2","NSW","Eden-Monaro                     ",13,"Special Hospital Team 5                                         ","RFBI Goulburn Masonic Village","10 Long St","","","GOULBURN","NSW","2580","-34.74614023","149.7461153",1153939,126144,"",23/04/2025,23/04/2025,"9:00","12:00"
"2","NSW","Eden-Monaro                     ",13,"Special Hospital Team 5                                         ","Southern Cross Care Tenison Goulburn Residential Aged Care","19 Upper Sterne St","","","GOULBURN","NSW","2580","-34.7482665","149.7311146",1153919,126145,"",24/04/2025,24/04/2025,"13:00","13:30"
"2","NSW","Eden-Monaro                     ",13,"Special Hospital Team 5                                         ","Southern Cross Care Tenison Goulburn Residential Aged Care","19 Upper Sterne St","","","GOULBURN","NSW","2580","-34.7482665","149.7311146",1153919,126145,"",24/04/2025,24/04/2025,"9:00","12:00"
"2","NSW","Eden-Monaro                     ",13,"Special Hospital Team 5                                         ","Warrigal Goulburn","7 St Aubyn Rd","","","GOULBURN","NSW","2580","-34.73106","149.709882",1153970,122026,"",28/04/2025,28/04/2025,"12:00","15:00"
"2","NSW","Eden-Monaro                     ",13,"Special Hospital Team 5                                         ","Warrigal Goulburn","7 St Aubyn Rd","","","GOULBURN","NSW","2580","-34.73106","149.709882",1153970,122026,"",28/04/2025,28/04/2025,"9:00","11:00"
"2","NSW","Farrer                          ",14,"Remote Mobile Team 1                                            ","Booligal Hall","Lachlan St","","","BOOLIGAL","NSW","2711","-33.86908574","144.884293126",1117710,49985,"",29/04/2025,29/04/2025,"14:00","17:00"
"2","NSW","Farrer                          ",14,"Remote Mobile Team 1                                            ","Maude Hall","Yang Yang St","","","MAUDE","NSW","2711","-34.47564868724138","144.30137215961705",1117711,49984,"",30/04/2025,30/04/2025,"9:30","12:30"
"2","NSW","Farrer                          ",14,"Special Hospital Team 1                                         ","Borella House","333 Borella Rd","","","EAST ALBURY","NSW","2640","-36.0764097986917","146.931139202796",1117222,34434,"",28/04/2025,28/04/2025,"15:00","17:00"
"2","NSW","Farrer                          ",14,"Special Hospital Team 1                                         ","Calvary Albury and District ","636 Logan Rd","","","GLENROY","NSW","2640","-36.0722037","146.9220993",1117425,69420,"",30/04/2025,30/04/2025,"14:00","16:00"
"2","NSW","Farrer                          ",14,"Special Hospital Team 1                                         ","Jindera Gardens Hostel","74 - 80 Creek St","","","JINDERA","NSW","2642","-35.951366","146.890837",1117501,141757,"",01/05/2025,01/05/2025,"15:00","16:00"
"2","NSW","Farrer                          ",14,"Special Hospital Team 1                                         ","Mercy Place Albury","578 Poole St","","","ALBURY","NSW","2640","-36.0692706875379","146.916625085955",1117402,50678,"",30/04/2025,30/04/2025,"9:30","12:00"
"2","NSW","Farrer                          ",14,"Special Hospital Team 1                                         ","Murray Vale Shalem Residential Care","342 Wagga Rd","","","LAVINGTON","NSW","2641","-36.0499966290481","146.93807581474",1117629,69421,"",01/05/2025,01/05/2025,"9:30","13:00"
"2","NSW","Farrer                          ",14,"Special Hospital Team 1                                         ","Riverwood Aged Care","990 Padman Dr","","","WEST ALBURY","NSW","2640","-36.0781397956152","146.890630179106",1117414,71783,"",28/04/2025,28/04/2025,"9:30","13:00"
"2","NSW","Farrer                          ",14,"Special Hospital Team 2                                         ","Corowa Health Service - RACF","53-81 Guy St","","","COROWA","NSW","2646","-35.9944690769646","146.383342060167",1118009,62790,"",28/04/2025,28/04/2025,"13:00","14:30"
"2","NSW","Farrer                          ",14,"Special Hospital Team 2                                         ","Culcairn Multipurpose Service RACF","51-57 Balfour St","","","CULCAIRN","NSW","2660","-35.667408","147.042168",1117522,122637,"",30/04/2025,30/04/2025,"9:00","10:00"
"2","NSW","Farrer                          ",14,"Special Hospital Team 2                                         ","Holbrook Village Hostel","47-55 Bowler St","","","HOLBROOK","NSW","2644","-35.72204514","147.31311626",1117509,123274,"",30/04/2025,30/04/2025,"14:30","16:00"
"2","NSW","Farrer                          ",14,"Special Hospital Team 2                                         ","Lutheran Aged Care Dellacourt","42 Nicholson Pl","","","WEST ALBURY","NSW","2640","-36.0749645056071","146.890796409446",1117414,35181,"",29/04/2025,29/04/2025,"10:30","13:00"
"2","NSW","Farrer                          ",14,"Special Hospital Team 2                                         ","Lutheran Aged Care Yallaroo","1 Stafford Rd","","","WEST ALBURY","NSW","2640","-36.073511","146.884352",1117417,12348,"",29/04/2025,29/04/2025,"9:00","10:00"
"2","NSW","Farrer                          ",14,"Special Hospital Team 2                                         ","Myoora Homestead Hostel","2-8 Keighran St","","","HENTY","NSW","2658","-35.51533736","147.03218307",1117528,122629,"",30/04/2025,30/04/2025,"11:30","12:30"
"2","NSW","Farrer                          ",14,"Special Hospital Team 2                                         ","Oolong Hostel","91-97 Sturt St","","","HOWLONG","NSW","2643","-35.97999","146.62485",1118116,42070,"",01/05/2025,01/05/2025,"13:30","14:30"
"2","NSW","Farrer                          ",14,"Special Hospital Team 2                                         ","Southern Cross Care Karinya Residential Aged Care","127 Guy St","","","COROWA","NSW","2646","-35.98924384","146.38446439",1118017,42069,"",28/04/2025,28/04/2025,"9:30","11:30"
"2","NSW","Farrer                          ",14,"Special Hospital Team 2                                         ","Southern Cross Care Lavington Residential Aged Care ","286 Warren St","","","LAVINGTON","NSW","2641","-36.042415","146.954253",1117630,72898,"",01/05/2025,01/05/2025,"10:30","11:30"
"2","NSW","Farrer                          ",14,"Special Hospital Team 3                                         ","Berrigan Multipurpose Service RACF","47-49 Davis St","","","BERRIGAN","NSW","2712","-35.6625856231483","145.812186038024",1118526,12353,"",28/04/2025,28/04/2025,"11:30","12:30"
"2","NSW","Farrer                          ",14,"Special Hospital Team 3                                         ","Finley Regional Care","26 Dawe Ave","","","FINLEY","NSW","2713","-35.6411173055321","145.566859569395",1118519,122626,"",29/04/2025,29/04/2025,"13:00","15:30"
"2","NSW","Farrer                          ",14,"Special Hospital Team 3                                         ","Tocumwal Lions Community Hostel","21-23 Jerilderie St","","","TOCUMWAL","NSW","2714","-35.8152730668877","145.569904460379",1118504,123275,"",29/04/2025,29/04/2025,"10:00","11:00"
"2","NSW","Farrer                          ",14,"Special Hospital Team 3                                         ","Uniting Berrigan Residential Aged Care ","51-53 Davis St","","","BERRIGAN","NSW","2712","-35.663011","145.812909",1118526,35782,"",28/04/2025,28/04/2025,"9:30","11:00"
"2","NSW","Farrer                          ",14,"Special Hospital Team 4                                         ","Pioneers Lodge","15-23 Sidlow Rd","","","GRIFFITH","NSW","2680","-34.2970072805198","146.040573638128",1125635,35886,"",30/04/2025,30/04/2025,"13:00","15:00"
"2","NSW","Farrer                          ",14,"Special Hospital Team 4                                         ","Scalabrini Griffith","650 Oakes Rd","","","YOOGALI","NSW","2680","-34.300863923176","146.076757002266",1125609,13674,"",30/04/2025,30/04/2025,"9:30","11:30"
"2","NSW","Farrer                          ",14,"Special Hospital Team 4                                         ","Uniting Griffith","67-71 Erskine Rd","","","GRIFFITH","NSW","2680","-34.289002","146.026449",1125638,36538,"",01/05/2025,01/05/2025,"14:00","15:30"
"2","NSW","Farrer                          ",14,"Special Hospital Team 5                                         ","Assumption Villa","84 Brobenah Rd","","","LEETON","NSW","2705","-34.5405570391335","146.408120266487",1125827,14896,"",29/04/2025,29/04/2025,"9:00","12:00"
"2","NSW","Farrer                          ",14,"Special Hospital Team 5                                         ","Leeton Health Service - Carramar Aged Care Facility","114-124 Wade Ave","","","LEETON","NSW","2705","-34.5451663092343","146.409060575845",1125801,62798,"",29/04/2025,29/04/2025,"14:00","16:00"
"2","NSW","Farrer                          ",14,"Special Hospital Team 5                                         ","Teloca House","120 Audley St","","","NARRANDERA","NSW","2700","-34.7481098610643","146.549639652301",1125901,13709,"",30/04/2025,30/04/2025,"10:00","12:00"
"2","NSW","Farrer                          ",14,"Special Hospital Team 6                                         ","Murrayvale Aged Care","63 Regent St","","","MOAMA","NSW","2731","-36.104859","144.761433",1118406,88960,"",30/04/2025,30/04/2025,"13:30","16:00"
"2","NSW","Farrer                          ",14,"Special Hospital Team 6                                         ","Navorina Nursing Home","5 Macauley St","","","DENILIQUIN","NSW","2710","-35.5230300927559","144.962430847944",1118216,12355,"",28/04/2025,28/04/2025,"10:00","12:00"
"2","NSW","Farrer                          ",14,"Special Hospital Team 6                                         ","Southern Cross Care Orana Residential Aged Care","59 Napier St","","","DENILIQUIN","NSW","2710","-35.5296779626871","144.960784977528",1118217,12354,"",28/04/2025,28/04/2025,"14:00","16:00"
"2","NSW","Farrer                          ",14,"Special Hospital Team 6                                         ","Viney Morgan Clinic","10 Tongala Ave","","","MOAMA","NSW","2731","-36.02811","144.96159",1118326,141758,"",29/04/2025,29/04/2025,"10:30","12:00"
"2","NSW","Farrer                          ",14,"Special Hospital Team 7                                         ","Murray House Aged Care","31-37 Murray St","","","WENTWORTH","NSW","2648","-34.109106","141.915299",1117815,122081,"",29/04/2025,29/04/2025,"10:00","12:00"
"2","NSW","Fowler                          ",15,"Special Hospital Team 1                                         ","Braeside Hospital - Mental Health Unit","340 Prairie Vale Rd","","","PRAIRIEWOOD","NSW","2176","-33.86147","150.90265",1151712,141830,"",30/04/2025,30/04/2025,"10:00","13:00"
"2","NSW","Fowler                          ",15,"Special Hospital Team 1                                         ","Cardinal Stepinac Village","24-32 Runcorn St","","","ST JOHNS PARK","NSW","2176","-33.8771027","150.9021543",1152009,121917,"",22/04/2025,22/04/2025,"10:00","15:00"
"2","NSW","Fowler                          ",15,"Special Hospital Team 1                                         ","Lansdowne Aged Care Facility","25 Lovoni St","","","CABRAMATTA","NSW","2166","-33.8983142","150.9435983",1151107,122638,"",28/04/2025,28/04/2025,"9:30","15:00"
"2","NSW","Fowler                          ",15,"Special Hospital Team 1                                         ","SummitCare Canley Vale","47 Freeman Ave","","","CANLEY VALE","NSW","2166","-33.8844505","150.9401281",1151324,125911,"",23/04/2025,23/04/2025,"10:00","14:00"
"2","NSW","Fowler                          ",15,"Special Hospital Team 1                                         ","SummitCare Canley Vale","47 Freeman Ave","","","CANLEY VALE","NSW","2166","-33.8844505","150.9401281",1151324,125911,"",24/04/2025,24/04/2025,"10:00","13:30"
"2","NSW","Fowler                          ",15,"Special Hospital Team 1                                         ","SummitCare Liverpool","173 Elizabeth Dr","","","LIVERPOOL","NSW","2170","-33.91588999","150.9118317",1173208,122272,"",29/04/2025,29/04/2025,"9:30","11:30"
"2","NSW","Fowler                          ",15,"Special Hospital Team 1                                         ","Sydney Southwest Private Hospital - Mental Health Unit","28-40 Bigge St","","","LIVERPOOL","NSW","2170","-33.91665917","150.92842041",1173115,126644,"",29/04/2025,29/04/2025,"14:00","15:30"
"2","NSW","Fowler                          ",15,"Special Hospital Team 1                                         ","Uniting Bernard Austin Lodge Liverpool","14 Boundary Rd","","","LIVERPOOL","NSW","2170","-33.9365371","150.9124096",1173206,121981,"",01/05/2025,01/05/2025,"10:00","12:00"
"2","NSW","Fowler                          ",15,"Special Hospital Team 2                                         ","Advantaged Care at Edensor Gardens","39 Sweethaven Rd","","","EDENSOR PARK","NSW","2176","-33.878293","150.885564",1151413,121915,"",28/04/2025,28/04/2025,"10:00","15:00"
"2","NSW","Fowler                          ",15,"Special Hospital Team 2                                         ","SWIAA Gardens","84-88 Restwell Rd","","","BOSSLEY PARK","NSW","2176","-33.8633043765959","150.883413167197",1151027,62842,"",29/04/2025,29/04/2025,"10:00","14:00"
"2","NSW","Fowler                          ",15,"Special Hospital Team 2                                         ","SWIAA Gardens","84-88 Restwell Rd","","","BOSSLEY PARK","NSW","2176","-33.8633043765959","150.883413167197",1151027,62842,"",30/04/2025,30/04/2025,"10:00","13:30"
"2","NSW","Fowler                          ",15,"Special Hospital Team 2                                         ","Scalabrini Village Chipping Norton","199 Epsom Rd","","","CHIPPING NORTON","NSW","2170","-33.922395","150.95127",1152335,122268,"",22/04/2025,22/04/2025,"10:00","15:00"
"2","NSW","Fowler                          ",15,"Special Hospital Team 2                                         ","St Sergius Aged Care","1 Gilbert St","","","CABRAMATTA","NSW","2166","-33.8953207","150.9259935",1151111,62844,"",23/04/2025,23/04/2025,"10:00","14:30"
"2","NSW","Fowler                          ",15,"Special Hospital Team 2                                         ","St Sergius Aged Care","1 Gilbert St","","","CABRAMATTA","NSW","2166","-33.8953207","150.9259935",1151111,62844,"",24/04/2025,24/04/2025,"10:00","14:30"
"2","NSW","Fowler                          ",15,"Special Hospital Team 3                                         ","Fairfield Hospital","Cnr Polding St & Prairie Vale Rd","","","PRAIRIEWOOD","NSW","2176","-33.8597434984956","150.904300804675",1151712,141092,"",22/04/2025,22/04/2025,"9:00","14:30"
"2","NSW","Fowler                          ",15,"Special Hospital Team 3                                         ","Fairfield Hospital","Cnr Polding St & Prairie Vale Rd","","","PRAIRIEWOOD","NSW","2176","-33.8597434984956","150.904300804675",1151712,141092,"",23/04/2025,23/04/2025,"9:00","14:30"
"2","NSW","Fowler                          ",15,"Special Hospital Team 3                                         ","Fairfield Hospital","Cnr Polding St & Prairie Vale Rd","","","PRAIRIEWOOD","NSW","2176","-33.8597434984956","150.904300804675",1151712,141092,"",24/04/2025,24/04/2025,"9:00","14:30"
"2","NSW","Fowler                          ",15,"Special Hospital Team 3                                         ","Fairfield Hospital","Cnr Polding St & Prairie Vale Rd","","","PRAIRIEWOOD","NSW","2176","-33.8597434984956","150.904300804675",1151712,141092,"",28/04/2025,28/04/2025,"9:00","14:30"
"2","NSW","Fowler                          ",15,"Special Hospital Team 3                                         ","Liverpool Hospital - Mental Health Centre","50 Goulburn St","","","LIVERPOOL","NSW","2170","-33.91951091","150.92909618",1173135,141096,"",29/04/2025,29/04/2025,"10:00","14:00"
"2","NSW","Fowler                          ",15,"Special Hospital Team 3                                         ","Liverpool Hospital - Mental Health Centre","50 Goulburn St","","","LIVERPOOL","NSW","2170","-33.91951091","150.92909618",1173135,141096,"",30/04/2025,30/04/2025,"10:00","13:30"
"2","NSW","Gilmore                         ",16,"Other Mobile Team 1                                             ","South Coast Correctional Centre","55 The Links Rd","","","NOWRA HILL","NSW","2540","-34.92184341","150.5975105",1127847,141768,"Area One",22/04/2025,22/04/2025,"12:30","15:00"
"2","NSW","Gilmore                         ",16,"Other Mobile Team 1                                             ","South Coast Correctional Centre","55 The Links Rd","","","NOWRA HILL","NSW","2540","-34.92184341","150.5975105",1127847,141768,"Area One",22/04/2025,22/04/2025,"9:00","11:45"
"2","NSW","Gilmore                         ",16,"Other Mobile Team 1                                             ","South Coast Correctional Centre","55 The Links Rd","","","NOWRA HILL","NSW","2540","-34.92184341","150.5975105",1127847,141768,"Area One",23/04/2025,23/04/2025,"9:00","11:45"
"2","NSW","Gilmore                         ",16,"Other Mobile Team 1                                             ","South Coast Correctional Centre","55 The Links Rd","","","NOWRA HILL","NSW","2540","-34.92184341","150.5975105",1127847,141768,"Area One",24/04/2025,24/04/2025,"12:30","15:00"
"2","NSW","Gilmore                         ",16,"Other Mobile Team 1                                             ","South Coast Correctional Centre","55 The Links Rd","","","NOWRA HILL","NSW","2540","-34.92184341","150.5975105",1127847,141768,"Area One",24/04/2025,24/04/2025,"9:00","11:45"
"2","NSW","Gilmore                         ",16,"Other Mobile Team 2                                             ","South Coast Correctional Centre","55 The Links Rd","","","NOWRA HILL","NSW","2540","-34.92184341","150.5975105",1127847,141768,"Area Two",22/04/2025,22/04/2025,"12:30","15:00"
"2","NSW","Gilmore                         ",16,"Other Mobile Team 2                                             ","South Coast Correctional Centre","55 The Links Rd","","","NOWRA HILL","NSW","2540","-34.92184341","150.5975105",1127847,141768,"Area Two",22/04/2025,22/04/2025,"9:00","11:45"
"2","NSW","Gilmore                         ",16,"Other Mobile Team 2                                             ","South Coast Correctional Centre","55 The Links Rd","","","NOWRA HILL","NSW","2540","-34.92184341","150.5975105",1127847,141768,"Area Two",23/04/2025,23/04/2025,"9:00","11:45"
"2","NSW","Gilmore                         ",16,"Other Mobile Team 2                                             ","South Coast Correctional Centre","55 The Links Rd","","","NOWRA HILL","NSW","2540","-34.92184341","150.5975105",1127847,141768,"Area Two",24/04/2025,24/04/2025,"12:30","15:00"
"2","NSW","Gilmore                         ",16,"Other Mobile Team 2                                             ","South Coast Correctional Centre","55 The Links Rd","","","NOWRA HILL","NSW","2540","-34.92184341","150.5975105",1127847,141768,"Area Two",24/04/2025,24/04/2025,"9:00","11:45"
"2","NSW","Gilmore                         ",16,"Other Mobile Team 3                                             ","South Coast Correctional Centre","55 The Links Rd","","","NOWRA HILL","NSW","2540","-34.92184341","150.5975105",1127847,141768,"Area Three",22/04/2025,22/04/2025,"12:30","15:00"
"2","NSW","Gilmore                         ",16,"Other Mobile Team 3                                             ","South Coast Correctional Centre","55 The Links Rd","","","NOWRA HILL","NSW","2540","-34.92184341","150.5975105",1127847,141768,"Area Three",22/04/2025,22/04/2025,"9:00","11:45"
"2","NSW","Gilmore                         ",16,"Other Mobile Team 3                                             ","South Coast Correctional Centre","55 The Links Rd","","","NOWRA HILL","NSW","2540","-34.92184341","150.5975105",1127847,141768,"Area Three",23/04/2025,23/04/2025,"9:00","11:45"
"2","NSW","Gilmore                         ",16,"Other Mobile Team 3                                             ","South Coast Correctional Centre","55 The Links Rd","","","NOWRA HILL","NSW","2540","-34.92184341","150.5975105",1127847,141768,"Area Three",24/04/2025,24/04/2025,"12:30","15:00"
"2","NSW","Gilmore                         ",16,"Other Mobile Team 3                                             ","South Coast Correctional Centre","55 The Links Rd","","","NOWRA HILL","NSW","2540","-34.92184341","150.5975105",1127847,141768,"Area Three",24/04/2025,24/04/2025,"9:00","11:45"
"2","NSW","Gilmore                         ",16,"Other Mobile Team 4                                             ","South Coast Correctional Centre","55 The Links Rd","","","NOWRA HILL","NSW","2540","-34.92184341","150.5975105",1127847,141768,"Area Four",22/04/2025,22/04/2025,"12:30","15:00"
"2","NSW","Gilmore                         ",16,"Other Mobile Team 4                                             ","South Coast Correctional Centre","55 The Links Rd","","","NOWRA HILL","NSW","2540","-34.92184341","150.5975105",1127847,141768,"Area Four",22/04/2025,22/04/2025,"9:00","11:45"
"2","NSW","Gilmore                         ",16,"Other Mobile Team 4                                             ","South Coast Correctional Centre","55 The Links Rd","","","NOWRA HILL","NSW","2540","-34.92184341","150.5975105",1127847,141768,"Area Four",23/04/2025,23/04/2025,"9:00","11:45"
"2","NSW","Gilmore                         ",16,"Other Mobile Team 4                                             ","South Coast Correctional Centre","55 The Links Rd","","","NOWRA HILL","NSW","2540","-34.92184341","150.5975105",1127847,141768,"Area Four",24/04/2025,24/04/2025,"12:30","15:00"
"2","NSW","Gilmore                         ",16,"Other Mobile Team 4                                             ","South Coast Correctional Centre","55 The Links Rd","","","NOWRA HILL","NSW","2540","-34.92184341","150.5975105",1127847,141768,"Area Four",24/04/2025,24/04/2025,"9:00","11:45"
"2","NSW","Gilmore                         ",16,"Special Hospital Team 1                                         ","Blue Haven","14A Bonaira St","","","KIAMA","NSW","2533","-34.683444","150.850943",1113810,122226,"",22/04/2025,22/04/2025,"9:30","15:00"
"2","NSW","Gilmore                         ",16,"Special Hospital Team 1                                         ","Clelland Lodge","201 Illaroo Rd","","","NORTH NOWRA","NSW","2541","-34.856073","150.583742",1127737,34550,"",28/04/2025,28/04/2025,"12:30","16:00"
"2","NSW","Gilmore                         ",16,"Special Hospital Team 1                                         ","RFBI Berry Masonic Village","41 Albany St","","","BERRY","NSW","2535","-34.7800615","150.6931114",1127204,122234,"",24/04/2025,24/04/2025,"9:30","12:00"
"2","NSW","Gilmore                         ",16,"Special Hospital Team 1                                         ","Rose Mumbler Village","55 Judith Dr","","","NORTH NOWRA","NSW","2541","-34.8577505953014","150.575393499965",1127716,122235,"",24/04/2025,24/04/2025,"14:00","15:30"
"2","NSW","Gilmore                         ",16,"Special Hospital Team 1                                         ","Shoalhaven Place Care Community","43 Brinawarr St","","","BOMADERRY","NSW","2541","-34.851857","150.603641",1127723,122236,"",28/04/2025,28/04/2025,"9:00","11:00"
"2","NSW","Gilmore                         ",16,"Special Hospital Team 1                                         ","Uniting Berry","10 Victoria St","","","BERRY","NSW","2535","-34.7800819445054","150.682253424434",1127225,122238,"",30/04/2025,30/04/2025,"9:30","15:00"
"2","NSW","Gilmore                         ",16,"Special Hospital Team 1                                         ","Uniting Gerringong","33 Greta St","","","GERRINGONG","NSW","2534","-34.74750409","150.8243845",1114014,41070,"",23/04/2025,23/04/2025,"9:30","15:00"
"2","NSW","Gilmore                         ",16,"Special Hospital Team 1                                         ","Uniting Osborne Nowra","54-60 Osborne St","","","NOWRA","NSW","2541","-34.8750485675921","150.59927627408",1127808,122239,"",29/04/2025,29/04/2025,"9:30","14:00"
"2","NSW","Gilmore                         ",16,"Special Hospital Team 2                                         ","Ainslie House Hostel ","30 Iverison Rd","","","SUSSEX INLET","NSW","2540","-35.16873664","150.59167823",1128003,122149,"",22/04/2025,22/04/2025,"13:30","15:00"
"2","NSW","Gilmore                         ",16,"Special Hospital Team 2                                         ","IRT Culburra Beach","4 Culburra Rd","","","CULBURRA BEACH","NSW","2540","-34.932799","150.753071",1127416,122152,"",23/04/2025,23/04/2025,"9:30","12:00"
"2","NSW","Gilmore                         ",16,"Special Hospital Team 2                                         ","IRT Greenwell Gardens","4 Brereton St","","","NOWRA","NSW","2541","-34.869927","150.608626",1127816,40727,"",24/04/2025,24/04/2025,"9:30","12:00"
"2","NSW","Gilmore                         ",16,"Special Hospital Team 2                                         ","IRT St Georges Basin","87 Loralyn Ave","","","ST GEORGES BASIN","NSW","2540","-35.09687","150.60015",1127909,122151,"",29/04/2025,29/04/2025,"9:30","12:00"
"2","NSW","Gilmore                         ",16,"Special Hospital Team 2                                         ","Inlet Hostel - Inasmuch Community","18 Iverison Rd","","","SUSSEX INLET","NSW","2540","-35.168045","150.592374",1128003,40726,"",22/04/2025,22/04/2025,"9:30","12:00"
"2","NSW","Gilmore                         ",16,"Special Hospital Team 2                                         ","Jean Ross House ","189 Old Southern Rd","","","SOUTH NOWRA","NSW","2541","-34.903114","150.612833",1127851,126192,"",24/04/2025,24/04/2025,"13:30","16:30"
"2","NSW","Gilmore                         ",16,"Special Hospital Team 2                                         ","Jonathan Rogers House ","124 Wallace St","","","NOWRA","NSW","2541","-34.889095","150.608453",1127821,122232,"",28/04/2025,28/04/2025,"9:30","15:30"
"2","NSW","Gilmore                         ",16,"Special Hospital Team 2                                         ","Nowra Sub Acute - Mental Health Unit","Shoalhaven Hospital","2 Shoalhaven St","","NOWRA","NSW","2541","-34.868855","150.596453",1127833,141836,"",23/04/2025,23/04/2025,"13:30","15:00"
"2","NSW","Gilmore                         ",16,"Special Hospital Team 3                                         ","Arcare Mollymook ","25 Ilett St","","","MOLLYMOOK","NSW","2539","-35.34027382","150.46381659",1128237,122154,"",28/04/2025,28/04/2025,"10:00","14:30"
"2","NSW","Gilmore                         ",16,"Special Hospital Team 3                                         ","Banksia Lodge","65-69 Heath St","","","BROULEE","NSW","2537","-35.8507428156922","150.172237818147",1102104,34514,"",22/04/2025,22/04/2025,"9:30","13:30"
"2","NSW","Gilmore                         ",16,"Special Hospital Team 3                                         ","Catholic Healthcare Maranatha Lodge","56 Calton Rd","","","BATEHAVEN","NSW","2536","-35.738913","150.20309",1101822,122228,"",29/04/2025,29/04/2025,"13:00","15:30"
"2","NSW","Gilmore                         ",16,"Special Hospital Team 3                                         ","Denhams Beach Care Community","269 Beach Rd","","","DENHAMS BEACH","NSW","2536","-35.754041","150.209697",1101809,122157,"",29/04/2025,29/04/2025,"9:30","11:30"
"2","NSW","Gilmore                         ",16,"Special Hospital Team 3                                         ","IRT Crown Gardens","1 Guy La","","","BATEMANS BAY","NSW","2536","-35.7135460550219","150.175021956173",1101706,122230,"",24/04/2025,24/04/2025,"14:00","15:30"
"2","NSW","Gilmore                         ",16,"Special Hospital Team 3                                         ","IRT Moruya","39 River St","","","MORUYA","NSW","2537","-35.90593","150.07334",1102608,122231,"",22/04/2025,22/04/2025,"15:00","16:00"
"2","NSW","Gilmore                         ",16,"Special Hospital Team 3                                         ","IRT Sarah Claydon (SCNH)","130 Princes Hwy","","","MILTON","NSW","2538","-35.31715","150.442407",1128225,122155,"",23/04/2025,23/04/2025,"10:00","12:00"
"2","NSW","Gilmore                         ",16,"Special Hospital Team 3                                         ","The Glen Residential Care Service","16 Correa Pl","","","CATALINA","NSW","2536","-35.734244","150.184589",1101701,122237,"",24/04/2025,24/04/2025,"9:30","12:30"
"2","NSW","Grayndler                       ",17,"Other Mobile Team 1                                             ","Exodus Foundation (Loaves and Fishes)","180 Liverpool Rd","","","ASHFIELD","NSW","2131","-33.89043202935","151.127128378668",1167703,141657,"",01/05/2025,01/05/2025,"9:00","12:30"
"2","NSW","Grayndler                       ",17,"Special Hospital Team 1                                         ","Annandale Grove Care Community","76 Johnston St","","","ANNANDALE","NSW","2038","-33.88396483","151.16874839",1167410,123013,"",22/04/2025,22/04/2025,"9:00","12:30"
"2","NSW","Grayndler                       ",17,"Special Hospital Team 1                                         ","Clover Lea Nursing Home","14 Claremont Rd","","","BURWOOD HEIGHTS","NSW","2136","-33.8887754","151.1064354",1139333,125921,"",24/04/2025,24/04/2025,"9:00","15:00"
"2","NSW","Grayndler                       ",17,"Special Hospital Team 1                                         ","Lewisham Nursing Home and Hostel","1B/1C Thomas St","","","LEWISHAM","NSW","2049","-33.8913089","151.1488309",1139424,125756,"",28/04/2025,28/04/2025,"9:00","14:30"
"2","NSW","Grayndler                       ",17,"Special Hospital Team 1                                         ","St Vincent's Aged Care Haberfield","7 Tillock St","","","HABERFIELD","NSW","2045","-33.87621","151.146734",1139506,123028,"",23/04/2025,23/04/2025,"14:00","16:30"
"2","NSW","Grayndler                       ",17,"Special Hospital Team 1                                         ","Stanmore Place Care Community","66 Cambridge St","","","STANMORE","NSW","2048","-33.89658677519738","151.16838190120407",1132725,123521,"",29/04/2025,29/04/2025,"9:00","12:00"
"2","NSW","Grayndler                       ",17,"Special Hospital Team 1                                         ","The Willows Private Nursing Home","84 Orpington St","","","ASHFIELD","NSW","2131","-33.88441843","151.13368552",1167623,123036,"",30/04/2025,30/04/2025,"9:00","12:00"
"2","NSW","Grayndler                       ",17,"Special Hospital Team 1                                         ","Uniting Abrina ","19-21 Victoria St","","","ASHFIELD","NSW","2131","-33.8923872","151.1296026",1167728,122269,"",22/04/2025,22/04/2025,"14:30","16:30"
"2","NSW","Grayndler                       ",17,"Special Hospital Team 1                                         ","Uniting Thomas Roseby Lodge","388-390 Illawarra Rd","","","MARRICKVILLE","NSW","2204","-33.915513","151.150271",1163721,33150,"",23/04/2025,23/04/2025,"9:00","12:00"
"2","NSW","Grayndler                       ",17,"Special Hospital Team 2                                         ","Ashfield Baptist Homes","27-31 Clissold St","","","ASHFIELD","NSW","2131","-33.8949552","151.1258414",1167726,121995,"",23/04/2025,23/04/2025,"14:00","17:00"
"2","NSW","Grayndler                       ",17,"Special Hospital Team 2                                         ","Ashfield Terrace Care Community","8-10 Clissold St","","","ASHFIELD","NSW","2131","-33.89595","151.127894",1167719,121988,"",23/04/2025,23/04/2025,"9:00","12:00"
"2","NSW","Grayndler                       ",17,"Special Hospital Team 2                                         ","Bupa Aged Care Ashfield","16 Hardy St","","","ASHFIELD","NSW","2131","-33.9024502","151.1263217",1167713,121989,"",24/04/2025,24/04/2025,"9:00","11:30"
"2","NSW","Grayndler                       ",17,"Special Hospital Team 2                                         ","Catholic Healthcare Holy Spirit ","6 Brighton St","","","CROYDON","NSW","2132","-33.88917","151.1104718",1139324,121990,"",28/04/2025,28/04/2025,"9:00","14:00"
"2","NSW","Grayndler                       ",17,"Special Hospital Team 2                                         ","Catholic Healthcare Holy Spirit ","6 Brighton St","","","CROYDON","NSW","2132","-33.88917","151.1104718",1139324,121990,"",29/04/2025,29/04/2025,"9:00","12:00"
"2","NSW","Grayndler                       ",17,"Special Hospital Team 2                                         ","Hardi Aged Care ","47 Grosvenor Cres","","","SUMMER HILL","NSW","2130","-33.88928715","151.13721624",1139512,123038,"",22/04/2025,22/04/2025,"9:00","12:30"
"2","NSW","Grayndler                       ",17,"Special Hospital Team 2                                         ","Uniting Annesley ","1 Haberfield Rd","","","HABERFIELD","NSW","2045","-33.8864647","151.1409568",1139525,123032,"",22/04/2025,22/04/2025,"14:30","16:30"
"2","NSW","Grayndler                       ",17,"Special Hospital Team 2                                         ","Uniting Annesley ","1 Haberfield Rd","","","HABERFIELD","NSW","2045","-33.8864647","151.1409568",1139525,123032,"",29/04/2025,29/04/2025,"14:00","15:00"
"2","NSW","Grayndler                       ",17,"Special Hospital Team 2                                         ","Uniting Locke Haven ","60 New Canterbury Rd","","","PETERSHAM","NSW","2049","-33.89643819","151.15485727",1132706,123033,"",24/04/2025,24/04/2025,"13:30","15:30"
"2","NSW","Grayndler                       ",17,"Special Hospital Team 2                                         ","Uniting The Marion ","237 Marion St","","","LEICHHARDT","NSW","2040","-33.8835456","151.1460673",1167530,123034,"",30/04/2025,30/04/2025,"9:00","16:00"
"2","NSW","Grayndler                       ",17,"Special Hospital Team 2                                         ","Uniting The Marion ","237 Marion St","","","LEICHHARDT","NSW","2040","-33.8835456","151.1460673",1167530,123034,"",01/05/2025,01/05/2025,"9:00","13:00"
"2","NSW","Greenway                        ",18,"Special Hospital Team 1                                         ","Adventist Aged Care Kings Langley","56 Elsom St","","","KINGS LANGLEY","NSW","2147","-33.7420778389648","150.918342018235",1130730,122032,"",24/04/2025,24/04/2025,"9:00","14:30"
"2","NSW","Greenway                        ",18,"Special Hospital Team 1                                         ","Blacktown Nursing Home","190-196 Stephen St","","","BLACKTOWN","NSW","2148","-33.76615534","150.9186204",1130326,122033,"",23/04/2025,23/04/2025,"9:00","13:30"
"2","NSW","Greenway                        ",18,"Special Hospital Team 1                                         ","Dudley Foord House","4 View St","","","THE PONDS","NSW","2769","-33.7184967285322","150.915448141763",1162810,122021,"",29/04/2025,29/04/2025,"9:00","14:30"
"2","NSW","Greenway                        ",18,"Special Hospital Team 1                                         ","Quakers Hillside Care Community","35 Hambledon Rd","","","QUAKERS HILL","NSW","2763","-33.7195007","150.8915724",1156347,122038,"",28/04/2025,28/04/2025,"9:00","14:30"
"2","NSW","Greenway                        ",18,"Special Hospital Team 1                                         ","Seven Hills Nursing Home","1 Crews Rd","","","SEVEN HILLS","NSW","2147","-33.76078892","150.94914869",1130728,122039,"",22/04/2025,22/04/2025,"9:00","14:00"
"2","NSW","Hughes                          ",19,"Special Hospital Team 1                                         ","Advantaged Care at Barden Lodge","11 Barden Rd","","","BARDEN RIDGE","NSW","2234","-34.0243645","151.0094527",1153503,71932,"",23/04/2025,23/04/2025,"10:00","12:30"
"2","NSW","Hughes                          ",19,"Special Hospital Team 1                                         ","BaptistCare Warena Centre Aged Care Home","15 Bangaroo St","","","BANGOR","NSW","2234","-34.0168333","151.0279414",1153539,35906,"",24/04/2025,24/04/2025,"14:00","16:30"
"2","NSW","Hughes                          ",19,"Special Hospital Team 1                                         ","Bond House HammondCare ","8-10 Judd Ave","","","HAMMONDVILLE","NSW","2170","-33.9506194","150.9595265",1152449,12493,"",29/04/2025,29/04/2025,"10:00","14:00"
"2","NSW","Hughes                          ",19,"Special Hospital Team 1                                         ","Heritage Illawong Aged Care","351 Fowler Rd","","","ILLAWONG","NSW","2234","-33.997602","151.02771",1153418,121843,"",24/04/2025,24/04/2025,"10:30","12:00"
"2","NSW","Hughes                          ",19,"Special Hospital Team 1                                         ","Moran Aged Care Engadine","99 Caldarra Ave","","","ENGADINE","NSW","2233","-34.0650055901019","151.014370061527",1160708,72860,"",30/04/2025,30/04/2025,"9:30","12:00"
"2","NSW","Hughes                          ",19,"Special Hospital Team 1                                         ","Nagle Residential Aged Care","144 Flora St","","","SUTHERLAND","NSW","2232","-34.032423","151.060583",1153851,121844,"",23/04/2025,23/04/2025,"15:00","16:30"
"2","NSW","Hughes                          ",19,"Special Hospital Team 1                                         ","St Vincent's Aged Care Heathcote","15 The Avenue","","","HEATHCOTE","NSW","2233","-34.07931","151.01385",1153701,35907,"",28/04/2025,28/04/2025,"10:00","17:00"
"2","NSW","Hughes                          ",19,"Special Hospital Team 2                                         ","Whiddon Glenfield","81 Belmont Rd","","","GLENFIELD","NSW","2167","-33.97703427","150.90020038",1170410,122911,"Whiddon Arthur Webb",23/04/2025,23/04/2025,"13:00","15:30"
"2","NSW","Hughes                          ",19,"Special Hospital Team 2                                         ","Whiddon Glenfield","81 Belmont Rd","","","GLENFIELD","NSW","2167","-33.97703427","150.90020038",1170410,122911,"Whiddon Easton Park",29/04/2025,29/04/2025,"9:30","14:30"
"2","NSW","Hughes                          ",19,"Special Hospital Team 2                                         ","Whiddon Glenfield","81 Belmont Rd","","","GLENFIELD","NSW","2167","-33.97703427","150.90020038",1170410,122911,"Whiddon Sir David Martin",28/04/2025,28/04/2025,"9:30","15:30"
"2","NSW","Hughes                          ",19,"Special Hospital Team 2                                         ","Whiddon Glenfield","81 Belmont Rd","","","GLENFIELD","NSW","2167","-33.97703427","150.90020038",1170410,122911,"Whiddon Taylor House",24/04/2025,24/04/2025,"9:30","15:30"
"2","NSW","Hume                            ",20,"Special Hospital Team 1                                         ","Agris Hutrof House RSL Lifecare","25 Estonian Rd"," ","","THIRLMERE","NSW","2572","-34.2029425086795","150.552229720242",1144712,122946,"",30/04/2025,30/04/2025,"9:30","15:00"
"2","NSW","Hume                            ",20,"Special Hospital Team 1                                         ","Carrington Nursing Home","90 Werombi Rd","","","GRASMERE","NSW","2570","-34.0527668083862","150.670346482863",1143302,91593,"Grasmere Terrace",28/04/2025,28/04/2025,"9:30","14:00"
"2","NSW","Hume                            ",20,"Special Hospital Team 1                                         ","Carrington Nursing Home","90 Werombi Rd","","","GRASMERE","NSW","2570","-34.0527668083862","150.670346482863",1143302,91593,"Mary Mackillop",23/04/2025,23/04/2025,"9:30","14:00"
"2","NSW","Hume                            ",20,"Special Hospital Team 1                                         ","Carrington Nursing Home","90 Werombi Rd","","","GRASMERE","NSW","2570","-34.0527668083862","150.670346482863",1143302,91593,"Paling Court",24/04/2025,24/04/2025,"9:30","14:00"
"2","NSW","Hume                            ",20,"Special Hospital Team 1                                         ","Carrington Nursing Home","90 Werombi Rd","","","GRASMERE","NSW","2570","-34.0527668083862","150.670346482863",1143302,91593,"Werombi Court",29/04/2025,29/04/2025,"9:30","14:00"
"2","NSW","Hume                            ",20,"Special Hospital Team 2                                         ","Anglicare Barry Marsh House","2-24 Grice St","","","ORAN PARK","NSW","2570","-34.0047934","150.74313507",1172906,122392,"",24/04/2025,24/04/2025,"9:00","12:00"
"2","NSW","Hume                            ",20,"Special Hospital Team 2                                         ","BaptistCare Durham Green","153 Menangle Rd","","","MENANGLE","NSW","2568","-34.133189","150.7384106",1144625,123042,"",28/04/2025,28/04/2025,"9:00","15:00"
"2","NSW","Hume                            ",20,"Special Hospital Team 2                                         ","Estia Health Camden","82 Old Hume Hwy","","","CAMDEN","NSW","2570","-34.0726096208412","150.695718026576",1143309,122804,"",29/04/2025,29/04/2025,"9:30","13:00"
"2","NSW","Hume                            ",20,"Special Hospital Team 2                                         ","John Goodlet Manor","615 Thirlmere Way","","","THIRLMERE","NSW","2572","-34.1890314","150.5877709",1144713,122886,"",30/04/2025,30/04/2025,"9:30","13:00"
"2","NSW","Hume                            ",20,"Special Hospital Team 2                                         ","Oran Park House Aged Care Facility","1 Thompson Rd","","","ORAN PARK","NSW","2570","-33.99603045","150.73850523",1172910,122810,"",23/04/2025,23/04/2025,"9:30","14:30"
"2","NSW","Hunter                          ",21,"Other Mobile Team 1                                             ","Cessnock Correctional Centre","75 Lindsay St","","","CESSNOCK","NSW","2325","-32.8191","151.3405",1110861,141652,"Area One",28/04/2025,28/04/2025,"10:00","14:20"
"2","NSW","Hunter                          ",21,"Other Mobile Team 1                                             ","Cessnock Correctional Centre","75 Lindsay St","","","CESSNOCK","NSW","2325","-32.8191","151.3405",1110861,141652,"Area One",29/04/2025,29/04/2025,"10:00","14:20"
"2","NSW","Hunter                          ",21,"Other Mobile Team 1                                             ","Hunter Correctional Centre","75 Lindsay St","","","CESSNOCK","NSW","2325","-32.82673773","151.34076971",1110811,141655,"Area One",22/04/2025,22/04/2025,"9:30","13:50"
"2","NSW","Hunter                          ",21,"Other Mobile Team 1                                             ","Shortland Correctional Centre","Tuhega Dr","25 Lindsay St","","CESSNOCK","NSW","2325","-32.8280781","151.34019397",1110811,141653,"Area One",23/04/2025,23/04/2025,"9:30","14:20"
"2","NSW","Hunter                          ",21,"Other Mobile Team 1                                             ","Shortland Correctional Centre","Tuhega Dr","25 Lindsay St","","CESSNOCK","NSW","2325","-32.8280781","151.34019397",1110811,141653,"Area One",24/04/2025,24/04/2025,"9:30","14:20"
"2","NSW","Hunter                          ",21,"Other Mobile Team 2                                             ","Cessnock Correctional Centre","75 Lindsay St","","","CESSNOCK","NSW","2325","-32.8191","151.3405",1110861,141652,"Area Two",28/04/2025,28/04/2025,"10:00","14:20"
"2","NSW","Hunter                          ",21,"Other Mobile Team 2                                             ","Cessnock Correctional Centre","75 Lindsay St","","","CESSNOCK","NSW","2325","-32.8191","151.3405",1110861,141652,"Area Two",29/04/2025,29/04/2025,"10:00","14:20"
"2","NSW","Hunter                          ",21,"Other Mobile Team 2                                             ","Hunter Correctional Centre","75 Lindsay St","","","CESSNOCK","NSW","2325","-32.82673773","151.34076971",1110811,141655,"Area Two",22/04/2025,22/04/2025,"9:30","13:50"
"2","NSW","Hunter                          ",21,"Other Mobile Team 2                                             ","Shortland Correctional Centre","Tuhega Dr","25 Lindsay St","","CESSNOCK","NSW","2325","-32.8280781","151.34019397",1110811,141654,"Area Two",23/04/2025,23/04/2025,"9:30","14:20"
"2","NSW","Hunter                          ",21,"Other Mobile Team 2                                             ","Shortland Correctional Centre","Tuhega Dr","25 Lindsay St","","CESSNOCK","NSW","2325","-32.8280781","151.34019397",1110811,141654,"Area Two",24/04/2025,24/04/2025,"9:30","14:20"
"2","NSW","Hunter                          ",21,"Special Hospital Team 1                                         ","Anglican Care Kilpatrick Court","152 Brighton Ave","","","TORONTO","NSW","2283","-33.0145241","151.5925104",1121916,122273,"",22/04/2025,22/04/2025,"12:00","14:50"
"2","NSW","Hunter                          ",21,"Special Hospital Team 1                                         ","BaptistCare Bethshan Gardens Centre","30 Forest Rd","","","WYEE","NSW","2259","-33.16953103","151.47504667",1121809,122275,"",23/04/2025,23/04/2025,"9:30","14:00"
"2","NSW","Hunter                          ",21,"Special Hospital Team 1                                         ","Bayside Residential Aged Care Facility","136 Marconi Rd"," ","","BONNELLS BAY","NSW","2264","-33.105528","151.506082",1121831,122279,"",28/04/2025,28/04/2025,"9:30","12:20"
"2","NSW","Hunter                          ",21,"Special Hospital Team 1                                         ","Cameron Park Care Community","60 Northlakes Dr","","","CAMERON PARK","NSW","2285","-32.9090307","151.6138434",1121748,126135,"",24/04/2025,24/04/2025,"9:30","12:30"
"2","NSW","Hunter                          ",21,"Special Hospital Team 1                                         ","Morisset Mental Health Hospital","Morisset Park Rd","","","MORISSET","NSW","2264","-33.126982","151.513619",1121817,141833,"",29/04/2025,29/04/2025,"9:30","15:30"
"2","NSW","Hunter                          ",21,"Special Hospital Team 2                                         ","Calvary Cessnock Retirement Community  ","Residential Care","19 Wine Country Dr","","CESSNOCK","NSW","2325","-32.8170098422121","151.346109920485",1110818,70148,"",23/04/2025,23/04/2025,"9:30","14:30"
"2","NSW","Hunter                          ",21,"Special Hospital Team 2                                         ","Mountain View Lodge Hostel","28 Jurd St","","","CESSNOCK","NSW","2325","-32.8263935","151.3474204",1110812,122484,"",24/04/2025,24/04/2025,"9:30","11:30"
"2","NSW","Hunter                          ",21,"Special Hospital Team 2                                         ","Northern Coalfields Community Care Cessnock","2 Mount View Rd","","","CESSNOCK","NSW","2325","-32.8324111227079","151.350213897894",1110813,122486,"",28/04/2025,28/04/2025,"9:30","13:30"
"2","NSW","Hunter                          ",21,"Special Hospital Team 2                                         ","RFBI Kurri Kurri Masonic Village","Residential Care","412 Lang St","","KURRI KURRI","NSW","2327","-32.825015","151.465032",1111116,141680,"",24/04/2025,24/04/2025,"12:30","15:30"
"2","NSW","Hunter                          ",21,"Special Hospital Team 2                                         ","Uniting Singleton","128 Blaxland Ave","","","SINGLETON HEIGHTS","NSW","2330","-32.547942","151.167553",1111240,122493,"",22/04/2025,22/04/2025,"10:00","11:30"
"2","NSW","Hunter                          ",21,"Special Hospital Team 2                                         ","We Help Ourselves Hunter (WHOS)","We Help Ourselves Hunter","19 Wine Country Dr","","CESSNOCK","NSW","2325","-32.81795855","151.34835154",1110818,142267,"",22/04/2025,22/04/2025,"13:30","16:00"
"2","NSW","Hunter                          ",21,"Special Hospital Team 3                                         ","Bolton Clarke Macquarie View Residential Care","12 The Ridgeway","","","BOLTON POINT","NSW","2283","-33.0023134389416","151.615098098955",1121508,122477,"",23/04/2025,23/04/2025,"9:30","13:00"
"2","NSW","Hunter                          ",21,"Special Hospital Team 3                                         ","Fig Tree Point Aged Care Facility","7 Harris St","","","TORONTO","NSW","2283","-33.004549","151.598926",1121903,122351,"",28/04/2025,28/04/2025,"9:30","12:50"
"2","NSW","Hunter                          ",21,"Special Hospital Team 3                                         ","RFBI Hawkins Masonic Village Residential Care","3 Northville Dr","","","EDGEWORTH","NSW","2285","-32.9281266075118","151.605629220169",1121701,122492,"",29/04/2025,29/04/2025,"9:30","12:20"
"2","NSW","Hunter                          ",21,"Special Hospital Team 3                                         ","Waterview Aged Care Facility","16 Cumberland St","","","TERALBA","NSW","2284","-32.9669737878414","151.606172404907",1121518,122494,"",22/04/2025,22/04/2025,"10:00","16:00"
"2","NSW","Kingsford Smith                 ",22,"Other Mobile Team 1                                             ","Long Bay Hospital Area 1","1300 Anzac Pde","","","MALABAR","NSW","2036","-33.97227","151.24324",1165225,142264,"Area One",28/04/2025,28/04/2025,"9:00","13:30"
"2","NSW","Kingsford Smith                 ",22,"Other Mobile Team 1                                             ","Metropolitan Special Programs Centre","1300 Anzac Pde","","","MALABAR","NSW","2036","-33.97227","151.24324",1165225,142261,"Area One",22/04/2025,22/04/2025,"9:00","14:00"
"2","NSW","Kingsford Smith                 ",22,"Other Mobile Team 1                                             ","Metropolitan Special Programs Centre","1300 Anzac Pde","","","MALABAR","NSW","2036","-33.97227","151.24324",1165225,142261,"Area One",23/04/2025,23/04/2025,"9:00","14:00"
"2","NSW","Kingsford Smith                 ",22,"Other Mobile Team 1                                             ","Metropolitan Special Programs Centre","1300 Anzac Pde","","","MALABAR","NSW","2036","-33.97227","151.24324",1165225,142261,"Area One",24/04/2025,24/04/2025,"9:00","14:00"
"2","NSW","Kingsford Smith                 ",22,"Other Mobile Team 2                                             ","Metropolitan Special Programs Centre","1300 Anzac Pde","","","MALABAR","NSW","2036","-33.97227","151.24324",1165225,142261,"Area Two",22/04/2025,22/04/2025,"9:00","14:00"
"2","NSW","Kingsford Smith                 ",22,"Other Mobile Team 2                                             ","Metropolitan Special Programs Centre","1300 Anzac Pde","","","MALABAR","NSW","2036","-33.97227","151.24324",1165225,142261,"Area Two",23/04/2025,23/04/2025,"9:00","14:00"
"2","NSW","Kingsford Smith                 ",22,"Other Mobile Team 2                                             ","Metropolitan Special Programs Centre","1300 Anzac Pde","","","MALABAR","NSW","2036","-33.97227","151.24324",1165225,142261,"Area Two",24/04/2025,24/04/2025,"9:00","14:00"
"2","NSW","Kingsford Smith                 ",22,"Other Mobile Team 2                                             ","The Forensic Hospital","1300 Anzac Pde","","","MALABAR","NSW","2039","-33.97233","151.24321",1165225,142266,"",28/04/2025,28/04/2025,"9:00","15:00"
"2","NSW","Kingsford Smith                 ",22,"Other Mobile Team 3                                             ","Long Bay Hospital Area 2","1300 Anzac Pde","","","MALABAR","NSW","2036","-33.97086863","151.24359566",1165225,142265,"Area Two",28/04/2025,28/04/2025,"9:00","13:30"
"2","NSW","Kingsford Smith                 ",22,"Other Mobile Team 3                                             ","Long Bay Hospital Area 2","1300 Anzac Pde","","","MALABAR","NSW","2036","-33.97086863","151.24359566",1165225,142265,"Area Two",29/04/2025,29/04/2025,"9:00","13:00"
"2","NSW","Kingsford Smith                 ",22,"Other Mobile Team 3                                             ","Long Bay Hospital Area 2","1300 Anzac Pde","","","MALABAR","NSW","2036","-33.97086863","151.24359566",1165225,142265,"Area Two",30/04/2025,30/04/2025,"9:00","13:00"
"2","NSW","Kingsford Smith                 ",22,"Other Mobile Team 3                                             ","Metropolitan Special Programs Centre","1300 Anzac Pde","","","MALABAR","NSW","2036","-33.97227","151.24324",1165225,142261,"Area Three",22/04/2025,22/04/2025,"9:00","14:00"
"2","NSW","Kingsford Smith                 ",22,"Other Mobile Team 3                                             ","Metropolitan Special Programs Centre","1300 Anzac Pde","","","MALABAR","NSW","2036","-33.97227","151.24324",1165225,142261,"Area Three",23/04/2025,23/04/2025,"9:00","14:00"
"2","NSW","Kingsford Smith                 ",22,"Other Mobile Team 3                                             ","Metropolitan Special Programs Centre","1300 Anzac Pde","","","MALABAR","NSW","2036","-33.97227","151.24324",1165225,142261,"Area Three",24/04/2025,24/04/2025,"9:00","14:00"
"2","NSW","Kingsford Smith                 ",22,"Special Hospital Team 1                                         ","Aeralife Botany","31 Edgehill Ave","","","BOTANY","NSW","2019","-33.9532103464481","151.198562670007",1132115,123020,"",28/04/2025,28/04/2025,"9:00","15:00"
"2","NSW","Kingsford Smith                 ",22,"Special Hospital Team 1                                         ","Anglicare Dorothy Boyt House ","31 Raglan St","","","MALABAR","NSW","2036","-33.966265","151.248998",1165217,123011,"",23/04/2025,23/04/2025,"9:00","10:30"
"2","NSW","Kingsford Smith                 ",22,"Special Hospital Team 1                                         ","Bupa Aged Care Maroubra","288-290 Maroubra Rd","","","MAROUBRA","NSW","2035","-33.94238973","151.24788533",1156620,122933,"",24/04/2025,24/04/2025,"9:00","12:30"
"2","NSW","Kingsford Smith                 ",22,"Special Hospital Team 1                                         ","Catholic Healthcare - Brigidine House","7 Coogee Bay Rd","","","RANDWICK","NSW","2031","-33.9191201704336","151.24377097811",1157029,123017,"",23/04/2025,23/04/2025,"15:00","16:00"
"2","NSW","Kingsford Smith                 ",22,"Special Hospital Team 1                                         ","Catholic Healthcare - St James Villa ","60 Lawson St","","","MATRAVILLE","NSW","2036","-33.96296154","151.24437184",1165320,123010,"",22/04/2025,22/04/2025,"14:30","16:30"
"2","NSW","Kingsford Smith                 ",22,"Special Hospital Team 1                                         ","Milford House Nursing Home","2 Milford St","","","RANDWICK","NSW","2031","-33.9150414","151.2420392",1157023,123022,"",22/04/2025,22/04/2025,"9:00","12:30"
"2","NSW","Kingsford Smith                 ",22,"Special Hospital Team 1                                         ","Prince Of Wales Hospital - Mental Health Unit","320-346 Barker St ","","","RANDWICK ","NSW","2031","-33.91896","151.23927",1157015,126934,"",29/04/2025,29/04/2025,"9:00","14:30"
"2","NSW","Kingsford Smith                 ",22,"Special Hospital Team 1                                         ","Southern Cross Care - Kildare Residential Aged Care","216 Maroubra Rd","","","MAROUBRA","NSW","2035","-33.9417813","151.2428953",1156621,123012,"",23/04/2025,23/04/2025,"12:30","13:30"
"2","NSW","Kingsford Smith                 ",22,"Special Hospital Team 1                                         ","St Joseph's Aged Care Facility ","Staff Quarters","2 Kensington Rd","","KENSINGTON","NSW","2033","-33.91240021","151.2197823",1156406,125552,"",24/04/2025,24/04/2025,"14:30","16:30"
"2","NSW","Kingsford Smith                 ",22,"Special Hospital Team 2                                         ","Australian Unity - St Brigid's Green Aged Care","220-230 Maroubra Rd","","","MAROUBRA","NSW","2035","-33.9417875","151.243761",1156621,121650,"",22/04/2025,22/04/2025,"9:00","14:30"
"2","NSW","Kingsford Smith                 ",22,"Special Hospital Team 2                                         ","Calvary Brighton-Le-Sands","2 Reading Rd","","","BRIGHTON-LE-SANDS","NSW","2216","-33.95492452","151.15575905",1138002,122003,"",28/04/2025,28/04/2025,"9:00","13:30"
"2","NSW","Kingsford Smith                 ",22,"Special Hospital Team 2                                         ","Mark Moran Little Bay","1420 Anzac Pde","","","LITTLE BAY","NSW","2036","-33.9808815","151.244626",1165222,121656,"",23/04/2025,23/04/2025,"9:00","14:00"
"2","NSW","Kingsford Smith                 ",22,"Special Hospital Team 2                                         ","Mark Moran Little Bay","1420 Anzac Pde","","","LITTLE BAY","NSW","2036","-33.9808815","151.244626",1165222,121656,"",24/04/2025,24/04/2025,"9:00","14:00"
"2","NSW","Kingsford Smith                 ",22,"Special Hospital Team 2                                         ","Southern Cross Care - Daceyville Residential Aged Care","1-3 Gwea Ave","","","DACEYVILLE","NSW","2032","-33.92958955","151.22482686",1132308,123023,"",30/04/2025,30/04/2025,"9:00","13:00"
"2","NSW","Kingsford Smith                 ",22,"Special Hospital Team 2                                         ","St Basil's Randwick","57-63 St Pauls St","","","RANDWICK","NSW","2031","-33.9203","151.244276",1157029,123024,"",29/04/2025,29/04/2025,"9:00","15:30"
"2","NSW","Lindsay                         ",23,"Other Mobile Team 1                                             ","John Morony Correctional Centre","2 The Northern Rd","","","BERKSHIRE PARK","NSW","2756","-33.648983","150.782642",1146808,141055,"Area One",22/04/2025,22/04/2025,"9:00","14:00"
"2","NSW","Lindsay                         ",23,"Other Mobile Team 1                                             ","John Morony Correctional Centre","2 The Northern Rd","","","BERKSHIRE PARK","NSW","2756","-33.648983","150.782642",1146808,141055,"Area One",23/04/2025,23/04/2025,"9:00","14:00"
"2","NSW","Lindsay                         ",23,"Other Mobile Team 2                                             ","John Morony Correctional Centre","2 The Northern Rd","","","BERKSHIRE PARK","NSW","2756","-33.648983","150.782642",1146808,141055,"Area Two",22/04/2025,22/04/2025,"9:00","14:00"
"2","NSW","Lindsay                         ",23,"Other Mobile Team 2                                             ","John Morony Correctional Centre","2 The Northern Rd","","","BERKSHIRE PARK","NSW","2756","-33.648983","150.782642",1146808,141055,"Area Two",23/04/2025,23/04/2025,"9:00","14:00"
"2","NSW","Lindsay                         ",23,"Other Mobile Team 3                                             ","Dillwynia Correctional Centre","2 The Northern Rd","","","BERKSHIRE PARK","NSW","2756","-33.648983","150.782642",1146808,141085,"Area One",23/04/2025,23/04/2025,"9:00","15:00"
"2","NSW","Lindsay                         ",23,"Other Mobile Team 3                                             ","Dillwynia Correctional Centre","2 The Northern Rd","","","BERKSHIRE PARK","NSW","2756","-33.648983","150.782642",1146808,141085,"Area One",24/04/2025,24/04/2025,"9:00","15:00"
"2","NSW","Lindsay                         ",23,"Other Mobile Team 3                                             ","Geoffrey Pearce Correctional Centre","2 The Northern Rd","","","BERKSHIRE PARK","NSW","2756","-33.648983","150.782642",1146808,142598,"Area One",22/04/2025,22/04/2025,"9:00","15:00"
"2","NSW","Lindsay                         ",23,"Other Mobile Team 4                                             ","Dillwynia Correctional Centre","2 The Northern Rd","","","BERKSHIRE PARK","NSW","2756","-33.648983","150.782642",1146808,141085,"Area Two",23/04/2025,23/04/2025,"9:00","15:00"
"2","NSW","Lindsay                         ",23,"Other Mobile Team 4                                             ","Dillwynia Correctional Centre","2 The Northern Rd","","","BERKSHIRE PARK","NSW","2756","-33.648983","150.782642",1146808,141085,"Area Two",24/04/2025,24/04/2025,"9:00","15:00"
"2","NSW","Lindsay                         ",23,"Other Mobile Team 4                                             ","Geoffrey Pearce Correctional Centre","2 The Northern Rd","","","BERKSHIRE PARK","NSW","2756","-33.648983","150.782642",1146808,142598,"Area Two",22/04/2025,22/04/2025,"9:00","15:00"
"2","NSW","Lindsay                         ",23,"Special Hospital Team 1                                         ","Heritage Care Kingswood","29 George St","","","KINGSWOOD","NSW","2747","-33.759458","150.731455",1146263,122042,"",29/04/2025,29/04/2025,"9:30","14:30"
"2","NSW","Lindsay                         ",23,"Special Hospital Team 1                                         ","Newmarch House","50-52 Manning St","","","CADDENS","NSW","2747","-33.7460384","150.7022561",1146441,122040,"",22/04/2025,22/04/2025,"9:30","14:00"
"2","NSW","Lindsay                         ",23,"Special Hospital Team 1                                         ","Southern Cross Care Thornton Park","72-78 Empire Cct","","","PENRITH","NSW","2750","-33.747691","150.702283",1146438,122041,"",23/04/2025,23/04/2025,"9:30","14:00"
"2","NSW","Lindsay                         ",23,"Special Hospital Team 1                                         ","SummitCare Penrith","366 Jamison Rd","","","JAMISONTOWN","NSW","2750","-33.7610391673903","150.68178976952",1146138,122043,"",24/04/2025,24/04/2025,"9:30","14:30"
"2","NSW","Lindsay                         ",23,"Special Hospital Team 1                                         ","SummitCare St Marys","57 Saddington St","","","ST MARYS","NSW","2760","-33.772475","150.769535",1158137,122044,"",28/04/2025,28/04/2025,"9:30","15:00"
"2","NSW","Lindsay                         ",23,"Special Hospital Team 2                                         ","Anglicare Lemongrove Gardens","32 Gascoigne St","","","PENRITH","NSW","2750","-33.75261653","150.71037447",1146413,122046,"",29/04/2025,29/04/2025,"9:30","13:30"
"2","NSW","Lindsay                         ",23,"Special Hospital Team 2                                         ","Boronia House","183-197 Boronia Rd","","","NORTH ST MARYS","NSW","2760","-33.74826435","150.77882551",1158128,122047,"",22/04/2025,22/04/2025,"9:30","15:30"
"2","NSW","Lindsay                         ",23,"Special Hospital Team 2                                         ","Glenmore Park Care Community","5-7 Floribunda Ave","","","GLENMORE PARK","NSW","2745","-33.7818118","150.66643491",1146022,122045,"",23/04/2025,23/04/2025,"9:30","14:00"
"2","NSW","Lindsay                         ",23,"Special Hospital Team 2                                         ","Governor Phillip Manor","64 Glebe Pl","","","PENRITH","NSW","2750","-33.75110015","150.70959621",1146413,122048,"",30/04/2025,30/04/2025,"9:30","14:30"
"2","NSW","Lindsay                         ",23,"Special Hospital Team 2                                         ","Mountainview Nursing Home","57 Mulgoa Rd","","","PENRITH","NSW","2750","-33.75528201","150.68596302",1146424,122049,"",28/04/2025,28/04/2025,"13:00","16:30"
"2","NSW","Lindsay                         ",23,"Special Hospital Team 2                                         ","The Royce Aged Care Pty Ltd","1 Royce Way","","","PENRITH","NSW","2750","-33.759804","150.682174",1146424,122050,"",24/04/2025,24/04/2025,"9:00","16:00"
"2","NSW","Lindsay                         ",23,"Special Hospital Team 2                                         ","The Royce Aged Care Pty Ltd","1 Royce Way","","","PENRITH","NSW","2750","-33.759804","150.682174",1146424,122050,"",28/04/2025,28/04/2025,"9:00","11:30"
"2","NSW","Lyne                            ",24,"Special Hospital Team 1                                         ","Bundaleer Care Operations","142A Cameron St","","","WAUCHOPE","NSW","2446","-31.467887","152.734013",1116609,13732,"",24/04/2025,24/04/2025,"10:00","12:30"
"2","NSW","Lyne                            ",24,"Special Hospital Team 1                                         ","Bundaleer Care Operations","142A Cameron St","","","WAUCHOPE","NSW","2446","-31.467887","152.734013",1116609,13732,"",24/04/2025,24/04/2025,"13:00","14:15"
"2","NSW","Lyne                            ",24,"Special Hospital Team 1                                         ","Laurieton Lakeside Aged Care Residence","349 Ocean Dr","","","WEST HAVEN","NSW","2443","-31.63167","152.78452",1116232,107155,"",23/04/2025,23/04/2025,"10:00","12:00"
"2","NSW","Lyne                            ",24,"Special Hospital Team 1                                         ","Laurieton Lakeside Aged Care Residence","349 Ocean Dr","","","WEST HAVEN","NSW","2443","-31.63167","152.78452",1116232,107155,"",23/04/2025,23/04/2025,"12:30","13:30"
"2","NSW","Lyne                            ",24,"Special Hospital Team 1                                         ","Manning Base Hospital - Mental Health Unit","26 York St","","","TAREE","NSW","2430","-31.91027544","152.45501156",1116963,126733,"",29/04/2025,29/04/2025,"10:00","12:15"
"2","NSW","Lyne                            ",24,"Special Hospital Team 1                                         ","Whiddon Laurieton","57 Peach Gr","","","LAURIETON","NSW","2443","-31.64615854","152.79417442",1116213,13742,"",28/04/2025,28/04/2025,"10:00","12:00"
"2","NSW","Lyne                            ",24,"Special Hospital Team 1                                         ","Whiddon Laurieton","57 Peach Gr","","","LAURIETON","NSW","2443","-31.64615854","152.79417442",1116213,13742,"",28/04/2025,28/04/2025,"12:30","13:45"
"2","NSW","Lyne                            ",24,"Special Hospital Team 1                                         ","Whiddon Wingham","12 Primrose St","","","WINGHAM","NSW","2429","-31.86920075","152.37071464",1117114,126039,"",30/04/2025,30/04/2025,"10:00","12:30"
"2","NSW","Lyne                            ",24,"Special Hospital Team 1                                         ","Whiddon Wingham","12 Primrose St","","","WINGHAM","NSW","2429","-31.86920075","152.37071464",1117114,126039,"",30/04/2025,30/04/2025,"13:00","15:00"
"2","NSW","Lyne                            ",24,"Special Hospital Team 2                                         ","Alkira Lodge","2A Bushland Dr","","","TAREE","NSW","2430","-31.895389","152.484865",1116952,34386,"",22/04/2025,22/04/2025,"10:00","12:30"
"2","NSW","Lyne                            ",24,"Special Hospital Team 2                                         ","Anglican Care Bishop Tyrrell Place","60 Princes St","","","CUNDLETOWN","NSW","2430","-31.9004981","152.5262886",1116950,69414,"",24/04/2025,24/04/2025,"10:00","12:30"
"2","NSW","Lyne                            ",24,"Special Hospital Team 2                                         ","Anglican Care Bishop Tyrrell Place","60 Princes St","","","CUNDLETOWN","NSW","2430","-31.9004981","152.5262886",1116950,69414,"",24/04/2025,24/04/2025,"13:00","13:30"
"2","NSW","Lyne                            ",24,"Special Hospital Team 2                                         ","Anglican Care Storm Village","109 Cowper St","","","TAREE","NSW","2430","-31.897882","152.472352",1116903,13768,"",30/04/2025,30/04/2025,"10:00","12:00"
"2","NSW","Lyne                            ",24,"Special Hospital Team 2                                         ","Anglican Care Storm Village","109 Cowper St","","","TAREE","NSW","2430","-31.897882","152.472352",1116903,13768,"",30/04/2025,30/04/2025,"12:30","13:15"
"2","NSW","Lyne                            ",24,"Special Hospital Team 2                                         ","Calvary St Paul's Retirement Community","54 River St","","","CUNDLETOWN","NSW","2430","-31.90077","152.518709",1116950,126040,"",23/04/2025,23/04/2025,"10:00","12:30"
"2","NSW","Lyne                            ",24,"Special Hospital Team 2                                         ","Calvary St Paul's Retirement Community","54 River St","","","CUNDLETOWN","NSW","2430","-31.90077","152.518709",1116950,126040,"",23/04/2025,23/04/2025,"13:00","14:30"
"2","NSW","Lyne                            ",24,"Special Hospital Team 2                                         ","Estia Health Taree","424 Wingham Rd","","","TAREE","NSW","2430","-31.87911785","152.4331693",1116962,49917,"",29/04/2025,29/04/2025,"10:00","12:30"
"2","NSW","Lyne                            ",24,"Special Hospital Team 2                                         ","Estia Health Taree","424 Wingham Rd","","","TAREE","NSW","2430","-31.87911785","152.4331693",1116962,49917,"",29/04/2025,29/04/2025,"13:00","15:30"
"2","NSW","Lyne                            ",24,"Special Hospital Team 2                                         ","Karingal Gardens","9 Bligh St","","","TAREE","NSW","2430","-31.89836","152.48687",1116952,52089,"",28/04/2025,28/04/2025,"10:00","12:30"
"2","NSW","Lyne                            ",24,"Special Hospital Team 3                                         ","Banyula Lodge","39-59 Medowie Rd","","","OLD BAR","NSW","2430","-31.963694","152.581731",1116818,42054,"",29/04/2025,29/04/2025,"15:15","16:45"
"2","NSW","Lyne                            ",24,"Special Hospital Team 3                                         ","BaptistCare Kularoo Centre","90 Kularoo Dr","","","FORSTER","NSW","2428","-32.199028353","152.527502264",1115217,34381,"",29/04/2025,29/04/2025,"9:30","13:00"
"2","NSW","Lyne                            ",24,"Special Hospital Team 3                                         ","Estia Health Forster","105 The Southern Pkwy","","","FORSTER","NSW","2428","-32.20978","152.5321",1115214,91291,"",30/04/2025,30/04/2025,"13:00","14:00"
"2","NSW","Lyne                            ",24,"Special Hospital Team 3                                         ","Estia Health Forster","105 The Southern Pkwy","","","FORSTER","NSW","2428","-32.20978","152.5321",1115214,91291,"",30/04/2025,30/04/2025,"9:30","12:30"
"2","NSW","Lyne                            ",24,"Special Hospital Team 3                                         ","Estia Health Tuncurry","4 Bonventi Cl","","","TUNCURRY","NSW","2428","-32.17480871","152.4915236",1115409,35878,"",28/04/2025,28/04/2025,"13:00","15:30"
"2","NSW","Lyne                            ",24,"Special Hospital Team 3                                         ","Estia Health Tuncurry","4 Bonventi Cl","","","TUNCURRY","NSW","2428","-32.17480871","152.4915236",1115409,35878,"",28/04/2025,28/04/2025,"9:30","12:30"
"2","NSW","Lyne                            ",24,"Special Hospital Team 3                                         ","Glaica House","22 Flora Pde","","","TUNCURRY","NSW","2428","-32.16647","152.49711",1115401,35876,"",22/04/2025,22/04/2025,"13:00","16:30"
"2","NSW","Lyne                            ",24,"Special Hospital Team 3                                         ","Glaica House","22 Flora Pde","","","TUNCURRY","NSW","2428","-32.16647","152.49711",1115401,35876,"",22/04/2025,22/04/2025,"9:30","12:30"
"2","NSW","Lyne                            ",24,"Special Hospital Team 3                                         ","Glaica House","22 Flora Pde","","","TUNCURRY","NSW","2428","-32.16647","152.49711",1115401,35876,"",23/04/2025,23/04/2025,"9:30","11:30"
"2","NSW","Lyne                            ",24,"Special Hospital Team 3                                         ","Pacific Cape Lodge","140 Kularoo Dr","","","FORSTER","NSW","2428","-32.19881","152.53346",1115226,126042,"",23/04/2025,23/04/2025,"14:00","16:00"
"2","NSW","Lyne                            ",24,"Special Hospital Team 3                                         ","Pacific Cape Lodge","140 Kularoo Dr","","","FORSTER","NSW","2428","-32.19881","152.53346",1115226,126042,"",24/04/2025,24/04/2025,"13:00","15:30"
"2","NSW","Lyne                            ",24,"Special Hospital Team 3                                         ","Pacific Cape Lodge","140 Kularoo Dr","","","FORSTER","NSW","2428","-32.19881","152.53346",1115226,126042,"",24/04/2025,24/04/2025,"9:30","12:30"
"2","NSW","Lyne                            ",24,"Special Hospital Team 4                                         ","Anglican Care Mirrabooka Place","1 Clement St","","","GLOUCESTER","NSW","2422","-32.01864763","151.9610459",1116703,122928,"",23/04/2025,23/04/2025,"10:00","11:30"
"2","NSW","Lyne                            ",24,"Special Hospital Team 4                                         ","Estia Health Tea Gardens","42 Spinifex Ave","","","TEA GARDENS","NSW","2324","-32.65478","152.14462",1112417,90008,"",24/04/2025,24/04/2025,"10:30","12:30"
"2","NSW","Lyne                            ",24,"Special Hospital Team 4                                         ","Estia Health Tea Gardens","42 Spinifex Ave","","","TEA GARDENS","NSW","2324","-32.65478","152.14462",1112417,90008,"",24/04/2025,24/04/2025,"13:00","13:45"
"2","NSW","Lyne                            ",24,"Special Hospital Team 4                                         ","Lara Aged Care","64 Hospital Rd","","","DUNGOG","NSW","2420","-32.4002196","151.74600496",1111004,12646,"",29/04/2025,29/04/2025,"10:30","13:00"
"2","NSW","Lyne                            ",24,"Special Hospital Team 4                                         ","Peter Sinclair Gardens","2 Mirreen St","","","HAWKS NEST","NSW","2324","-32.67496577","152.17443107",1112411,126043,"",28/04/2025,28/04/2025,"10:30","12:30"
"2","NSW","Lyne                            ",24,"Special Hospital Team 4                                         ","Peter Sinclair Gardens","2 Mirreen St","","","HAWKS NEST","NSW","2324","-32.67496577","152.17443107",1112411,126043,"",28/04/2025,28/04/2025,"13:00","15:30"
"2","NSW","Lyne                            ",24,"Special Hospital Team 4                                         ","Whiddon Largs","64 Dunmore Rd","","","LARGS","NSW","2320","-32.69401","151.59945",1111612,49890,"",22/04/2025,22/04/2025,"10:30","13:00"
"2","NSW","Macarthur                       ",25,"Special Hospital Team 1                                         ","Estia Health Kilbride","70 Glendower St","","","GILEAD","NSW","2560","-34.11145716","150.78604399",1144458,122808,"",23/04/2025,23/04/2025,"10:00","15:30"
"2","NSW","Macarthur                       ",25,"Special Hospital Team 1                                         ","IRT Macarthur","1 Hyde Pde","","","CAMPBELLTOWN","NSW","2560","-34.07496908","150.80631407",1143744,122809,"",24/04/2025,24/04/2025,"10:00","13:00"
"2","NSW","Macarthur                       ",25,"Special Hospital Team 1                                         ","Pembroke Lodge","57-61 Pembroke Rd","","","MINTO","NSW","2566","-34.02462339","150.84945864",1144338,122811,"",30/04/2025,30/04/2025,"10:00","14:00"
"2","NSW","Macarthur                       ",25,"Special Hospital Team 1                                         ","Porter Lodge","2 Sark Gr","","","MINTO","NSW","2566","-34.040898","150.845184",1144330,122812,"",28/04/2025,28/04/2025,"10:00","14:30"
"2","NSW","Macarthur                       ",25,"Special Hospital Team 1                                         ","Tharawal Aboriginal Medical Services","187 Riverside Dr","","","AIRDS","NSW","2560","-34.08406212","150.83272441",1143603,141670,"",29/04/2025,29/04/2025,"9:30","13:00"
"2","NSW","Macarthur                       ",25,"Special Hospital Team 2                                         ","Campbelltown Hospital","Therry Rd","","","CAMPBELLTOWN","NSW","2560","-34.0787538","150.8048415",1143741,141464,"",24/04/2025,24/04/2025,"9:30","15:30"
"2","NSW","Macarthur                       ",25,"Special Hospital Team 2                                         ","Campbelltown Hospital","Therry Rd","","","CAMPBELLTOWN","NSW","2560","-34.0787538","150.8048415",1143741,141464,"",28/04/2025,28/04/2025,"9:30","15:30"
"2","NSW","Macarthur                       ",25,"Special Hospital Team 2                                         ","Campbelltown Hospital","Therry Rd","","","CAMPBELLTOWN","NSW","2560","-34.0787538","150.8048415",1143741,141464,"",29/04/2025,29/04/2025,"9:30","15:30"
"2","NSW","Macarthur                       ",25,"Special Hospital Team 2                                         ","Campbelltown Hospital","Therry Rd","","","CAMPBELLTOWN","NSW","2560","-34.0787538","150.8048415",1143741,141464,"",30/04/2025,30/04/2025,"9:30","15:30"
"2","NSW","Macarthur                       ",25,"Special Hospital Team 2                                         ","Campbelltown Hospital","Therry Rd","","","CAMPBELLTOWN","NSW","2560","-34.0787538","150.8048415",1143741,141464,"",01/05/2025,01/05/2025,"9:30","15:30"
"2","NSW","Macarthur                       ",25,"Special Hospital Team 2                                         ","Campbelltown Hospital - Mental Health Unit","Therry Rd","","","CAMPBELLTOWN","NSW","2560","-34.0787538","150.8048415",1143741,141465,"",23/04/2025,23/04/2025,"9:30","14:30"
"2","NSW","Mackellar                       ",26,"Special Hospital Team 1                                         ","Anglicare - Marcus Loane House","6-14 Macpherson St","","","WARRIEWOOD","NSW","2102","-33.6881475","151.2951178",1169009,123354,"",22/04/2025,22/04/2025,"9:00","17:00"
"2","NSW","Mackellar                       ",26,"Special Hospital Team 1                                         ","Bayview Treetops Care Community","10A Minkara Rd","","","BAYVIEW","NSW","2104","-33.66310048","151.28511675",1142123,122667,"",24/04/2025,24/04/2025,"9:00","12:00"
"2","NSW","Mackellar                       ",26,"Special Hospital Team 1                                         ","Calvary Corymbia Aged Care","51 Childs Crct","","","BELROSE","NSW","2085","-33.72955","151.22226551",1169205,122668,"",23/04/2025,23/04/2025,"9:30","15:00"
"2","NSW","Mackellar                       ",26,"Special Hospital Team 1                                         ","Catholic Healthcare - George Mockler House","99 Elimatta Rd","","","MONA VALE","NSW","2103","-33.68010498","151.29662574",1169003,122672,"",24/04/2025,24/04/2025,"14:00","16:00"
"2","NSW","Mackellar                       ",26,"Special Hospital Team 1                                         ","Pacific Lodge Aged Care Centre","8 Homestead Ave","","","COLLAROY","NSW","2097","-33.7351204","151.2997211",1169519,122674,"",28/04/2025,28/04/2025,"9:30","12:00"
"2","NSW","Mackellar                       ",26,"Special Hospital Team 2                                         ","Alexander Campbell House","51 Cook St","","","FORESTVILLE","NSW","2087","-33.7659082","151.2188993",1142712,122892,"",23/04/2025,23/04/2025,"14:00","17:00"
"2","NSW","Mackellar                       ",26,"Special Hospital Team 2                                         ","Arcare Aged Care Warriewood","23 Warriewood Rd","","","WARRIEWOOD","NSW","2102","-33.68975717","151.30025883",1169026,126249,"",24/04/2025,24/04/2025,"9:00","17:00"
"2","NSW","Mackellar                       ",26,"Special Hospital Team 2                                         ","Mona Vale View Care Community","2 Jenkins St","","","MONA VALE","NSW","2103","-33.68414718","151.30330365",1169016,126251,"",28/04/2025,28/04/2025,"9:30","15:00"
"2","NSW","Mackellar                       ",26,"Special Hospital Team 2                                         ","Thompson Health Care - Mona Vale House","24-26 Darley St","","","MONA VALE","NSW","2103","-33.67438023","151.31172756",1169012,123355,"",23/04/2025,23/04/2025,"9:30","12:30"
"2","NSW","Mackellar                       ",26,"Special Hospital Team 2                                         ","Thompson Health Care - Terrey Hills Nursing Home","42 Booralie Rd","","","TERREY HILLS","NSW","2084","-33.6791094","151.2242783",1143214,123352,"",30/04/2025,30/04/2025,"9:00","14:30"
"2","NSW","Mackellar                       ",26,"Special Hospital Team 2                                         ","Uniting Wesley Gardens Belrose","2B Morgan Rd","","","BELROSE","NSW","2085","-33.723306","151.219508",1169205,13835,"",29/04/2025,29/04/2025,"9:00","17:30"
"2","NSW","Mackellar                       ",26,"Special Hospital Team 3                                         ","Northern Beaches Hospital","105 Frenchs Forest Rd W","","","FRENCHS FOREST","NSW","2086","-33.7507790582361","151.232907782264",1169610,127025,"",28/04/2025,28/04/2025,"9:30","17:30"
"2","NSW","Mackellar                       ",26,"Special Hospital Team 3                                         ","Northern Beaches Hospital - Mental Health Unit","105 Frenchs Forest Rd W","","","FRENCHS FOREST","NSW","2086","-33.75084082","151.23290813",1169610,127026,"Mental Health Unit",29/04/2025,29/04/2025,"9:30","13:00"
"2","NSW","Mackellar                       ",26,"Special Hospital Team 3                                         ","RSL ANZAC Village","90 Veterans Pde","","","NARRABEEN","NSW","2101","-33.72163","151.28489",1169720,62934,"Connie Fall Hostel",22/04/2025,22/04/2025,"9:30","11:00"
"2","NSW","Mackellar                       ",26,"Special Hospital Team 3                                         ","RSL ANZAC Village","90 Veterans Pde","","","NARRABEEN","NSW","2101","-33.72163","151.28489",1169720,62934,"Kokoda Hostel",24/04/2025,24/04/2025,"9:30","12:30"
"2","NSW","Mackellar                       ",26,"Special Hospital Team 3                                         ","RSL ANZAC Village","90 Veterans Pde","","","NARRABEEN","NSW","2101","-33.72163","151.28489",1169720,62934,"Peter Cosgrove House",24/04/2025,24/04/2025,"14:00","16:30"
"2","NSW","Mackellar                       ",26,"Special Hospital Team 3                                         ","RSL ANZAC Village","90 Veterans Pde","","","NARRABEEN","NSW","2101","-33.72163","151.28489",1169720,62934,"Phyllis Stewart Hostel",22/04/2025,22/04/2025,"14:00","15:30"
"2","NSW","McMahon                         ",27,"Special Hospital Team 1                                         ","Catholic Healthcare Emmaus Village","85 Bakers La","","","KEMPS CREEK","NSW","2178","-33.8292031","150.7910313",1151808,122961,"",29/04/2025,29/04/2025,"13:00","17:00"
"2","NSW","McMahon                         ",27,"Special Hospital Team 1                                         ","Estia Health Merrylands","42 Cumberland Rd","","","GREYSTANES","NSW","2145","-33.8289212","150.9482366",1171321,121994,"",24/04/2025,24/04/2025,"10:00","15:00"
"2","NSW","McMahon                         ",27,"Special Hospital Team 1                                         ","Fairfield Nursing Home","125 The Crescent","","","FAIRFIELD","NSW","2165","-33.8703078","150.9588805",1151516,125914,"",28/04/2025,28/04/2025,"9:30","15:00"
"2","NSW","McMahon                         ",27,"Special Hospital Team 1                                         ","SummitCare Smithfield","11 Nyora Ave","","","SMITHFIELD","NSW","2164","-33.8605354","150.9441519",1151915,122271,"",22/04/2025,22/04/2025,"9:30","14:30"
"2","NSW","McMahon                         ",27,"Special Hospital Team 1                                         ","SummitCare Smithfield","11 Nyora Ave","","","SMITHFIELD","NSW","2164","-33.8605354","150.9441519",1151915,122271,"",23/04/2025,23/04/2025,"9:30","14:30"
"2","NSW","McMahon                         ",27,"Special Hospital Team 2                                         ","Blacktown Terrace Care Community","37 Kildare Rd","","","BLACKTOWN","NSW","2148","-33.76798827","150.90247695",1156111,141754,"",22/04/2025,22/04/2025,"9:30","15:30"
"2","NSW","McMahon                         ",27,"Special Hospital Team 2                                         ","Blacktown Terrace Care Community","37 Kildare Rd","","","BLACKTOWN","NSW","2148","-33.76798827","150.90247695",1156111,141754,"",23/04/2025,23/04/2025,"9:30","11:30"
"2","NSW","McMahon                         ",27,"Special Hospital Team 2                                         ","Catholic Healthcare St Hedwig Village Blacktown","140 Reservoir Rd","","","BLACKTOWN","NSW","2148","-33.78881492","150.89497606",1156119,141752,"",24/04/2025,24/04/2025,"10:00","15:00"
"2","NSW","McMahon                         ",27,"Special Hospital Team 2                                         ","Pemulwuy Aged Care","11 Pastoral Crct","","","PEMULWUY","NSW","2145","-33.815993","150.932551",1171512,121987,"",28/04/2025,28/04/2025,"10:00","14:00"
"2","NSW","McMahon                         ",27,"Special Hospital Team 2                                         ","Pemulwuy Aged Care","11 Pastoral Crct","","","PEMULWUY","NSW","2145","-33.815993","150.932551",1171512,121987,"",29/04/2025,29/04/2025,"10:00","13:30"
"2","NSW","McMahon                         ",27,"Special Hospital Team 2                                         ","Southern Cross Care Greystanes Residential Aged Care","5 White Gum Pl","","","GREYSTANES","NSW","2145","-33.8162728","150.9506851",1171509,122652,"",23/04/2025,23/04/2025,"14:00","15:30"
"2","NSW","McMahon                         ",27,"Special Hospital Team 3                                         ","Blacktown Hospital","18 Blacktown Rd","","","BLACKTOWN","NSW","2148","-33.7763237790797","150.916980833902",1130318,141460,"",22/04/2025,22/04/2025,"9:00","14:30"
"2","NSW","McMahon                         ",27,"Special Hospital Team 3                                         ","Blacktown Hospital","18 Blacktown Rd","","","BLACKTOWN","NSW","2148","-33.7763237790797","150.916980833902",1130318,141460,"",23/04/2025,23/04/2025,"9:00","14:30"
"2","NSW","McMahon                         ",27,"Special Hospital Team 3                                         ","Blacktown Hospital","18 Blacktown Rd","","","BLACKTOWN","NSW","2148","-33.7763237790797","150.916980833902",1130318,141460,"",24/04/2025,24/04/2025,"9:00","14:30"
"2","NSW","McMahon                         ",27,"Special Hospital Team 3                                         ","Blacktown Hospital","18 Blacktown Rd","","","BLACKTOWN","NSW","2148","-33.7763237790797","150.916980833902",1130318,141460,"",28/04/2025,28/04/2025,"9:00","13:30"
"2","NSW","McMahon                         ",27,"Special Hospital Team 3                                         ","Blacktown Hospital - Mental Health Unit","18 Blacktown Rd","","","BLACKTOWN","NSW","2148","-33.776292","150.916997",1130318,141461,"",29/04/2025,29/04/2025,"9:00","14:00"
"2","NSW","McMahon                         ",27,"Special Hospital Team 3                                         ","Blacktown Hospital - Mental Health Unit","18 Blacktown Rd","","","BLACKTOWN","NSW","2148","-33.776292","150.916997",1130318,141461,"",30/04/2025,30/04/2025,"9:00","14:00"
"2","NSW","Macquarie                       ",28,"Special Hospital Team 1                                         ","Baptist Care Morven Gardens","5-19 Morven Rd","","","LEURA","NSW","2780","-33.713451","150.343426",1145224,122052,"",24/04/2025,24/04/2025,"9:30","12:00"
"2","NSW","Macquarie                       ",28,"Special Hospital Team 1                                         ","Buckland Aged Care Services","39 Hawkesbury Rd","","","SPRINGWOOD","NSW","2777","-33.693881","150.578609",1145434,122051,"",29/04/2025,29/04/2025,"9:30","14:30"
"2","NSW","Macquarie                       ",28,"Special Hospital Team 1                                         ","Buckland Aged Care Services","39 Hawkesbury Rd","","","SPRINGWOOD","NSW","2777","-33.693881","150.578609",1145434,122051,"",30/04/2025,30/04/2025,"9:30","14:00"
"2","NSW","Macquarie                       ",28,"Special Hospital Team 1                                         ","Catholic Healthcare Bodington","6 Bodington Dr","","","WENTWORTH FALLS","NSW","2782","-33.731934","150.3886",1145510,122053,"",22/04/2025,22/04/2025,"9:30","14:00"
"2","NSW","Macquarie                       ",28,"Special Hospital Team 1                                         ","Katoomba Views Care Community","2 Penault Ave","","","KATOOMBA","NSW","2780","-33.71245153","150.31555253",1145237,122054,"",23/04/2025,23/04/2025,"9:30","12:00"
"2","NSW","Macquarie                       ",28,"Special Hospital Team 1                                         ","Martyn Claver Aged Care","200 Megalong St","","","LEURA","NSW","2780","-33.71477506","150.3393768",1145225,126123,"",23/04/2025,23/04/2025,"13:30","16:00"
"2","NSW","Macquarie                       ",28,"Special Hospital Team 1                                         ","Springwood Greens Care Community","79 Hawkesbury Rd","","","SPRINGWOOD","NSW","2777","-33.692223","150.582552",1145451,122055,"",24/04/2025,24/04/2025,"13:30","17:00"
"2","NSW","Macquarie                       ",28,"Special Hospital Team 1                                         ","Uniting Springwood","2 Lewin St","","","SPRINGWOOD","NSW","2777","-33.69641568","150.55386314",1145427,122056,"",28/04/2025,28/04/2025,"9:30","15:00"
"2","NSW","Macquarie                       ",28,"Special Hospital Team 2                                         ","Fitzgerald Aged Care","1 Rum Corps La","","","WINDSOR","NSW","2756","-33.60982362","150.80901949",1146712,122058,"",28/04/2025,28/04/2025,"9:30","13:00"
"2","NSW","Macquarie                       ",28,"Special Hospital Team 2                                         ","Hawkesbury Living","116 March St","","","RICHMOND","NSW","2753","-33.59917677","150.74990298",1146610,122059,"",23/04/2025,23/04/2025,"9:30","13:00"
"2","NSW","Macquarie                       ",28,"Special Hospital Team 2                                         ","Ron Middleton VC gardens","1 Wirraway Cl","","","NORTH RICHMOND","NSW","2754","-33.58466376","150.70312176",1146636,122060,"",22/04/2025,22/04/2025,"9:30","14:30"
"2","NSW","Macquarie                       ",28,"Special Hospital Team 2                                         ","St John of God Hospital Richmond","177 Grose Vale Rd","","","NORTH RICHMOND","NSW","2754","-33.59047387","150.70283788",1146635,141827,"",30/04/2025,30/04/2025,"9:30","13:00"
"2","NSW","Macquarie                       ",28,"Special Hospital Team 2                                         ","Uniting Edinglassie Emu Plains","5-7 Emerald St","","","EMU PLAINS","NSW","2750","-33.75424052","150.6582957",1145905,141826,"",29/04/2025,29/04/2025,"10:00","13:30"
"2","NSW","Macquarie                       ",28,"Special Hospital Team 2                                         ","Uniting Hawkesbury Richmond","25 Chapel St","","","RICHMOND","NSW","2753","-33.5950114517585","150.742338592607",1146618,122057,"",24/04/2025,24/04/2025,"9:00","13:30"
"2","NSW","Mitchell                        ",29,"Special Hospital Team 1                                         ","BUPA Aged Care Baulkham Hills","4 The Cottell Way","","","BAULKHAM HILLS","NSW","2153","-33.75519080131656","150.988843509148",1129028,126160,"",23/04/2025,23/04/2025,"10:00","15:00"
"2","NSW","Mitchell                        ",29,"Special Hospital Team 1                                         ","BUPA Aged Care North Rocks","23 Speers Rd","","","NORTH ROCKS","NSW","2151","-33.755615582","150.987879907",1149017,126162,"",24/04/2025,24/04/2025,"10:00","16:00"
"2","NSW","Mitchell                        ",29,"Special Hospital Team 1                                         ","Bella Vista Gardens ","16 Fairway Dr","","","NORWEST","NSW","2153","-33.722083004654564","150.96029190668128",1162203,123152,"",22/04/2025,22/04/2025,"10:00","14:30"
"2","NSW","Mitchell                        ",29,"Special Hospital Team 1                                         ","Norwest Private Hospital","11 Norbrik Dr","","","BELLA VISTA","NSW","2153","-33.745692","150.9547",1129127,141789,"Gnd Floor Conference Rm",28/04/2025,28/04/2025,"10:00","14:30"
"2","NSW","Mitchell                        ",29,"Special Hospital Team 1                                         ","Norwest Private Hospital","11 Norbrik Dr","","","BELLA VISTA","NSW","2153","-33.745692","150.9547",1129127,141789,"Service 1",28/04/2025,28/04/2025,"15:00","18:00"
"2","NSW","Mitchell                        ",29,"Special Hospital Team 1                                         ","Norwest Private Hospital","11 Norbrik Dr","","","BELLA VISTA","NSW","2153","-33.745692","150.9547",1129127,141789,"Service 1",29/04/2025,29/04/2025,"10:00","18:00"
"2","NSW","Mitchell                        ",29,"Special Hospital Team 1                                         ","SummitCare Baulkham Hills","5 Bass Dr","","","BAULKHAM HILLS","NSW","2153","-33.76106591","150.9753538",1129015,123154,"Service 1",30/04/2025,30/04/2025,"10:00","14:30"
"2","NSW","Mitchell                        ",29,"Special Hospital Team 2                                         ","Anglicare Woodberry Village","129 Lanhams Rd","","","WINSTON HILLS","NSW","2153","-33.776989667","150.9777394",1149416,119157,"",22/04/2025,22/04/2025,"10:00","16:30"
"2","NSW","Mitchell                        ",29,"Special Hospital Team 2                                         ","Catholic Healthcare MacKillop House","2 Firewheel Pl","","","NORWEST","NSW","2153","-33.73677547","150.97229202",1129147,123286,"",23/04/2025,23/04/2025,"10:00","16:00"
"2","NSW","Mitchell                        ",29,"Special Hospital Team 2                                         ","Norwest Private Hospital","11 Norbrik Dr","","","BELLA VISTA","NSW","2153","-33.745692","150.9547",1129127,141789,"Service 2",28/04/2025,28/04/2025,"10:00","18:00"
"2","NSW","Mitchell                        ",29,"Special Hospital Team 2                                         ","Norwest Private Hospital","11 Norbrik Dr","","","BELLA VISTA","NSW","2153","-33.745692","150.9547",1129127,141789,"Service 2",29/04/2025,29/04/2025,"10:00","18:00"
"2","NSW","Mitchell                        ",29,"Special Hospital Team 2                                         ","SummitCare Baulkham Hills","5 Bass Dr","","","BAULKHAM HILLS","NSW","2153","-33.76106591","150.9753538",1129015,123154,"Service 2",30/04/2025,30/04/2025,"10:00","14:30"
"2","NSW","Mitchell                        ",29,"Special Hospital Team 2                                         ","Winston Hillside Care Community","226 Windsor Rd","","","WINSTON HILLS","NSW","2153","-33.772562229","151.000717367",1149120,125881,"",24/04/2025,24/04/2025,"10:00","14:30"
"2","NSW","Mitchell                        ",29,"Special Hospital Team 3                                         ","BaptistCare Aminya Centre Aged Care Home ","6 Goolgung Ave","","","BAULKHAM HILLS","NSW","2153","-33.758157791","151.000249207",1129051,126149,"",22/04/2025,22/04/2025,"11:30","15:00"
"2","NSW","Mitchell                        ",29,"Special Hospital Team 3                                         ","BaptistCare The Gracewood Centre Aged Care Home","2 Free Settlers Dr","","","KELLYVILLE","NSW","2155","-33.71927715847169","150.94341943898144",1162212,123151,"",30/04/2025,30/04/2025,"10:00","16:00"
"2","NSW","Mitchell                        ",29,"Special Hospital Team 3                                         ","Constitution Hill Aged Care","3 Centenary Ave","","","NORTHMEAD","NSW","2152","-33.788814966","150.978724939",1149308,125880,"",24/04/2025,24/04/2025,"12:00","16:00"
"2","NSW","Mitchell                        ",29,"Special Hospital Team 3                                         ","Uniting Wirreanda","33 Highs Rd","","","WEST PENNANT HILLS","NSW","2125","-33.73740122969066","151.02296939183933",1129618,123560,"",23/04/2025,23/04/2025,"11:30","15:00"
"2","NSW","Newcastle                       ",30,"Special Hospital Team 1                                         ","CBCS Groves House","131 Main Rd","","","CARDIFF HEIGHTS","NSW","2285","-32.93558109","151.67253126",1120951,126032,"",29/04/2025,29/04/2025,"14:00","17:30"
"2","NSW","Newcastle                       ",30,"Special Hospital Team 1                                         ","Calvary St Joseph's Residential Aged Care","240 Maitland Rd","","","SANDGATE","NSW","2304","-32.85723772","151.70378015",1123105,122464,"",01/05/2025,01/05/2025,"9:00","14:50"
"2","NSW","Newcastle                       ",30,"Special Hospital Team 1                                         ","Regis Aged Care Elermore Vale","156 Cardiff Rd","","","ELERMORE VALE","NSW","2287","-32.92205067","151.66956005",1123319,122466,"",30/04/2025,30/04/2025,"9:00","15:30"
"2","NSW","Newcastle                       ",30,"Special Hospital Team 1                                         ","SummitCare Wallsend","7 Bent St","","","WALLSEND","NSW","2287","-32.904972","151.676761",1123335,63626,"",22/04/2025,22/04/2025,"9:30","15:00"
"2","NSW","Newcastle                       ",30,"Special Hospital Team 1                                         ","SummitCare Wallsend","7 Bent St","","","WALLSEND","NSW","2287","-32.904972","151.676761",1123335,63626,"",23/04/2025,23/04/2025,"9:00","14:30"
"2","NSW","Newcastle                       ",30,"Special Hospital Team 1                                         ","Uniting Koombahla Elermore Vale","138 Lake Rd","","","ELERMORE VALE","NSW","2287","-32.917039","151.656722",1123307,62824,"",28/04/2025,28/04/2025,"9:00","15:30"
"2","NSW","Newcastle                       ",30,"Special Hospital Team 1                                         ","Wallsend Manor Aged Care","8 McNaughton Ave","","","WALLSEND","NSW","2287","-32.89115819","151.65930353",1123309,122476,"",29/04/2025,29/04/2025,"9:00","12:00"
"2","NSW","Newcastle                       ",30,"Special Hospital Team 2                                         ","Bupa Waratah","219 Christo Rd","","","WARATAH WEST","NSW","2298","-32.90783563","151.71501517",1123407,122491,"",29/04/2025,29/04/2025,"9:00","16:00"
"2","NSW","Newcastle                       ",30,"Special Hospital Team 2                                         ","Calvary St Martin de Porres Residential Aged Care","26 Lorna St","","","WARATAH","NSW","2298","-32.89968734","151.72345099",1123424,122488,"",28/04/2025,28/04/2025,"9:00","12:20"
"2","NSW","Newcastle                       ",30,"Special Hospital Team 2                                         ","Carpenter Court Aged Care Centre","46 John Pde","","","MEREWETHER","NSW","2291","-32.94720664","151.75747369",1122828,122495,"",30/04/2025,30/04/2025,"9:00","12:00"
"2","NSW","Newcastle                       ",30,"Special Hospital Team 2                                         ","Catholic Healthcare Charles O'Neill Hostel","1 Wilson St","","","MAYFIELD","NSW","2304","-32.8939749","151.7310041",1122733,126031,"",28/04/2025,28/04/2025,"14:30","17:00"
"2","NSW","Newcastle                       ",30,"Special Hospital Team 2                                         ","HNE Mater Mental Health ","2-10 Edith St","","","WARATAH","NSW","2298","-32.9026616","151.7205537",1123410,126036,"Team 2",01/05/2025,01/05/2025,"9:00","14:00"
"2","NSW","Newcastle                       ",30,"Special Hospital Team 2                                         ","HammondCare Waratah","15 Tinonee Rd","","","WARATAH","NSW","2298","-32.90985755","151.724708",1123422,122489,"",23/04/2025,23/04/2025,"9:00","16:50"
"2","NSW","Newcastle                       ",30,"Special Hospital Team 2                                         ","RSL Lifecare Peter Badcoe House","510 King St","","","NEWCASTLE WEST","NSW","2302","-32.92635959","151.76000867",1122407,122496,"",24/04/2025,24/04/2025,"14:00","16:50"
"2","NSW","Newcastle                       ",30,"Special Hospital Team 2                                         ","UPA Woodlands Lodge Wallsend","100 Lake Rd","","","WALLSEND","NSW","2287","-32.91277","151.6599",1123306,125858,"",22/04/2025,22/04/2025,"9:00","15:30"
"2","NSW","Newcastle                       ",30,"Special Hospital Team 3                                         ","BaptistCare Warabrook Aged Care Centre","24 Casuarina Crct","","","WARABROOK","NSW","2304","-32.8877887614108","151.72098971399762",1122715,122510,"",22/04/2025,22/04/2025,"9:00","14:20"
"2","NSW","Newcastle                       ",30,"Special Hospital Team 3                                         ","Catholic Healthcare St John's Villa","222 Kings Rd","","","NEW LAMBTON","NSW","2305","-32.9350741","151.715281",1122504,122512,"",01/05/2025,01/05/2025,"9:30","12:20"
"2","NSW","Newcastle                       ",30,"Special Hospital Team 3                                         ","Fronditha Care - Hippocrates Mayfield","30 Crebert St","","","MAYFIELD EAST","NSW","2304","-32.89547103","151.74950038",1122736,122513,"",29/04/2025,29/04/2025,"14:00","17:20"
"2","NSW","Newcastle                       ",30,"Special Hospital Team 3                                         ","HNE Mater Mental Health ","2-10 Edith St","","","WARATAH","NSW","2298","-32.9026616","151.7205537",1123410,126036,"Team 3",28/04/2025,28/04/2025,"9:00","14:50"
"2","NSW","Newcastle                       ",30,"Special Hospital Team 3                                         ","Hunter New England Mental Health Service","72 Watt St","","","NEWCASTLE","NSW","2300","-32.9313014","151.7818644",1122927,126035,"",24/04/2025,24/04/2025,"14:00","15:50"
"2","NSW","Newcastle                       ",30,"Special Hospital Team 3                                         ","Matthew Talbot Homeless Service","82 Hannell St","","","WICKHAM","NSW","2293","-32.89772","151.75831",1123001,127003,"",30/04/2025,30/04/2025,"9:00","13:00"
"2","NSW","Newcastle                       ",30,"Special Hospital Team 3                                         ","Mayfield Aged Care","115 Crebert St","","","MAYFIELD","NSW","2304","-32.89519605","151.7407961",1122723,122514,"",23/04/2025,23/04/2025,"9:00","11:30"
"2","NSW","Newcastle                       ",30,"Special Hospital Team 3                                         ","Uniting Irwin Hall Mayfield","13 Section St","","","MAYFIELD","NSW","2304","-32.89597882","151.74050299",1122723,122516,"",24/04/2025,24/04/2025,"9:00","12:00"
"2","NSW","Newcastle                       ",30,"Special Hospital Team 3                                         ","Uniting Lindsay Gardens","137A Lindsay St","","","HAMILTON","NSW","2303","-32.9215185001933","151.739340002711",1122418,34131,"",29/04/2025,29/04/2025,"9:00","12:00"
"2","NSW","New England                     ",31,"Other Mobile Team 1                                             ","St Heliers Correctional Centre","70 St Heliers Rd","","","MUSWELLBROOK","NSW","2333","-32.220694","150.926421",1112602,141852,"",28/04/2025,28/04/2025,"10:00","15:00"
"2","NSW","New England                     ",31,"Other Mobile Team 1                                             ","St Heliers Correctional Centre","70 St Heliers Rd","","","MUSWELLBROOK","NSW","2333","-32.220694","150.926421",1112602,141852,"",29/04/2025,29/04/2025,"10:00","15:00"
"2","NSW","New England                     ",31,"Other Mobile Team 2                                             ","Tamworth Correctional Centre","152-160 Johnston St","","","NORTH TAMWORTH","NSW","2340","-31.072463792885966","150.92265064671076",1120304,141647,"",29/04/2025,29/04/2025,"9:00","15:30"
"2","NSW","New England                     ",31,"Other Mobile Team 3                                             ","Glen Innes Correctional Centre","11661 Gwydir Hwy","","","GLEN INNES","NSW","2370","-29.62871","152.12332",1119021,141646,"",28/04/2025,28/04/2025,"10:30","15:00"
"2","NSW","New England                     ",31,"Special Hospital Team 1                                         ","Bupa Armidale","112 Brown St","","","ARMIDALE","NSW","2350","-30.519002","151.6659649",1118643,13933,"",28/04/2025,28/04/2025,"9:30","11:45"
"2","NSW","New England                     ",31,"Special Hospital Team 1                                         ","Grace Munro Centre","2 Thunderbolts Way","","","BUNDARRA","NSW","2359","-30.165471","151.075936",1119206,126187,"",23/04/2025,23/04/2025,"14:00","15:00"
"2","NSW","New England                     ",31,"Special Hospital Team 1                                         ","Guyra MPS","40-48 Sole St","","","GUYRA","NSW","2365","-30.2126541945543","151.679237812837",1118703,126185,"",22/04/2025,22/04/2025,"12:15","13:15"
"2","NSW","New England                     ",31,"Special Hospital Team 1                                         ","McMaugh Gardens Hostel","39 King St","","","URALLA","NSW","2358","-30.6401956411796","151.504350320507",1118804,49938,"",24/04/2025,24/04/2025,"13:15","14:15"
"2","NSW","New England                     ",31,"Special Hospital Team 1                                         ","Mclean Care Kolora","8 Prisk St","","","GUYRA","NSW","2365","-30.213277","151.679991",1118703,126191,"",22/04/2025,22/04/2025,"9:00","11:00"
"2","NSW","New England                     ",31,"Special Hospital Team 1                                         ","RFBI - Ken Thompson Lodge","86 Box Hill Dr","","","ARMIDALE","NSW","2350","-30.5032244272305","151.684423165429",1118652,13937,"",23/04/2025,23/04/2025,"9:30","11:30"
"2","NSW","New England                     ",31,"Special Hospital Team 1                                         ","Uniting Autumn Lodge","50 Butler St","","","ARMIDALE","NSW","2350","-30.5038207747572","151.658376238585",1118642,121778,"",29/04/2025,29/04/2025,"9:30","12:45"
"2","NSW","New England                     ",31,"Special Hospital Team 1                                         ","Walcha MPS","11 Middle St S","","","WALCHA","NSW","2354","-30.98661169999804","151.5987057711574",1118903,126186,"",24/04/2025,24/04/2025,"10:00","11:00"
"2","NSW","New England                     ",31,"Special Hospital Team 2                                         ","Emmaville MPS","13-33 Glen Innes Rd","","","EMMAVILLE","NSW","2371","-29.676666","151.69083",1119002,126190,"",24/04/2025,24/04/2025,"10:30","11:30"
"2","NSW","New England                     ",31,"Special Hospital Team 2                                         ","Haddington Nursing Home","126 Duncan St","","","TENTERFIELD","NSW","2372","-29.040912","152.014761",1119417,126188,"",22/04/2025,22/04/2025,"10:30","11:30"
"2","NSW","New England                     ",31,"Special Hospital Team 2                                         ","McLean Care","67 Killean St","","","INVERELL","NSW","2360","-29.76142095392618","151.13326049907724",1119115,13959,"",23/04/2025,23/04/2025,"10:15","17:00"
"2","NSW","New England                     ",31,"Special Hospital Team 2                                         ","Millrace Hostel","422 Rouse St","","","TENTERFIELD","NSW","2372","-29.042291","152.020134",1119417,126189,"",22/04/2025,22/04/2025,"13:15","14:15"
"2","NSW","New England                     ",31,"Special Hospital Team 2                                         ","RFBI Glen Innes Masonic Village","175 Lambeth St","","","GLEN INNES","NSW","2370","-29.73131817","151.72963477",1119012,41088,"",01/05/2025,01/05/2025,"9:45","12:30"
"2","NSW","New England                     ",31,"Special Hospital Team 2                                         ","Roseneath Aged Care Centre Pty Ltd","205 Meade St","","","GLEN INNES","NSW","2370","-29.738625","151.743119",1119017,49928,"",30/04/2025,30/04/2025,"10:30","12:45"
"2","NSW","New England                     ",31,"Special Hospital Team 2                                         ","Warialda MPS - RACF","146 Long St","","","WARIALDA","NSW","2402","-29.5383304","150.5791533",1119315,121955,"",29/04/2025,29/04/2025,"10:00","12:30"
"2","NSW","New England                     ",31,"Special Hospital Team 3                                         ","Bupa Tamworth","68-74 Bligh St","","","NORTH TAMWORTH","NSW","2340","-31.074622","150.929704",1120309,89462,"",28/04/2025,28/04/2025,"9:30","13:00"
"2","NSW","New England                     ",31,"Special Hospital Team 3                                         ","Eloura","10 Tebbutt St","","","QUIRINDI","NSW","2343","-31.500605","150.677559",1120108,13501,"",23/04/2025,23/04/2025,"10:15","11:15"
"2","NSW","New England                     ",31,"Special Hospital Team 3                                         ","Manellae Lodge and Manilla MPS","5 Kanangra Rd","","","MANILLA","NSW","2346","-30.745857","150.733025",1120535,49933,"",24/04/2025,24/04/2025,"10:00","12:00"
"2","NSW","New England                     ",31,"Special Hospital Team 3                                         ","Nazareth House Tamworth","80-104 Manilla Rd","","","OXLEY VALE","NSW","2340","-31.0538609","150.8911285",1120340,41110,"",30/04/2025,30/04/2025,"9:30","12:15"
"2","NSW","New England                     ",31,"Special Hospital Team 3                                         ","RFBI Cottage Homes","14-16 Kitchener St","","","EAST TAMWORTH","NSW","2340","-31.0979037220666","150.941880214222",1120321,49935,"",23/04/2025,23/04/2025,"14:00","15:45"
"2","NSW","New England                     ",31,"Special Hospital Team 3                                         ","RFBI Moonbi Masonic Village","52 Churchill Dr","","","MOONBI","NSW","2353","-31.044917557098774","151.065588632299",1120550,13965,"",22/04/2025,22/04/2025,"9:45","12:45"
"2","NSW","New England                     ",31,"Special Hospital Team 3                                         ","Tamworth Hospital","31-35 Dean St","","","NORTH TAMWORTH","NSW","2340","-31.0709398204461","150.92647153955",1120304,141649,"Tamworth Hospital Floor 1",01/05/2025,01/05/2025,"9:30","15:45"
"2","NSW","New England                     ",31,"Special Hospital Team 3                                         ","Tamworth Hospital - Mental Health Unit","31-35 Dean St","","","NORTH TAMWORTH ","NSW","2340","-31.071617965207455","150.92508230569155",1120304,141851,"",29/04/2025,29/04/2025,"9:30","12:00"
"2","NSW","New England                     ",31,"Special Hospital Team 3                                         ","Werris Creek MPS","22-34 North St","","","WERRIS CREEK","NSW","2341","-31.347216997751346","150.65265421470804",1120101,126196,"",30/04/2025,30/04/2025,"14:30","15:30"
"2","NSW","New England                     ",31,"Special Hospital Team 4                                         ","Calvary Muswellbrook Retirement Community","15 Cassidy Ave","","","MUSWELLBROOK","NSW","2333","-32.2804563","150.8947846",1112623,122342,"",22/04/2025,22/04/2025,"13:00","15:45"
"2","NSW","New England                     ",31,"Special Hospital Team 4                                         ","Merriwa MPS","1A Mackenzie St","","","MERRIWA","NSW","2329","-32.14262945","150.36125841",1112916,126194,"",23/04/2025,23/04/2025,"10:15","11:15"
"2","NSW","New England                     ",31,"Special Hospital Team 4                                         ","Merton Court Hostel","91 Virginia St","","","DENMAN","NSW","2328","-32.38980859","150.68435281",1112701,122472,"",24/04/2025,24/04/2025,"9:30","10:45"
"2","NSW","New England                     ",31,"Special Hospital Team 4                                         ","Murravale Aged Care Facility","6-10 Haydon St","","","MURRURUNDI","NSW","2338","-31.767564097792","150.84200884333",1112922,126193,"",01/05/2025,01/05/2025,"10:45","11:45"
"2","NSW","New England                     ",31,"Special Hospital Team 4                                         ","Strathearn House","75 Gundy Rd","","","SCONE","NSW","2337","-32.0584804833604","150.87952810159",1112806,91092,"",30/04/2025,30/04/2025,"9:45","15:15"
"2","NSW","New England                     ",31,"Special Hospital Team 5                                         ","Tamworth Hospital","31-35 Dean St","","","NORTH TAMWORTH","NSW","2340","-31.0709398204461","150.92647153955",1120304,141649,"Service 1",23/04/2025,23/04/2025,"9:30","15:45"
"2","NSW","New England                     ",31,"Special Hospital Team 5                                         ","Tamworth Hospital","31-35 Dean St","","","NORTH TAMWORTH","NSW","2340","-31.0709398204461","150.92647153955",1120304,141649,"Service 1",24/04/2025,24/04/2025,"9:30","15:45"
"2","NSW","New England                     ",31,"Special Hospital Team 5                                         ","Tamworth Hospital","31-35 Dean St","","","NORTH TAMWORTH","NSW","2340","-31.0709398204461","150.92647153955",1120304,141649,"Service 1",28/04/2025,28/04/2025,"9:30","15:45"
"2","NSW","New England                     ",31,"Special Hospital Team 5                                         ","Tamworth Hospital","31-35 Dean St","","","NORTH TAMWORTH","NSW","2340","-31.0709398204461","150.92647153955",1120304,141649,"Service 1",29/04/2025,29/04/2025,"9:30","15:45"
"2","NSW","New England                     ",31,"Special Hospital Team 5                                         ","Tamworth Hospital","31-35 Dean St","","","NORTH TAMWORTH","NSW","2340","-31.0709398204461","150.92647153955",1120304,141649,"Service 1",30/04/2025,30/04/2025,"9:30","15:15"
"2","NSW","New England                     ",31,"Special Hospital Team 5                                         ","Tamworth Hospital","31-35 Dean St","","","NORTH TAMWORTH","NSW","2340","-31.0709398204461","150.92647153955",1120304,141649,"Service 1",01/05/2025,01/05/2025,"9:30","15:45"
"2","NSW","Page                            ",32,"Other Mobile Team 1                                             ","Coraki POD","1 Spring St","","","CORAKI","NSW","2471","-28.99360295","153.27581049",1124502,141320,"",22/04/2025,22/04/2025,"10:00","12:00"
"2","NSW","Page                            ",32,"Other Mobile Team 1                                             ","Wardell (POD)","50 Bath St","","","WARDELL","NSW","2477","-28.9486944","153.46006364",1123735,141313,"",22/04/2025,22/04/2025,"13:00","14:45"
"2","NSW","Page                            ",32,"Other Mobile Team 2                                             ","Clarence Correctional Centre","313 Avenue Rd","","","LAVADIA","NSW","2462","-29.7435959","153.0611784",1108143,141056,"Area One",22/04/2025,22/04/2025,"10:00","14:00"
"2","NSW","Page                            ",32,"Other Mobile Team 2                                             ","Clarence Correctional Centre","313 Avenue Rd","","","LAVADIA","NSW","2462","-29.7435959","153.0611784",1108143,141056,"Area One",23/04/2025,23/04/2025,"10:00","14:00"
"2","NSW","Page                            ",32,"Other Mobile Team 3                                             ","Clarence Correctional Centre","313 Avenue Rd","","","LAVADIA","NSW","2462","-29.7435959","153.0611784",1108143,141056,"Area Two",22/04/2025,22/04/2025,"10:00","14:00"
"2","NSW","Page                            ",32,"Other Mobile Team 3                                             ","Clarence Correctional Centre","313 Avenue Rd","","","LAVADIA","NSW","2462","-29.7435959","153.0611784",1108143,141056,"Area Two",23/04/2025,23/04/2025,"10:00","14:00"
"2","NSW","Page                            ",32,"Other Mobile Team 4                                             ","Clarence Correctional Centre","313 Avenue Rd","","","LAVADIA","NSW","2462","-29.7435959","153.0611784",1108143,141056,"Area Three",22/04/2025,22/04/2025,"10:00","14:00"
"2","NSW","Page                            ",32,"Other Mobile Team 4                                             ","Clarence Correctional Centre","313 Avenue Rd","","","LAVADIA","NSW","2462","-29.7435959","153.0611784",1108143,141056,"Area Three",23/04/2025,23/04/2025,"10:00","14:00"
"2","NSW","Page                            ",32,"Other Mobile Team 5                                             ","Clarence Correctional Centre","313 Avenue Rd","","","LAVADIA","NSW","2462","-29.7435959","153.0611784",1108143,141056,"Area Four",22/04/2025,22/04/2025,"10:00","14:00"
"2","NSW","Page                            ",32,"Other Mobile Team 5                                             ","Clarence Correctional Centre","313 Avenue Rd","","","LAVADIA","NSW","2462","-29.7435959","153.0611784",1108143,141056,"Area Four",23/04/2025,23/04/2025,"10:00","14:00"
"2","NSW","Page                            ",32,"Other Mobile Team 6                                             ","Clarence Correctional Centre","313 Avenue Rd","","","LAVADIA","NSW","2462","-29.7435959","153.0611784",1108143,141056,"Area Five",22/04/2025,22/04/2025,"10:00","14:00"
"2","NSW","Page                            ",32,"Other Mobile Team 6                                             ","Clarence Correctional Centre","313 Avenue Rd","","","LAVADIA","NSW","2462","-29.7435959","153.0611784",1108143,141056,"Area Five",23/04/2025,23/04/2025,"10:00","14:00"
"2","NSW","Page                            ",32,"Other Mobile Team 7                                             ","Clarence Correctional Centre","313 Avenue Rd","","","LAVADIA","NSW","2462","-29.7435959","153.0611784",1108143,141056,"Area Six",22/04/2025,22/04/2025,"10:00","14:00"
"2","NSW","Page                            ",32,"Other Mobile Team 7                                             ","Clarence Correctional Centre","313 Avenue Rd","","","LAVADIA","NSW","2462","-29.7435959","153.0611784",1108143,141056,"Area Six",23/04/2025,23/04/2025,"10:00","14:00"
"2","NSW","Page                            ",32,"Special Hospital Team 1                                         ","Clarence on Queen","166 Queen St","","","GRAFTON","NSW","2460","-29.6795848","152.94061796",1108024,143244,"",28/04/2025,28/04/2025,"13:00","15:00"
"2","NSW","Page                            ",32,"Special Hospital Team 1                                         ","Mareeba Aged Care","6 Rannoch Ave","","","MACLEAN","NSW","2463","-29.4511641","153.2020283",1108249,12582,"",22/04/2025,22/04/2025,"10:30","14:30"
"2","NSW","Page                            ",32,"Special Hospital Team 1                                         ","The Whiddon Group Maclean","27 Union St","","","MACLEAN","NSW","2463","-29.4544769283118","153.202704648183",1108216,12581,"",24/04/2025,24/04/2025,"10:30","12:45"
"2","NSW","Page                            ",32,"Special Hospital Team 1                                         ","Uniting Care Caroona Yamba","4 Freeburn St","","","YAMBA","NSW","2464","-29.4376292227423","153.346284093619",1108246,34430,"",01/05/2025,01/05/2025,"10:00","14:30"
"2","NSW","Page                            ",32,"Special Hospital Team 2                                         ","Alstonville Adventist Aged Care Facility","77 Pearces Creek Rd","","","ALSTONVILLE","NSW","2477","-28.8322188275585","153.439398892889",1123715,49957,"",24/04/2025,24/04/2025,"13:30","15:30"
"2","NSW","Page                            ",32,"Special Hospital Team 2                                         ","BCS Mid-Richmond Centre (BaptistCare)","63 Surry St","","","CORAKI","NSW","2471","-28.993204845","153.274290567",1124502,122909,"",24/04/2025,24/04/2025,"10:00","11:00"
"2","NSW","Page                            ",32,"Special Hospital Team 2                                         ","Lilli Pilli - Older Persons Mental Health Unit","Lismore Base Hospital","60 Hunter St","","LISMORE","NSW","2480","-28.8136334","153.2896232",1124805,125843,"",30/04/2025,30/04/2025,"12:30","13:30"
"2","NSW","Page                            ",32,"Special Hospital Team 2                                         ","Lismore Base Hospital","60 Uralba St","","","LISMORE","NSW","2480","-28.8086703","153.2917452",1124840,126669,"Lismore BH Part 1",28/04/2025,28/04/2025,"9:00","16:00"
"2","NSW","Page                            ",32,"Special Hospital Team 2                                         ","Lismore Base Hospital","60 Uralba St","","","LISMORE","NSW","2480","-28.8086703","153.2917452",1124840,126669,"Lismore BH Part 1",29/04/2025,29/04/2025,"9:00","16:00"
"2","NSW","Page                            ",32,"Special Hospital Team 2                                         ","St Michael's Apartments","62 Centre St","","","CASINO","NSW","2470","-28.872324","153.043316",1124404,12572,"",23/04/2025,23/04/2025,"11:30","13:30"
"2","NSW","Page                            ",32,"Special Hospital Team 2                                         ","Tallowwood - Adult Mental Health Unit","Lismore Base Hospital","60 Hunter St","","LISMORE","NSW","2480","-28.8136334","153.2896232",1124805,125844,"",30/04/2025,30/04/2025,"10:00","11:00"
"2","NSW","Page                            ",32,"Special Hospital Team 2                                         ","The Whiddon Group Kyogle","1 Riverbend Cl","","","KYOGLE","NSW","2474","-28.6281443","153.0017374",1124718,35157,"",22/04/2025,22/04/2025,"11:00","14:30"
"2","NSW","Page                            ",32,"Special Hospital Team 3                                         ","Clarence Village - Dougherty Villa","206 Arthur St","","","GRAFTON","NSW","2460","-29.6732755","152.9392609",1108041,35158,"",24/04/2025,24/04/2025,"13:00","14:45"
"2","NSW","Page                            ",32,"Special Hospital Team 3                                         ","Grafton Aged Care Home","12 Bent St","","","SOUTH GRAFTON","NSW","2460","-29.7011472","152.9415643",1108046,33021,"",30/04/2025,30/04/2025,"10:00","13:00"
"2","NSW","Page                            ",32,"Special Hospital Team 3                                         ","St Catherines Villa","126 North St","","","GRAFTON","NSW","2460","-29.670515793663","152.94130071053",1108003,35159,"",23/04/2025,23/04/2025,"10:00","12:15"
"2","NSW","Page                            ",32,"Special Hospital Team 3                                         ","The Whiddon Group Grafton","125 Crown St","","","GRAFTON","NSW","2460","-29.6748662838381","152.942718599791",1108041,33019,"",28/04/2025,28/04/2025,"10:30","15:00"
"2","NSW","Page                            ",32,"Special Hospital Team 3                                         ","Woolgoolga Aged Care Centre","49 High St","Building B","","WOOLGOOLGA","NSW","2456","-30.116995","153.201245",1109126,32670,"",22/04/2025,22/04/2025,"10:30","12:00"
"2","NSW","Page                            ",32,"Special Hospital Team 4                                         ","Caroona Jarman Hostel Nursing Home","65-101 Rous Rd","","","GOONELLABAH","NSW","2480","-28.8241846","153.3213329",1124625,12578,"",22/04/2025,22/04/2025,"10:00","13:00"
"2","NSW","Page                            ",32,"Special Hospital Team 4                                         ","Caroona Kalina Nursing Home","65-101 Rous Rd","","","GOONELLABAH","NSW","2480","-28.826066","153.321541",1124625,31015,"",23/04/2025,23/04/2025,"10:00","13:00"
"2","NSW","Page                            ",32,"Special Hospital Team 4                                         ","Caroona Marima Nursing Home","101 Rous Rd","","","GOONELLABAH","NSW","2480","-28.826066","153.321541",1124625,12577,"",01/05/2025,01/05/2025,"10:00","12:45"
"2","NSW","Page                            ",32,"Special Hospital Team 4                                         ","Lismore Base Hospital","60 Uralba St","","","LISMORE","NSW","2480","-28.8086703","153.2917452",1124840,126669,"Lismore BH Part 2",28/04/2025,28/04/2025,"9:00","16:00"
"2","NSW","Page                            ",32,"Special Hospital Team 4                                         ","Lismore Base Hospital","60 Uralba St","","","LISMORE","NSW","2480","-28.8086703","153.2917452",1124840,126669,"Lismore BH Part 2",29/04/2025,29/04/2025,"9:00","12:00"
"2","NSW","Page                            ",32,"Special Hospital Team 4                                         ","Maranoa Alstonville","15 The Ave","","","ALSTONVILLE","NSW","2477","-28.8407280772319","153.435551292207",1123742,49958,"",30/04/2025,30/04/2025,"10:00","12:00"
"2","NSW","Page                            ",32,"Special Hospital Team 4                                         ","St Joseph Nursing Home","20 Dalley St","","","EAST LISMORE","NSW","2480","-28.8200083120834","153.288225071685",1124829,63199,"",24/04/2025,24/04/2025,"14:00","16:00"
"2","NSW","Page                            ",32,"Special Hospital Team 4                                         ","St Josephs Mary's Grange ","131 Dibbs St","","","EAST LISMORE","NSW","2480","-28.8203495","153.2903266",1124829,33023,"",24/04/2025,24/04/2025,"10:00","12:00"
"2","NSW","Parkes                          ",33,"Other Mobile Team 1                                             ","Broken Hill Correctional Centre","109 Gossan St","","","BROKEN HILL","NSW","2880","-31.95521365","141.44822967",1109727,141635,"Area One",23/04/2025,23/04/2025,"9:00","14:00"
"2","NSW","Parkes                          ",33,"Other Mobile Team 2                                             ","Broken Hill Correctional Centre","109 Gossan St","","","BROKEN HILL","NSW","2880","-31.95521365","141.44822967",1109727,141635,"Area Two",23/04/2025,23/04/2025,"9:00","14:00"
"2","NSW","Parkes                          ",33,"Remote Mobile Team 1                                            ","Menindee RMT Civic Hall","30 Yartla St","","","MENINDEE","NSW","2879","-32.3929","142.4181",1109802,123780,"",23/04/2025,23/04/2025,"10:30","14:30"
"2","NSW","Parkes                          ",33,"Remote Mobile Team 1                                            ","Silverton Municipal Chambers Picnic and Rest area","Burke St","","","SILVERTON","NSW","2880","-31.884521","141.224101",1109806,123528,"",22/04/2025,22/04/2025,"11:30","14:30"
"2","NSW","Parkes                          ",33,"Remote Mobile Team 1                                            ","Tibooburra CWA Room","Briscoe St","","","TIBOOBURRA","NSW","2880","-29.43028165","142.0108561",1109804,72170,"",30/04/2025,30/04/2025,"10:30","13:30"
"2","NSW","Parkes                          ",33,"Remote Mobile Team 1                                            ","Wanaaring and District Soldiers Memorial Hall","Bourke-Milparinka Rd","","","WANAARING","NSW","2840","-29.7053632","144.1482267",1109203,70551,"",28/04/2025,28/04/2025,"11:00","14:00"
"2","NSW","Parkes                          ",33,"Remote Mobile Team 1                                            ","White Cliffs Community Hall","46 Johnston St","","","WHITE CLIFFS","NSW","2836","-30.8516929704802","143.090213377117",1109801,124420,"",29/04/2025,29/04/2025,"10:00","13:00"
"2","NSW","Parkes                          ",33,"Remote Mobile Team 1                                            ","Wilcannia RMT Central Darling Council Hall","22 Myers St","","","WILCANNIA","NSW","2836","-31.557831","143.37739",1109809,123779,"",24/04/2025,24/04/2025,"10:30","14:30"
"2","NSW","Parkes                          ",33,"Remote Mobile Team 2                                            ","Fifield Hall","32 Slee St","","","FIFIELD","NSW","2875","-32.8068008471975","147.458063491909",1106218,125868,"",28/04/2025,28/04/2025,"11:00","14:00"
"2","NSW","Parkes                          ",33,"Remote Mobile Team 2                                            ","Hermidale Tennis Club","Cobar St","","","HERMIDALE","NSW","2831","-31.548647667","146.724527638",1109507,123527,"",22/04/2025,22/04/2025,"11:30","14:30"
"2","NSW","Parkes                          ",33,"Remote Mobile Team 2                                            ","Murrin Bridge Pre-school","1 Riverside Dr","","","MURRIN BRIDGE","NSW","2672","-33.214524","146.371282",1109301,72488,"",29/04/2025,29/04/2025,"9:00","13:00"
"2","NSW","Parkes                          ",33,"Remote Mobile Team 2                                            ","Nymagee Community Hall","Graham St","","","NYMAGEE","NSW","2831","-32.06524272","146.314773",1109313,90124,"",24/04/2025,24/04/2025,"9:30","12:30"
"2","NSW","Parkes                          ",33,"Remote Mobile Team 2                                            ","Tilpa Community Centre","Darling St","","","TILPA","NSW","2840","-30.93616265","144.4175546",1109813,72171,"",23/04/2025,23/04/2025,"10:30","13:30"
"2","NSW","Parkes                          ",33,"Remote Mobile Team 3                                            ","Brewarrina RMT Information Centre","50 Bathurst St","","","BREWARRINA","NSW","2839","-29.9605144","146.8567258",1109208,123781,"",22/04/2025,22/04/2025,"12:00","16:00"
"2","NSW","Parkes                          ",33,"Remote Mobile Team 3                                            ","Enngonia War Memorial Hall","Belalie St","","","ENNGONIA","NSW","2840","-29.32043351","145.8470828",1109205,72487,"",24/04/2025,24/04/2025,"9:00","13:00"
"2","NSW","Parkes                          ",33,"Remote Mobile Team 3                                            ","Girilambone Bushcraft Cafe Carpark ","10 Sydney St","","","GIRILAMBONE","NSW","2831","-31.25068179","146.90444059",1109506,123526,"",28/04/2025,28/04/2025,"11:30","14:30"
"2","NSW","Parkes                          ",33,"Remote Mobile Team 3                                            ","Louth Tennis Club","Bloxham St","","","LOUTH","NSW","2840","-30.53508101","145.1161041",1109203,70552,"",29/04/2025,29/04/2025,"10:00","13:00"
"2","NSW","Parkes                          ",33,"Remote Mobile Team 3                                            ","Weilmoringle Tennis Shed","32 Post Office Rd","","","WEILMORINGLE","NSW","2839","-29.239804","146.920784",1109210,141760,"",23/04/2025,23/04/2025,"10:30","13:30"
"2","NSW","Parkes                          ",33,"Remote Mobile Team 4                                            ","Carinda Public School","4 McNamara St","","","CARINDA","NSW","2831","-30.4622","147.693",1109604,142355,"",22/04/2025,22/04/2025,"12:30","15:30"
"2","NSW","Parkes                          ",33,"Remote Mobile Team 4                                            ","Quambone War Memorial Hall ","Mungie St","","","QUAMBONE","NSW","2831","-30.92886564","147.8712362",1109407,90125,"",24/04/2025,24/04/2025,"10:00","13:00"
"2","NSW","Parkes                          ",33,"Remote Mobile Team 4                                            ","Rowena Public School","11 Shaw St","","","ROWENA","NSW","2387","-29.8150873035703","148.912667449759",1109627,105824,"",23/04/2025,23/04/2025,"10:30","13:30"
"2","NSW","Parkes                          ",33,"Remote Mobile Team 5                                            ","Bullarah Public School","6915 Gwydir Hwy","","","BULLARAH","NSW","2400","-29.4647","149.08",1119617,124417,"",22/04/2025,22/04/2025,"13:00","16:00"
"2","NSW","Parkes                          ",33,"Remote Mobile Team 5                                            ","Garah Hall","15 Midkin St","","","GARAH","NSW","2405","-29.07448845","149.63390738",1119605,121912,"",24/04/2025,24/04/2025,"9:00","12:00"
"2","NSW","Parkes                          ",33,"Remote Mobile Team 5                                            ","Toomelah Community Hall","3395 Tucka Tucka Rd","","","BOGGABILLA","NSW","2409","-28.6676926710284","150.47406864345",1119607,72489,"",29/04/2025,29/04/2025,"10:30","14:30"
"2","NSW","Parkes                          ",33,"Remote Mobile Team 5                                            ","Weemelah Hall","Balarang St","","","WEEMELAH","NSW","2406","-29.014081","149.254382",1119615,121911,"",23/04/2025,23/04/2025,"10:00","13:00"
"2","NSW","Parkes                          ",33,"Special Hospital Team 1                                         ","Bill Newton VC Gardens","28a Lansdowne Dr","","","DUBBO","NSW","2830","-32.2497315230254","148.572466459851",1110212,121974,"",23/04/2025,23/04/2025,"14:00","17:00"
"2","NSW","Parkes                          ",33,"Special Hospital Team 1                                         ","Bracken House","315 Macquarie St","","","DUBBO","NSW","2830","-32.2624780954604","148.600750244523",1110117,121975,"",23/04/2025,23/04/2025,"8:30","12:30"
"2","NSW","Parkes                          ",33,"Special Hospital Team 1                                         ","Dubbo Base Hospital - Mental Health Unit","Myall St","","","DUBBO","NSW","2830","-32.2396727069871","148.62112093436",1110028,142362,"",30/04/2025,30/04/2025,"8:45","10:00"
"2","NSW","Parkes                          ",33,"Special Hospital Team 1                                         ","Dubbo Homestead Opal Aged Care","30 Muller St","","","DUBBO","NSW","2830","-32.23774432","148.62037033",1110028,121976,"",24/04/2025,24/04/2025,"8:30","11:00"
"2","NSW","Parkes                          ",33,"Special Hospital Team 1                                         ","Dunedoo MPS - RACF","29-31 Digilah St","","","DUNEDOO","NSW","2844","-32.01705","149.39737",1107426,121971,"",29/04/2025,29/04/2025,"9:15","11:15"
"2","NSW","Parkes                          ",33,"Special Hospital Team 1                                         ","Kintyre Lodge","2 Glenabbey Dr","","","DUBBO","NSW","2830","-32.2731645632876","148.573606937007",1110228,121977,"",22/04/2025,22/04/2025,"8:30","15:30"
"2","NSW","Parkes                          ",33,"Special Hospital Team 1                                         ","Orana Gardens Lodge","81 Windsor Pde","","","DUBBO","NSW","2830","-32.25504508","148.63382355",1110101,121978,"",28/04/2025,28/04/2025,"8:30","16:15"
"2","NSW","Parkes                          ",33,"Special Hospital Team 1                                         ","RFBI Dubbo Masonic Village","2 Capstan Dr","","","DUBBO","NSW","2830","-32.26035134","148.643579018",1110146,121979,"",24/04/2025,24/04/2025,"12:45","17:15"
"2","NSW","Parkes                          ",33,"Special Hospital Team 2                                         ","Coonamble MPS - RACF","150 Castlereagh St","","","COONAMBLE","NSW","2829","-30.9650808684888","148.387672359023",1109402,123517,"",29/04/2025,29/04/2025,"12:00","13:30"
"2","NSW","Parkes                          ",33,"Special Hospital Team 2                                         ","Gulargambone MPS - RACF","49-51 Bourbah St","","","GULARGAMBONE","NSW","2828","-31.3299","148.47055",1109403,125853,"",24/04/2025,24/04/2025,"15:15","16:45"
"2","NSW","Parkes                          ",33,"Special Hospital Team 2                                         ","Gunnedah McLean Care Alkira Hostel","35-45 Marquis St","","","GUNNEDAH","NSW","2380","-30.98192","150.25168",1119909,122788,"",22/04/2025,22/04/2025,"11:00","13:30"
"2","NSW","Parkes                          ",33,"Special Hospital Team 2                                         ","Gunnedah McLean Care Apex Hostel","2 Apex Rd","","","GUNNEDAH","NSW","2380","-30.98192","150.25168",1119909,121958,"",22/04/2025,22/04/2025,"14:15","17:15"
"2","NSW","Parkes                          ",33,"Special Hospital Team 2                                         ","Koonambil Aged Care","Koonambil Aged Hostel","140-148 Castlereagh St","","COONAMBLE","NSW","2829","-30.9641769","148.38846932",1109402,121952,"",29/04/2025,29/04/2025,"8:45","10:15"
"2","NSW","Parkes                          ",33,"Special Hospital Team 2                                         ","Lightning Ridge MPS  - RACF","25 Pandora St","","","LIGHTNING RIDGE","NSW","2834","-29.42989611","147.9820674",1109621,121953,"",24/04/2025,24/04/2025,"10:00","11:30"
"2","NSW","Parkes                          ",33,"Special Hospital Team 2                                         ","Moree Whiddon Fairview Nursing Home","10 Victoria Tce","","","MOREE","NSW","2400","-29.4695483","149.8378515",1119509,121954,"",23/04/2025,23/04/2025,"10:30","15:15"
"2","NSW","Parkes                          ",33,"Special Hospital Team 2                                         ","Trangie Health Service - RACF","28 Harris St","","","TRANGIE","NSW","2823","-32.028917","147.9740978",1110503,121973,"",28/04/2025,28/04/2025,"8:45","10:15"
"2","NSW","Parkes                          ",33,"Special Hospital Team 2                                         ","Warren MPS - RACF","Hospital Rd","","","WARREN","NSW","2824","-31.6941595","147.8355503",1109511,121970,"",28/04/2025,28/04/2025,"12:15","14:45"
"2","NSW","Parkes                          ",33,"Special Hospital Team 3                                         ","Baptistcare Niola Centre","29 Bushman St","","","PARKES","NSW","2870","-33.1342513963674","148.170921164335",1106717,12607,"",28/04/2025,28/04/2025,"10:30","11:30"
"2","NSW","Parkes                          ",33,"Special Hospital Team 3                                         ","Bourke Multi Purpose Service - RACF","26 Tarcoon St","","","BOURKE","NSW","2840","-30.092762544","145.94807073",1109202,125851,"",23/04/2025,23/04/2025,"9:45","11:15"
"2","NSW","Parkes                          ",33,"Special Hospital Team 3                                         ","Catholic Healthcare Jemalong Residential Village","240 Edward St","","","FORBES","NSW","2871","-33.3734537","147.9923481",1106506,41141,"",28/04/2025,28/04/2025,"13:15","16:00"
"2","NSW","Parkes                          ",33,"Special Hospital Team 3                                         ","Lake Cargelligo MPS - RACF","28 Uabba St","","","LAKE CARGELLIGO","NSW","2672","-33.2921714","146.3734889",1106209,121968,"",30/04/2025,30/04/2025,"14:45","16:00"
"2","NSW","Parkes                          ",33,"Special Hospital Team 3                                         ","Lillian Brady Village ","2 Nullamutt St","","","COBAR","NSW","2835","-31.5070401955747","145.825513751691",1109311,122800,"",30/04/2025,30/04/2025,"8:00","10:45"
"2","NSW","Parkes                          ",33,"Special Hospital Team 3                                         ","Nyngan Health Service - RACF","15 Hospital Rd","","","NYNGAN","NSW","2825","-31.5618806","147.2021627",1109508,121969,"",22/04/2025,22/04/2025,"15:00","16:45"
"2","NSW","Parkes                          ",33,"Special Hospital Team 3                                         ","RFBI West Wyalong Masonic Village","64 Ungarie Rd","","","WEST WYALONG","NSW","2671","-33.9165387046888","147.198039286743",1106918,13738,"",29/04/2025,29/04/2025,"8:45","10:15"
"2","NSW","Parkes                          ",33,"Special Hospital Team 3                                         ","RSL Life Care Condobolin","2 Quirk Dr","","","CONDOBOLIN","NSW","2877","-33.08147","147.15279",1106201,121967,"",29/04/2025,29/04/2025,"12:45","15:30"
"2","NSW","Parkes                          ",33,"Special Hospital Team 3                                         ","Southern Cross Care Parkes","2 Middleton St","","","PARKES","NSW","2870","-33.1362736157611","148.163279565189",1106712,72672,"",28/04/2025,28/04/2025,"8:45","9:45"
"2","NSW","Parkes                          ",33,"Special Hospital Team 3                                         ","Timbrebongie House","134-138 Cathundril St","","","NARROMINE","NSW","2821","-32.2430897","148.2401345",1110507,121972,"",22/04/2025,22/04/2025,"8:30","12:00"
"2","NSW","Parkes                          ",33,"Special Hospital Team 4                                         ","Aruma Lodge","229 Beryl St","","","BROKEN HILL","NSW","2880","-31.9575353","141.4632966",1109705,121675,"",28/04/2025,28/04/2025,"10:30","13:00"
"2","NSW","Parkes                          ",33,"Special Hospital Team 4                                         ","Harold Williams Home","267 Eyre St","","","BROKEN HILL","NSW","2880","-31.9742424","141.4622157",1109744,121949,"",29/04/2025,29/04/2025,"9:00","11:30"
"2","NSW","Parkes                          ",33,"Special Hospital Team 4                                         ","St Annes Nursing Home","224 Piper St","","","BROKEN HILL","NSW","2880","-31.9741082456909","141.463191523211",1109744,121950,"",22/04/2025,22/04/2025,"8:30","15:30"
"2","NSW","Parramatta                      ",34,"Special Hospital Team 1                                         ","Ashwood Residential Care Services","290 Dunmore St","","","PENDLE HILL","NSW","2145","-33.804230783","150.955163442",1158811,126153,"",28/04/2025,28/04/2025,"10:30","14:30"
"2","NSW","Parramatta                      ",34,"Special Hospital Team 1                                         ","Bolton Clarke Cabrini","83-85 Amos St","","","WESTMEAD","NSW","2145","-33.81529049537551","150.9849199682218",1158905,123157,"",23/04/2025,23/04/2025,"10:00","16:00"
"2","NSW","Parramatta                      ",34,"Special Hospital Team 1                                         ","Cumberland Hospital - Mental Health Hospital","11 Hainsworth St","","","WESTMEAD","NSW","2145","-33.801728791","150.994783596",1149110,141810,"Auditorium",29/04/2025,29/04/2025,"10:00","17:00"
"2","NSW","Parramatta                      ",34,"Special Hospital Team 1                                         ","Melrose Settlement Nursing Home","123-157 Bungaree Rd","","","PENDLE HILL","NSW","2145","-33.7999659331817","150.959617754681",1149311,122091,"",24/04/2025,24/04/2025,"10:00","13:00"
"2","NSW","Parramatta                      ",34,"Special Hospital Team 1                                         ","Pendle Hill Aged Care","2 Wyena Rd","","","PENDLE HILL","NSW","2145","-33.810059","150.94897",1158804,123169,"",01/05/2025,01/05/2025,"10:00","14:00"
"2","NSW","Parramatta                      ",34,"Special Hospital Team 2                                         ","Courtlands Aged Care","15 Gloucester Ave","","","NORTH PARRAMATTA","NSW","2151","-33.7946296479008","151.011037818043",1148917,126154,"",22/04/2025,22/04/2025,"10:00","15:00"
"2","NSW","Parramatta                      ",34,"Special Hospital Team 2                                         ","Cumberland Hospital - Mental Health Hospital","11 Hainsworth St","","","WESTMEAD","NSW","2145","-33.801728791","150.994783596",1149110,141810,"Service 2",29/04/2025,29/04/2025,"10:00","15:30"
"2","NSW","Parramatta                      ",34,"Special Hospital Team 2                                         ","Uniting Arrunga Ermington","334-342 Kissing Point Rd ","","","ERMINGTON","NSW","2115","-33.8053503","151.059557504",1147748,123328,"",28/04/2025,28/04/2025,"10:00","13:30"
"2","NSW","Parramatta                      ",34,"Special Hospital Team 2                                         ","Uniting Westmead","1 Caroline St","","","WESTMEAD","NSW","2145","-33.80585837167634","150.99289988356486",1149158,123159,"",24/04/2025,24/04/2025,"10:00","17:00"
"2","NSW","Parramatta                      ",34,"Special Hospital Team 2                                         ","Westmead Hospital - Mental Health Unit","Cnr Hawkesbury Rd & Darcy Rd ","","","WESTMEAD","NSW","2145","-33.80381","150.98839",1149110,141809,"",23/04/2025,23/04/2025,"10:00","13:30"
"2","NSW","Paterson                        ",35,"Special Hospital Team 1                                         ","Calvary Tanilba Shores Retirement Community","71 Tanilba Ave","","","TANILBA BAY","NSW","2319","-32.7277344733113","151.994750563954",1112018,125859,"",29/04/2025,29/04/2025,"9:30","12:50"
"2","NSW","Paterson                        ",35,"Special Hospital Team 1                                         ","Green Hills Residential Care Service","7 Martin Cl","","","EAST MAITLAND","NSW","2323","-32.766025","151.590741",1161440,122509,"",22/04/2025,22/04/2025,"10:00","12:00"
"2","NSW","Paterson                        ",35,"Special Hospital Team 1                                         ","Harbourside Haven Gardens","89A Shoal Bay Rd","","","SHOAL BAY","NSW","2315","-32.718396029959","152.167422171802",1112146,32794,"",28/04/2025,28/04/2025,"13:00","16:20"
"2","NSW","Paterson                        ",35,"Special Hospital Team 1                                         ","Maitland Hospital - Mental Health Unit","51 Metford Rd","","","METFORD","NSW","2323","-32.76039643","151.60536535",1161416,141687,"",24/04/2025,24/04/2025,"14:30","15:30"
"2","NSW","Paterson                        ",35,"Special Hospital Team 1                                         ","Maitland Private Hospital - Mental Health Unit","Maitland Private Hospital","173 Chisholm Rd","","ASHTONFIELD","NSW","2323","-32.765031","151.59723193",1161441,127008,"",22/04/2025,22/04/2025,"14:00","14:20"
"2","NSW","Paterson                        ",35,"Special Hospital Team 1                                         ","Raymond Terrace Gardens Care Community","15 Sturgeon St N","","","RAYMOND TERRACE","NSW","2324","-32.7602","151.748",1112211,122515,"",23/04/2025,23/04/2025,"9:30","11:50"
"2","NSW","Paterson                        ",35,"Special Hospital Team 1                                         ","Regis Port Stephens","40 Bagnall Beach Rd","","","CORLETTE","NSW","2315","-32.72934732","152.11482374",1112134,122517,"",30/04/2025,30/04/2025,"9:30","14:30"
"2","NSW","Paterson                        ",35,"Special Hospital Team 1                                         ","Uniting Salamander Bay  ","Residential Care","4 Muller St","","SALAMANDER BAY","NSW","2317","-32.730272","152.083322",1112119,122521,"",28/04/2025,28/04/2025,"9:30","11:00"
"2","NSW","Paterson                        ",35,"Special Hospital Team 2                                         ","Calvary Mt Carmel Hostel","9 Dwyer St","","","OAKHAMPTON","NSW","2320","-32.7221609","151.5432259",1111411,125861,"",23/04/2025,23/04/2025,"9:00","11:30"
"2","NSW","Paterson                        ",35,"Special Hospital Team 2                                         ","Estia Health Aberglasslyn","603 Oakhampton Rd","","","ABERGLASSLYN","NSW","2320","-32.721","151.545",1111411,125863,"",22/04/2025,22/04/2025,"9:30","17:00"
"2","NSW","Paterson                        ",35,"Special Hospital Team 2                                         ","Maitland Grange Care Community","28 Broughton St","","","RUTHERFORD","NSW","2320","-32.710163","151.52566",1161537,122511,"",28/04/2025,28/04/2025,"9:00","15:30"
"2","NSW","Paterson                        ",35,"Special Hospital Team 2                                         ","RFBI Benhome Masonic Village","Residential Care","30 Regent St","","MAITLAND","NSW","2320","-32.7299543703889","151.545495144752",1111412,122518,"",30/04/2025,30/04/2025,"14:00","17:00"
"2","NSW","Paterson                        ",35,"Special Hospital Team 2                                         ","RFBI Benhome Masonic Village","Residential Care","30 Regent St","","MAITLAND","NSW","2320","-32.7299543703889","151.545495144752",1111412,122518,"",01/05/2025,01/05/2025,"9:00","15:30"
"2","NSW","Paterson                        ",35,"Special Hospital Team 2                                         ","Rutherford Park Care Community","4 Dietrich Cl","","","RUTHERFORD","NSW","2320","-32.7011407066409","151.508072173663",1161508,125864,"",29/04/2025,29/04/2025,"9:00","13:30"
"2","NSW","Paterson                        ",35,"Special Hospital Team 2                                         ","Rutherford Park Care Community","4 Dietrich Cl","","","RUTHERFORD","NSW","2320","-32.7011407066409","151.508072173663",1161508,125864,"",30/04/2025,30/04/2025,"9:00","13:00"
"2","NSW","Reid                            ",36,"Other Mobile Team 1                                             ","Metropolitan Remand and Reception Centre","7 Holker St","","","SILVERWATER","NSW","2128","-33.82937419","151.05684235",1170919,142461,"Area One",28/04/2025,28/04/2025,"9:00","14:00"
"2","NSW","Reid                            ",36,"Other Mobile Team 1                                             ","Metropolitan Remand and Reception Centre","7 Holker St","","","SILVERWATER","NSW","2128","-33.82937419","151.05684235",1170919,142461,"Area One",29/04/2025,29/04/2025,"9:00","14:00"
"2","NSW","Reid                            ",36,"Other Mobile Team 1                                             ","Metropolitan Remand and Reception Centre","7 Holker St","","","SILVERWATER","NSW","2128","-33.82937419","151.05684235",1170919,142461,"Area One",30/04/2025,30/04/2025,"9:00","14:00"
"2","NSW","Reid                            ",36,"Other Mobile Team 1                                             ","Metropolitan Remand and Reception Centre","7 Holker St","","","SILVERWATER","NSW","2128","-33.82937419","151.05684235",1170919,142461,"Area One",01/05/2025,01/05/2025,"9:00","14:00"
"2","NSW","Reid                            ",36,"Other Mobile Team 1                                             ","Silverwater Womens Correctional Centre","Holker St","","","SILVERWATER","NSW","2141","-33.831","151.0543",1170919,141811,"",23/04/2025,23/04/2025,"9:00","14:30"
"2","NSW","Reid                            ",36,"Other Mobile Team 2                                             ","Metropolitan Remand and Reception Centre","7 Holker St","","","SILVERWATER","NSW","2128","-33.82937419","151.05684235",1170919,142461,"Area Two",28/04/2025,28/04/2025,"9:00","14:00"
"2","NSW","Reid                            ",36,"Other Mobile Team 2                                             ","Metropolitan Remand and Reception Centre","7 Holker St","","","SILVERWATER","NSW","2128","-33.82937419","151.05684235",1170919,142461,"Area Two",29/04/2025,29/04/2025,"9:00","14:00"
"2","NSW","Reid                            ",36,"Other Mobile Team 2                                             ","Metropolitan Remand and Reception Centre","7 Holker St","","","SILVERWATER","NSW","2128","-33.82937419","151.05684235",1170919,142461,"Area Two",30/04/2025,30/04/2025,"9:00","14:00"
"2","NSW","Reid                            ",36,"Other Mobile Team 2                                             ","Metropolitan Remand and Reception Centre","7 Holker St","","","SILVERWATER","NSW","2128","-33.82937419","151.05684235",1170919,142461,"Area Two",01/05/2025,01/05/2025,"9:00","14:00"
"2","NSW","Reid                            ",36,"Special Hospital Team 1                                         ","Bayswater Gardens","65 St Albans St","","","ABBOTSFORD","NSW","2046","-33.850890032","151.126315897",1138629,123162,"",29/04/2025,29/04/2025,"10:00","14:00"
"2","NSW","Reid                            ",36,"Special Hospital Team 1                                         ","Bolton Clarke Redleaf Manor Aged Care","16 Flavelle St","","","CONCORD","NSW","2137","-33.862218","151.09956827",1138323,123165,"",23/04/2025,23/04/2025,"12:00","17:00"
"2","NSW","Reid                            ",36,"Special Hospital Team 1                                         ","Concord Centre for Mental Health","109 Hospital Rd","","","CONCORD WEST","NSW","2138","-33.854735339","151.091595461",1167236,126158,"",28/04/2025,28/04/2025,"10:00","16:00"
"2","NSW","Reid                            ",36,"Special Hospital Team 1                                         ","Concord Centre for Mental Health","109 Hospital Rd","","","CONCORD WEST","NSW","2138","-33.854735339","151.091595461",1167236,126158,"",01/05/2025,01/05/2025,"10:00","16:00"
"2","NSW","Reid                            ",36,"Special Hospital Team 1                                         ","Presbyterian Aged Care Drummoyne","14 Clements St","","","DRUMMOYNE","NSW","2047","-33.85960885","151.14849536",1138524,123289,"",30/04/2025,30/04/2025,"10:00","12:30"
"2","NSW","Reid                            ",36,"Special Hospital Team 1                                         ","RFBI Concord Community Village","4A Cavell Ave","","","RHODES","NSW","2138","-33.8265861453785","151.089234562619",1167322,123166,"",22/04/2025,22/04/2025,"10:00","13:00"
"2","NSW","Reid                            ",36,"Special Hospital Team 2                                         ","Canberra Nursing Home","21 Mary St","","","LIDCOMBE","NSW","2141","-33.863074303","151.0475029",1158653,125887,"",29/04/2025,29/04/2025,"10:00","13:00"
"2","NSW","Reid                            ",36,"Special Hospital Team 2                                         ","Chiswick Manor Care Community","2 Windward Pde","","","CHISWICK","NSW","2046","-33.85125274","151.13316853",1138639,123163,"",30/04/2025,30/04/2025,"10:00","14:30"
"2","NSW","Reid                            ",36,"Special Hospital Team 2                                         ","St Mary's Villa Residential Aged Care ","56 Burton St","","","CONCORD","NSW","2137","-33.8679180368929","151.102408915217",1138301,13644,"",01/05/2025,01/05/2025,"10:00","14:00"
"2","NSW","Reid                            ",36,"Special Hospital Team 2                                         ","The Village by Scalabrini","5 Mary St","","","DRUMMOYNE","NSW","2047","-33.857951437","151.14744744",1138524,123290,"",28/04/2025,28/04/2025,"10:00","13:30"
"2","NSW","Richmond                        ",37,"Special Hospital Team 1                                         ","Bolton Clarke Darlington ","126 Leisure Dr","","","BANORA POINT","NSW","2486","-28.21355511","153.53213385",1155028,42067,"",24/04/2025,24/04/2025,"9:30","15:30"
"2","NSW","Richmond                        ",37,"Special Hospital Team 1                                         ","Bupa Aged Care Banora Point","18 Ballymore Ct","","","BANORA POINT","NSW","2486","-28.2165488109448","153.519469454569",1155003,91598,"",28/04/2025,28/04/2025,"9:30","14:30"
"2","NSW","Richmond                        ",37,"Special Hospital Team 1                                         ","Feros Care Residential Village Wommin Bay","1 McKissock Dr","","","KINGSCLIFF","NSW","2487","-28.234965125539","153.562917987362",1125018,32077,"",22/04/2025,22/04/2025,"10:30","15:00"
"2","NSW","Richmond                        ",37,"Special Hospital Team 1                                         ","Southern Cross Care St. Martha's Residential Aged Care","3-7 Leisure Dr","","","BANORA POINT","NSW","2486","-28.2137977","153.5408975",1155004,91599,"",23/04/2025,23/04/2025,"10:00","12:00"
"2","NSW","Richmond                        ",37,"Special Hospital Team 1                                         ","Uniting Kingscliff","24A Kingscliff St","","","KINGSCLIFF","NSW","2487","-28.251309576334","153.569424874505",1125041,13551,"",29/04/2025,29/04/2025,"9:30","14:30"
"2","NSW","Richmond                        ",37,"Special Hospital Team 2                                         ","Bolton Clarke Raffles - Residential Aged Care","2 Falcon Way","","","TWEED HEADS SOUTH","NSW","2486","-28.19828245","153.5340632",1155203,36874,"",23/04/2025,23/04/2025,"9:30","16:00"
"2","NSW","Richmond                        ",37,"Special Hospital Team 2                                         ","Southern Cross Care St. Joseph's Residential Aged Care","1-9 Blundell Blvd","","","TWEED HEADS SOUTH","NSW","2486","-28.1992762331376","153.542208444311",1155214,13566,"",24/04/2025,24/04/2025,"9:30","16:30"
"2","NSW","Richmond                        ",37,"Special Hospital Team 2                                         ","Tweed River Care Community","7-9 Florence Pl","","","TWEED HEADS","NSW","2485","-28.1753083831232","153.543900337251",1125405,63269,"",22/04/2025,22/04/2025,"10:00","16:00"
"2","NSW","Richmond                        ",37,"Special Hospital Team 2                                         ","Tweed Valley Care Community","1a Carramar Dr","","","TWEED HEADS WEST","NSW","2485","-28.1932945689429","153.501679619566",1125449,13574,"",30/04/2025,30/04/2025,"9:00","15:30"
"2","NSW","Richmond                        ",37,"Special Hospital Team 2                                         ","Tweed Valley Hospital","771 Cudgen Rd","","","CUDGEN","NSW","2487","-28.1770900033145","153.545631606828",1125402,141846,"",28/04/2025,28/04/2025,"9:00","16:30"
"2","NSW","Richmond                        ",37,"Special Hospital Team 2                                         ","Tweed Valley Hospital","771 Cudgen Rd","","","CUDGEN","NSW","2487","-28.1770900033145","153.545631606828",1125402,141846,"",29/04/2025,29/04/2025,"9:00","12:00"
"2","NSW","Richmond                        ",37,"Special Hospital Team 2                                         ","Tweed Valley Hospital - Mental Health Unit","Lower Ground Floor, B Block","Tweed Valley Hospital","71 Cudgen Rd","CUDGEN","NSW","2487","-28.26556023","153.56627693",1125050,141847,"",29/04/2025,29/04/2025,"12:30","16:00"
"2","NSW","Richmond                        ",37,"Special Hospital Team 3                                         ","Byron Aged Care","10 Butler St","","","BYRON BAY","NSW","2481","-28.6425042","153.6105414",1124021,91597,"",22/04/2025,22/04/2025,"10:00","12:00"
"2","NSW","Richmond                        ",37,"Special Hospital Team 3                                         ","Byron Central Hospital - Mental Health Unit","54 Ewingsdale Rd","","","EWINGSDALE","NSW","2481","-28.63774741","153.55628819",1123814,141848,"",22/04/2025,22/04/2025,"13:30","15:00"
"2","NSW","Richmond                        ",37,"Special Hospital Team 3                                         ","Catholic Healthcare Coolamon Villa","1 Reservoir Rd","","","MULLUMBIMBY","NSW","2482","-28.5587607906489","153.490455483045",1124324,13598,"",24/04/2025,24/04/2025,"9:30","12:00"
"2","NSW","Richmond                        ",37,"Special Hospital Team 3                                         ","RSL Lifecare Patrick Bugden VC Gardens","184 Broken Head Rd","","","SUFFOLK PARK","NSW","2481","-28.6865948036219","153.607367633066",1124011,13589,"",29/04/2025,29/04/2025,"9:30","14:00"
"2","NSW","Richmond                        ",37,"Special Hospital Team 4                                         ","Bupa Aged Care Ballina","148 North Creek Rd","","","BALLINA","NSW","2478","-28.841691880647","153.566642637178",1123605,71253,"",24/04/2025,24/04/2025,"9:00","16:00"
"2","NSW","Richmond                        ",37,"Special Hospital Team 4                                         ","Crowley Care ","154 Cherry St","","","BALLINA","NSW","2478","-28.8535605610351","153.56953007528",1123614,13600,"",28/04/2025,28/04/2025,"9:00","17:30"
"2","NSW","Richmond                        ",37,"Special Hospital Team 4                                         ","RSL Lifecare Florence Price Gardens","11 Hackett La","","","BALLINA","NSW","2478","-28.8663490212822","153.570973603424",1123635,13610,"",29/04/2025,29/04/2025,"9:00","17:00"
"2","NSW","Richmond                        ",37,"Special Hospital Team 4                                         ","St Andrews Village Ballina","59 Bentinck St","","","BALLINA","NSW","2478","-28.8635242604899","153.563459744652",1123634,35955,"",23/04/2025,23/04/2025,"9:00","17:30"
"2","NSW","Richmond                        ",37,"Special Hospital Team 5                                         ","Bolton Clarke Winders Lodge","26 Winders Pl","","","BANORA POINT","NSW","2486","-28.21301","153.5408",1155004,126163,"",22/04/2025,22/04/2025,"10:00","12:30"
"2","NSW","Richmond                        ",37,"Special Hospital Team 5                                         ","Bupa Aged Care Pottsville Beach","41-51 Ballina St","","","POTTSVILLE","NSW","2489","-28.3865907758193","153.5540878385",1125335,63271,"",29/04/2025,29/04/2025,"9:30","14:00"
"2","NSW","Richmond                        ",37,"Special Hospital Team 5                                         ","Heritage Lodge - Bolton Clarke","194 Byangum Rd","","","MURWILLUMBAH","NSW","2484","-28.3330307069668","153.37357253558",1125119,90314,"",23/04/2025,23/04/2025,"9:30","15:00"
"2","NSW","Richmond                        ",37,"Special Hospital Team 5                                         ","Infinite Care Tweed","27 Stott St","","","TWEED HEADS WEST","NSW","2485","-28.1944337682294","153.494614840198",1125445,42066,"",28/04/2025,28/04/2025,"9:30","15:30"
"2","NSW","Richmond                        ",37,"Special Hospital Team 5                                         ","Murwillumbah Greens Care Community","1 Ingram Pl","","","MURWILLUMBAH","NSW","2484","-28.337529","153.3684216",1125116,13558,"",24/04/2025,24/04/2025,"12:30","14:30"
"2","NSW","Riverina                        ",38,"Other Mobile Team 1                                             ","Edel Quinn Support Services - St Vincent de Paul","6 Edel Quinn Ln","","","WAGGA WAGGA","NSW","2650","-35.10488579","147.36739315",1127032,122545,"",28/04/2025,28/04/2025,"9:30","10:30"
"2","NSW","Riverina                        ",38,"Other Mobile Team 1                                             ","Junee Correctional Centre","197 Park Ln","","","JUNEE","NSW","2663","-34.86083538407454","147.55717081431186",1126509,141371,"Area One",22/04/2025,22/04/2025,"9:30","16:00"
"2","NSW","Riverina                        ",38,"Other Mobile Team 1                                             ","Junee Correctional Centre","197 Park Ln","","","JUNEE","NSW","2663","-34.86083538407454","147.55717081431186",1126509,141371,"Area One",23/04/2025,23/04/2025,"9:30","16:00"
"2","NSW","Riverina                        ",38,"Other Mobile Team 1                                             ","Junee Correctional Centre","197 Park Ln","","","JUNEE","NSW","2663","-34.86083538407454","147.55717081431186",1126509,141371,"Area One",24/04/2025,24/04/2025,"9:30","15:00"
"2","NSW","Riverina                        ",38,"Other Mobile Team 2                                             ","Junee Correctional Centre","197 Park Ln","","","JUNEE","NSW","2663","-34.86083538407454","147.55717081431186",1126509,141372,"Area Two",22/04/2025,22/04/2025,"9:30","16:00"
"2","NSW","Riverina                        ",38,"Other Mobile Team 2                                             ","Junee Correctional Centre","197 Park Ln","","","JUNEE","NSW","2663","-34.86083538407454","147.55717081431186",1126509,141372,"Area Two",23/04/2025,23/04/2025,"9:30","16:00"
"2","NSW","Riverina                        ",38,"Other Mobile Team 2                                             ","Junee Correctional Centre","197 Park Ln","","","JUNEE","NSW","2663","-34.86083538407454","147.55717081431186",1126509,141372,"Area Two",24/04/2025,24/04/2025,"9:30","15:00"
"2","NSW","Riverina                        ",38,"Other Mobile Team 3                                             ","Junee Correctional Centre","197 Park Ln","","","JUNEE","NSW","2663","-34.86083538407454","147.55717081431186",1126509,141373,"Area Three",22/04/2025,22/04/2025,"9:30","16:00"
"2","NSW","Riverina                        ",38,"Other Mobile Team 3                                             ","Junee Correctional Centre","197 Park Ln","","","JUNEE","NSW","2663","-34.86083538407454","147.55717081431186",1126509,141373,"Area Three",23/04/2025,23/04/2025,"9:30","16:00"
"2","NSW","Riverina                        ",38,"Other Mobile Team 3                                             ","Junee Correctional Centre","197 Park Ln","","","JUNEE","NSW","2663","-34.86083538407454","147.55717081431186",1126509,141373,"Area Three",24/04/2025,24/04/2025,"9:30","15:00"
"2","NSW","Riverina                        ",38,"Other Mobile Team 4                                             ","Mannus Correctional Complex (Tumbarumba)","3506 Jingellic Rd"," ","","MANNUS","NSW","2653","-35.80002708","147.9415153",1126005,141327,"",22/04/2025,22/04/2025,"10:00","15:30"
"2","NSW","Riverina                        ",38,"Other Mobile Team 4                                             ","Mannus Correctional Complex (Tumbarumba)","3506 Jingellic Rd"," ","","MANNUS","NSW","2653","-35.80002708","147.9415153",1126005,141327,"",23/04/2025,23/04/2025,"10:00","15:30"
"2","NSW","Riverina                        ",38,"Special Hospital Team 1                                         ","Allawah Lodge","60 Mirrool St","","","COOLAMON","NSW","2701","-34.8205208909954","147.199953004784",1127127,123039,"",28/04/2025,28/04/2025,"9:30","11:30"
"2","NSW","Riverina                        ",38,"Special Hospital Team 1                                         ","Cooinda Court Aged Care Limited","24-28 Commins St","","","JUNEE","NSW","2663","-34.8664033716749","147.588607990147",1126505,34221,"",22/04/2025,22/04/2025,"13:30","14:30"
"2","NSW","Riverina                        ",38,"Special Hospital Team 1                                         ","Coolamon Multi Purpose Service - Residential Aged Care ","1 Dr Buchanan Dr","","","COOLAMON","NSW","2701","-34.82018024590954","147.19908373333237",1127127,123004,"",28/04/2025,28/04/2025,"13:00","16:00"
"2","NSW","Riverina                        ",38,"Special Hospital Team 1                                         ","Gundagai Multi Purpose Service ","56 Tor St","","","GUNDAGAI","NSW","2722","-35.0526294740045","148.102206799605",1126402,123007,"",24/04/2025,24/04/2025,"13:00","14:00"
"2","NSW","Riverina                        ",38,"Special Hospital Team 1                                         ","Junee Multi Purpose Service - Residential Aged Care ","67 Broadway St","","","JUNEE","NSW","2663","-34.8649396","147.5792261",1126510,32611,"",29/04/2025,29/04/2025,"9:30","11:00"
"2","NSW","Riverina                        ",38,"Special Hospital Team 1                                         ","Uralba Hostel","50 Tor St","","","GUNDAGAI","NSW","2722","-35.0530050440011","148.102133549571",1126402,106662,"",24/04/2025,24/04/2025,"10:30","11:15"
"2","NSW","Riverina                        ",38,"Special Hospital Team 1                                         ","Whiddon Temora - Greenstone ","37 Gloucester St","","","TEMORA","NSW","2666","-34.4434231451529","147.542276375993",1126615,12507,"",23/04/2025,23/04/2025,"9:30","12:30"
"2","NSW","Riverina                        ",38,"Special Hospital Team 3                                         ","Baptistcare Caloola Centre","47 Plumpton Rd","","","LAKE ALBERT","NSW","2650","-35.1577525862666","147.36731103037",1126710,13717,"",22/04/2025,22/04/2025,"9:30","10:30"
"2","NSW","Riverina                        ",38,"Special Hospital Team 3                                         ","Catholic Healthcare The Haven Residential Aged Care","Fred Loudon Lodge","The Haven","156 Bourke St","MOUNT AUSTIN","NSW","2650","-35.1374166","147.3491371",1126924,91267,"",24/04/2025,24/04/2025,"9:00","13:30"
"2","NSW","Riverina                        ",38,"Special Hospital Team 3                                         ","Gumleigh Gardens Hostel","29-35 Shaw St","","","WAGGA WAGGA","NSW","2650","-35.1139554","147.3549027",1127013,72696,"",22/04/2025,22/04/2025,"12:30","13:30"
"2","NSW","Riverina                        ",38,"Special Hospital Team 3                                         ","Loreto Home of Compassion","33 Bardia St","","","ASHMONT","NSW","2650","-35.1242445832413","147.331390489794",1127008,63183,"",22/04/2025,22/04/2025,"15:00","17:00"
"2","NSW","Riverina                        ",38,"Special Hospital Team 3                                         ","Mary Potter Nursing Home (Wagga)","6 Lewisham Ave","","","WAGGA WAGGA","NSW","2650","-35.119778","147.3544118",1127018,13725,"",23/04/2025,23/04/2025,"9:30","11:00"
"2","NSW","Riverina                        ",38,"Special Hospital Team 3                                         ","RSL Remembrance Village","56A McKell Ave","","","WAGGA WAGGA","NSW","2650","-35.1374735047545","147.349669645442",1126924,33811,"",23/04/2025,23/04/2025,"13:00","16:30"
"2","NSW","Riverina                        ",38,"Special Hospital Team 3                                         ","Wagga Wagga Base Hospital","260-280 Edward St","","","WAGGA WAGGA","NSW","2650","-35.1185691552085","147.357116016476",1127022,141111,"Common Area",28/04/2025,28/04/2025,"9:30","17:30"
"2","NSW","Riverina                        ",38,"Special Hospital Team 3                                         ","Wagga Wagga Base Hospital","260-280 Edward St","","","WAGGA WAGGA","NSW","2650","-35.1185691552085","147.357116016476",1127022,141111,"Common Area",29/04/2025,29/04/2025,"9:30","17:30"
"2","NSW","Riverina                        ",38,"Special Hospital Team 3                                         ","Wagga Wagga Base Hospital","260-280 Edward St","","","WAGGA WAGGA","NSW","2650","-35.1185691552085","147.357116016476",1127022,141111,"Common Area",30/04/2025,30/04/2025,"9:30","17:30"
"2","NSW","Riverina                        ",38,"Special Hospital Team 3                                         ","Wagga Wagga Base Hospital - Mental Health Unit","Wagga Wagga Base Hospital","Mental Health Unit","260-280 Edward St","WAGGA WAGGA","NSW","2650","-35.11856916","147.35711602",1127022,141832,"",01/05/2025,01/05/2025,"14:30","16:30"
"2","NSW","Riverina                        ",38,"Special Hospital Team 3                                         ","Wagga Wagga Community Aged Care","14 College Ave","","","TURVEY PARK","NSW","2650","-35.12675","147.34929",1126940,123384,"",01/05/2025,01/05/2025,"9:00","12:30"
"2","NSW","Riverina                        ",38,"Special Hospital Team 4                                         ","Adina Care Cootamundra","121 Mackay St","","","COOTAMUNDRA","NSW","2590","-34.6345076441024","148.014742292628",1126302,13375,"",23/04/2025,23/04/2025,"13:30","14:30"
"2","NSW","Riverina                        ",38,"Special Hospital Team 4                                         ","Bilyara Hostel","1 Holman Pl","","","COWRA","NSW","2794","-33.8238880043245","148.695161318171",1106306,13413,"",24/04/2025,24/04/2025,"13:00","16:00"
"2","NSW","Riverina                        ",38,"Special Hospital Team 4                                         ","Mercy Place Mount St Joseph's","61 Campbell St","","","YOUNG","NSW","2594","-34.323235354326","148.290013408241",1154320,32234,"",22/04/2025,22/04/2025,"12:30","14:30"
"2","NSW","Riverina                        ",38,"Special Hospital Team 4                                         ","Southern Cross Care Cootamundra","14 Scott Ave","","","COOTAMUNDRA","NSW","2590","-34.6338082","148.0168998",1126302,31280,"",23/04/2025,23/04/2025,"9:30","11:30"
"2","NSW","Riverina                        ",38,"Special Hospital Team 4                                         ","Southern Cross Care Young","60-65 Demondrille St","","","YOUNG","NSW","2594","-34.3239660941247","148.28748934853",1154320,51917,"",22/04/2025,22/04/2025,"9:30","10:30"
"2","NSW","Riverina                        ",38,"Special Hospital Team 4                                         ","Weeroona Aged Care Residence","10 Comerford St","","","COWRA","NSW","2794","-33.817926","148.68761",1106303,89013,"",24/04/2025,24/04/2025,"9:30","11:00"
"2","NSW","Riverina                        ",38,"Special Hospital Team 5                                         ","Batlow-Adelong Multi-Purpose Service - RACF","61-81 Pioneer St","","","BATLOW","NSW","2730","-35.52266723145708","148.14809869714372",1126201,126173,"",23/04/2025,23/04/2025,"9:00","10:30"
"2","NSW","Riverina                        ",38,"Special Hospital Team 5                                         ","Catholic Healthcare Blakeney Lodge","27-29 Carey St","","","TUMUT","NSW","2720","-35.297944435155","148.219127162041",1126114,122621,"",22/04/2025,22/04/2025,"15:30","17:00"
"2","NSW","Riverina                        ",38,"Special Hospital Team 5                                         ","Tumbarumba Multi-Purpose Service - RACF","4 Mitchell St","","","TUMBARUMBA","NSW","2653","-35.778989","148.006087",1126014,122581,"",23/04/2025,23/04/2025,"12:30","14:00"
"2","NSW","Riverina                        ",38,"Special Hospital Team 5                                         ","Uniting Tumut","112 Lambie St","","","TUMUT","NSW","2720","-35.3129996754913","148.222014279768",1126117,122588,"",22/04/2025,22/04/2025,"9:00","14:00"
"2","NSW","Riverina                        ",38,"Special Hospital Team 5                                         ","Wagga Wagga Base Hospital","260-280 Edward St","","","WAGGA WAGGA","NSW","2650","-35.1185691552085","147.357116016476",1127022,141111,"Multiple Wards",28/04/2025,28/04/2025,"9:30","17:30"
"2","NSW","Riverina                        ",38,"Special Hospital Team 5                                         ","Wagga Wagga Base Hospital","260-280 Edward St","","","WAGGA WAGGA","NSW","2650","-35.1185691552085","147.357116016476",1127022,141111,"Multiple Wards",29/04/2025,29/04/2025,"9:30","17:30"
"2","NSW","Riverina                        ",38,"Special Hospital Team 5                                         ","Wagga Wagga Base Hospital","260-280 Edward St","","","WAGGA WAGGA","NSW","2650","-35.1185691552085","147.357116016476",1127022,141111,"Multiple Wards",30/04/2025,30/04/2025,"9:30","17:30"
"2","NSW","Riverina                        ",38,"Special Hospital Team 6                                         ","Horton House and Gwen Warmington Lodge","41 Castor St","","","YASS","NSW","2582","-34.8299913894393","148.912281583459",1154103,122623,"",22/04/2025,22/04/2025,"9:30","13:30"
"2","NSW","Riverina                        ",38,"Special Hospital Team 6                                         ","Thomas Eccles Gardens","26 Mount St","","","YASS","NSW","2582","-34.831089","148.912241",1154103,122410,"",23/04/2025,23/04/2025,"9:30","12:00"
"2","NSW","Riverina                        ",38,"Special Hospital Team 6                                         ","Uniting Crookwell","71 Laggan Rd","","","CROOKWELL","NSW","2583","-34.450517","149.47212",1154010,122950,"",24/04/2025,24/04/2025,"9:30","11:30"
"2","NSW","Riverina                        ",38,"Special Hospital Team 6                                         ","Uniting Taralga","49-53 Bunnaby St","","","TARALGA","NSW","2580","-34.405059","149.817532",1154030,122029,"",24/04/2025,24/04/2025,"13:30","14:30"
"2","NSW","Robertson                       ",39,"Special Hospital Team 1                                         ","Peninsula Villages","91 Pozieres Ave","","","UMINA BEACH","NSW","2257","-33.513692","151.309174",1104014,13807,"",21/04/2025,21/04/2025,"12:30","15:30"
"2","NSW","Robertson                       ",39,"Special Hospital Team 1                                         ","Peninsula Villages","91 Pozieres Ave","","","UMINA BEACH","NSW","2257","-33.513692","151.309174",1104014,13807,"",21/04/2025,21/04/2025,"9:00","12:00"
"2","NSW","Robertson                       ",39,"Special Hospital Team 1                                         ","Peninsula Villages","91 Pozieres Ave","","","UMINA BEACH","NSW","2257","-33.513692","151.309174",1104014,13807,"",22/04/2025,22/04/2025,"12:30","14:30"
"2","NSW","Robertson                       ",39,"Special Hospital Team 1                                         ","Peninsula Villages","91 Pozieres Ave","","","UMINA BEACH","NSW","2257","-33.513692","151.309174",1104014,13807,"",22/04/2025,22/04/2025,"9:00","12:00"
"2","NSW","Robertson                       ",39,"Special Hospital Team 1                                         ","Peninsula Villages","91 Pozieres Ave","","","UMINA BEACH","NSW","2257","-33.513692","151.309174",1104014,13807,"",23/04/2025,23/04/2025,"12:30","15:00"
"2","NSW","Robertson                       ",39,"Special Hospital Team 1                                         ","Peninsula Villages","91 Pozieres Ave","","","UMINA BEACH","NSW","2257","-33.513692","151.309174",1104014,13807,"",23/04/2025,23/04/2025,"9:00","12:00"
"2","NSW","Robertson                       ",39,"Special Hospital Team 1                                         ","Woodport Aged Care Centre","120 The Entrance Rd","","","ERINA","NSW","2250","-33.4385885","151.378275",1103132,31158,"",24/04/2025,24/04/2025,"12:30","14:30"
"2","NSW","Robertson                       ",39,"Special Hospital Team 1                                         ","Woodport Aged Care Centre","120 The Entrance Rd","","","ERINA","NSW","2250","-33.4385885","151.378275",1103132,31158,"",24/04/2025,24/04/2025,"9:00","12:00"
"2","NSW","Robertson                       ",39,"Special Hospital Team 1                                         ","Woodport Aged Care Centre","120 The Entrance Rd","","","ERINA","NSW","2250","-33.4385885","151.378275",1103132,31158,"",28/04/2025,28/04/2025,"9:00","12:30"
"2","NSW","Robertson                       ",39,"Special Hospital Team 2                                         ","Baptistcare Orana Centre Aged Care Home","193 Brisbane Water Dr","","","POINT CLARE","NSW","2250","-33.437934","151.321338",1103713,13778,"",24/04/2025,24/04/2025,"12:30","15:30"
"2","NSW","Robertson                       ",39,"Special Hospital Team 2                                         ","Baptistcare Orana Centre Aged Care Home","193 Brisbane Water Dr","","","POINT CLARE","NSW","2250","-33.437934","151.321338",1103713,13778,"",24/04/2025,24/04/2025,"9:00","12:00"
"2","NSW","Robertson                       ",39,"Special Hospital Team 2                                         ","Hillview House","45 Hillview St","","","WOY WOY","NSW","2256","-33.50416595","151.30658921",1104201,122242,"",21/04/2025,21/04/2025,"12:30","15:00"
"2","NSW","Robertson                       ",39,"Special Hospital Team 2                                         ","Hillview House","45 Hillview St","","","WOY WOY","NSW","2256","-33.50416595","151.30658921",1104201,122242,"",21/04/2025,21/04/2025,"9:00","12:00"
"2","NSW","Robertson                       ",39,"Special Hospital Team 2                                         ","Hillview House","45 Hillview St","","","WOY WOY","NSW","2256","-33.50416595","151.30658921",1104201,122242,"",22/04/2025,22/04/2025,"9:00","12:00"
"2","NSW","Robertson                       ",39,"Special Hospital Team 2                                         ","Tarragal House","107 Karalta Rd","","","ERINA","NSW","2250","-33.4415033615131","151.397713900396",1103102,32848,"",28/04/2025,28/04/2025,"12:30","13:30"
"2","NSW","Robertson                       ",39,"Special Hospital Team 2                                         ","Tarragal House","107 Karalta Rd","","","ERINA","NSW","2250","-33.4415033615131","151.397713900396",1103102,32848,"",28/04/2025,28/04/2025,"9:00","12:00"
"2","NSW","Robertson                       ",39,"Special Hospital Team 2                                         ","Tarragal House","107 Karalta Rd","","","ERINA","NSW","2250","-33.4415033615131","151.397713900396",1103102,32848,"",29/04/2025,29/04/2025,"9:00","12:00"
"2","NSW","Robertson                       ",39,"Special Hospital Team 2                                         ","Yallambee Lodge West Gosford","24 Yallambee Ave","","","WEST GOSFORD","NSW","2250","-33.4278233","151.321628",1103244,33039,"",23/04/2025,23/04/2025,"12:30","14:30"
"2","NSW","Robertson                       ",39,"Special Hospital Team 2                                         ","Yallambee Lodge West Gosford","24 Yallambee Ave","","","WEST GOSFORD","NSW","2250","-33.4278233","151.321628",1103244,33039,"",23/04/2025,23/04/2025,"9:00","12:00"
"2","NSW","Robertson                       ",39,"Special Hospital Team 3                                         ","Aubrey Downer Aged Care Home","23 Sunnyside Ave","","","POINT CLARE","NSW","2250","-33.4390084","151.3171298",1103713,32860,"",21/04/2025,21/04/2025,"9:00","11:30"
"2","NSW","Robertson                       ",39,"Special Hospital Team 3                                         ","Blue Wave Living","6 Kathleen St","","","WOY WOY","NSW","2256","-33.497321","151.322203",1104231,13812,"",24/04/2025,24/04/2025,"12:30","13:30"
"2","NSW","Robertson                       ",39,"Special Hospital Team 3                                         ","Blue Wave Living","6 Kathleen St","","","WOY WOY","NSW","2256","-33.497321","151.322203",1104231,13812,"",24/04/2025,24/04/2025,"9:00","12:00"
"2","NSW","Robertson                       ",39,"Special Hospital Team 3                                         ","Blue Wave Living","6 Kathleen St","","","WOY WOY","NSW","2256","-33.497321","151.322203",1104231,13812,"",28/04/2025,28/04/2025,"9:00","11:30"
"2","NSW","Robertson                       ",39,"Special Hospital Team 3                                         ","Estia Health Erina","351 Terrigal Dr","","","ERINA","NSW","2250","-33.4340896416046","151.399242711174",1103128,50310,"",22/04/2025,22/04/2025,"12:30","14:00"
"2","NSW","Robertson                       ",39,"Special Hospital Team 3                                         ","Estia Health Erina","351 Terrigal Dr","","","ERINA","NSW","2250","-33.4340896416046","151.399242711174",1103128,50310,"",22/04/2025,22/04/2025,"9:00","12:00"
"2","NSW","Robertson                       ",39,"Special Hospital Team 3                                         ","Estia Health Erina","351 Terrigal Dr","","","ERINA","NSW","2250","-33.4340896416046","151.399242711174",1103128,50310,"",23/04/2025,23/04/2025,"12:30","14:00"
"2","NSW","Robertson                       ",39,"Special Hospital Team 3                                         ","Estia Health Erina","351 Terrigal Dr","","","ERINA","NSW","2250","-33.4340896416046","151.399242711174",1103128,50310,"",23/04/2025,23/04/2025,"9:00","12:00"
"2","NSW","Robertson                       ",39,"Special Hospital Team 3                                         ","Gosford Hospital - Mental Health Inpatient Unit","75 Holden St","","","GOSFORD","NSW","2250","-33.42047869252493","151.34047871474417",1103236,127005,"",21/04/2025,21/04/2025,"14:00","16:00"
"2","NSW","Shortland                       ",40,"Special Hospital Team 1                                         ","Amaroo Aged Care Facility Charlestown","62-70 Dudley Rd","","","CHARLESTOWN","NSW","2290","-32.9712649","151.6991721",1120839,126028,"",23/04/2025,23/04/2025,"9:00","13:00"
"2","NSW","Shortland                       ",40,"Special Hospital Team 1                                         ","Arcare Belmont","2B Maude St","","","BELMONT","NSW","2280","-33.033942","151.66192",1120633,126030,"",28/04/2025,28/04/2025,"9:00","14:00"
"2","NSW","Shortland                       ",40,"Special Hospital Team 1                                         ","Tingira Hills Care Community","3 Violet Town Rd","","","MOUNT HUTTON","NSW","2290","-32.987859","151.671601",1121010,126029,"",24/04/2025,24/04/2025,"9:00","16:30"
"2","NSW","Shortland                       ",40,"Special Hospital Team 1                                         ","Uniting Garden Suburb","7 Myall Rd","","","GARDEN SUBURB","NSW","2289","-32.94934206","151.6830514",1120901,125804,"",29/04/2025,29/04/2025,"9:00","13:00"
"2","NSW","Shortland                       ",40,"Special Hospital Team 1                                         ","Whiddon Redhead","120 Redhead Rd","","","REDHEAD","NSW","2290","-33.005982","151.715048",1121105,122447,"",22/04/2025,22/04/2025,"9:00","17:00"
"2","NSW","Shortland                       ",40,"Special Hospital Team 2                                         ","Arcare Warners Bay","64 Warners Bay Rd","","","WARNERS BAY","NSW","2282","-32.98395494","151.65190418",1121329,126026,"",24/04/2025,24/04/2025,"9:00","15:00"
"2","NSW","Shortland                       ",40,"Special Hospital Team 2                                         ","Southern Cross Mawsons Court Res. Aged Care","80 Caves Beach Rd","","","CAVES BEACH","NSW","2281","-33.10538454","151.64473821",1121237,126027,"",28/04/2025,28/04/2025,"9:00","12:30"
"2","NSW","Shortland                       ",40,"Special Hospital Team 2                                         ","Uniting Narla Belmont North","21 Lentara Rd","","","BELMONT NORTH","NSW","2280","-33.0225662","151.6582985",1120635,126024,"",23/04/2025,23/04/2025,"9:00","13:30"
"2","NSW","Shortland                       ",40,"Special Hospital Team 2                                         ","Warners Bay Private Hospital - Mental Health Unit","42 Fairfax Rd","","","WARNERS BAY","NSW","2282","-32.9653049","151.6420555",1121409,127010,"",29/04/2025,29/04/2025,"9:00","12:30"
"2","NSW","Shortland                       ",40,"Special Hospital Team 2                                         ","Whiddon Belmont","10 Gibson St","","","BELMONT","NSW","2280","-33.03605178","151.6654947",1120633,122448,"",22/04/2025,22/04/2025,"9:00","11:30"
"2","NSW","Sydney                          ",41,"Other Mobile Team 1                                             ","Salvation Army - Foster House","5-19 Mary St","","","SURRY HILLS","NSW","2010","-33.88069793","151.2099544",1133617,126304,"",01/05/2025,01/05/2025,"9:00","11:00"
"2","NSW","Sydney                          ",41,"Other Mobile Team 1                                             ","Vincentian House ","361 Crown St","","","SURRY HILLS","NSW","2010","-33.884","151.21385",1133603,126329,"",01/05/2025,01/05/2025,"13:00","14:30"
"2","NSW","Sydney                          ",41,"Special Hospital Team 1                                         ","Catholic Healthcare - Gertrude Abbott Aged Care","180 Albion St ","","","SURRY HILLS ","NSW","2010","-33.883027","151.215399",1133613,121657,"",28/04/2025,28/04/2025,"9:00","14:00"
"2","NSW","Sydney                          ",41,"Special Hospital Team 1                                         ","Catholic Healthcare - The Sister Anne Court Aged Care ","182 Albion St","","","SURRY HILLS","NSW","2010","-33.883481","151.215946",1133613,123373,"",30/04/2025,30/04/2025,"9:00","11:30"
"2","NSW","Sydney                          ",41,"Special Hospital Team 1                                         ","Mission Australia - Annie Green Court","47 Redfern St","","","REDFERN","NSW","2016","-33.8934248","151.2078408",1164205,141490,"",23/04/2025,23/04/2025,"9:00","14:00"
"2","NSW","Sydney                          ",41,"Special Hospital Team 1                                         ","Mission Australia - Charles Chambers Court","11 Hunt St","","","SURRY HILLS","NSW","2010","-33.8800238","151.2110897",1133622,141482,"",24/04/2025,24/04/2025,"9:00","14:00"
"2","NSW","Sydney                          ",41,"Special Hospital Team 1                                         ","Royal Prince Alfred Hospital - Mental Health Unit","Professor Marie Bashir Centre","Missenden Rd","","CAMPERDOWN","NSW","2050","-33.888065","151.180016",1163824,141478,"",29/04/2025,29/04/2025,"9:00","14:30"
"2","NSW","Sydney                          ",41,"Special Hospital Team 1                                         ","Uniting Aldersgate ","16 Fredbert St","","","LILYFIELD","NSW","2040","-33.87076223","151.15872285",1138913,123031,"",22/04/2025,22/04/2025,"9:00","14:00"
"2","NSW","Warringah                       ",42,"Special Hospital Team 1                                         ","Alexander Aged Care","16 Victor Rd","","","BROOKVALE","NSW","2100","-33.758871","151.277044",1142951,122891,"",29/04/2025,29/04/2025,"9:00","13:30"
"2","NSW","Warringah                       ",42,"Special Hospital Team 1                                         ","Estia Health Manly Vale","5-13 King St","","","MANLY VALE","NSW","2093","-33.783118651585","151.266276643176",1143025,14047,"",22/04/2025,22/04/2025,"9:30","13:30"
"2","NSW","Warringah                       ",42,"Special Hospital Team 1                                         ","Hardi Aged Care - Manly Vale","61 Gordon St","","","MANLY VALE","NSW","2093","-33.78196767","151.26825618",1143017,126211,"",30/04/2025,30/04/2025,"9:30","13:00"
"2","NSW","Warringah                       ",42,"Special Hospital Team 1                                         ","Lansdowne Gardens","7-11 Manns Ave","","","NEUTRAL BAY","NSW","2089","-33.84099","151.21845",1141617,126217,"",24/04/2025,24/04/2025,"9:00","12:30"
"2","NSW","Warringah                       ",42,"Special Hospital Team 1                                         ","Lansdowne Gardens On Wycombe","58 Wycombe Rd","","","NEUTRAL BAY","NSW","2089","-33.8386064","151.2214461",1141615,126216,"",24/04/2025,24/04/2025,"13:30","16:00"
"2","NSW","Warringah                       ",42,"Special Hospital Team 1                                         ","Uniting The Garrison Mosman","13 Spit Rd","","","MOSMAN","NSW","2088","-33.82377266962","151.242223431148",1168823,71245,"",28/04/2025,28/04/2025,"9:00","13:00"
"2","NSW","Warringah                       ",42,"Special Hospital Team 1                                         ","Uniting Wesley Heights Manly","47 Birkley Rd","","","MANLY","NSW","2095","-33.7937633429941","151.280524869716",1141905,14118,"",23/04/2025,23/04/2025,"9:30","14:30"
"2","NSW","Warringah                       ",42,"Special Hospital Team 2                                         ","Bupa Aged Care Mosman","18 Bardwell Rd","","","MOSMAN","NSW","2088","-33.8239034689857","151.2354297821",1141521,50553,"",24/04/2025,24/04/2025,"9:00","13:30"
"2","NSW","Warringah                       ",42,"Special Hospital Team 2                                         ","Bupa Aged Care Seaforth","550 Sydney Rd","","","SEAFORTH","NSW","2092","-33.79666675","151.25050763",1141822,122894,"",01/05/2025,01/05/2025,"9:30","14:30"
"2","NSW","Warringah                       ",42,"Special Hospital Team 2                                         ","James Milson Village","4 Clark Rd","","","NORTH SYDNEY","NSW","2060","-33.84268398613015","151.21308967848267",1141713,123306,"",30/04/2025,30/04/2025,"9:00","15:30"
"2","NSW","Warringah                       ",42,"Special Hospital Team 2                                         ","Montana Aged Care Home","36-38 Harbour St","","","MOSMAN","NSW","2088","-33.82589542","151.23885362",1168935,125660,"",28/04/2025,28/04/2025,"9:30","13:30"
"2","NSW","Warringah                       ",42,"Special Hospital Team 2                                         ","Scalabrini Village Allambie Heights","167 Allambie Rd","","","ALLAMBIE HEIGHTS","NSW","2100","-33.76487256","151.24753698",1143022,122896,"",23/04/2025,23/04/2025,"9:30","15:30"
"2","NSW","Warringah                       ",42,"Special Hospital Team 2                                         ","Sirius Cove Aged Care Home","17 Clanalpine St","","","MOSMAN","NSW","2088","-33.8378785293052","151.237798019885",1168915,34302,"",22/04/2025,22/04/2025,"14:30","16:30"
"2","NSW","Warringah                       ",42,"Special Hospital Team 2                                         ","Twilight Aged Care - Glengarry","1A Ellamatta Ave","","","MOSMAN","NSW","2088","-33.83523","151.24767",1168921,126215,"",22/04/2025,22/04/2025,"9:00","12:30"
"2","NSW","Watson                          ",43,"Special Hospital Team 1                                         ","Bupa Bankstown","82 Allum St","","","YAGOONA","NSW","2199","-33.9111648","151.026129",1136118,141829,"",29/04/2025,29/04/2025,"10:00","15:00"
"2","NSW","Watson                          ",43,"Special Hospital Team 1                                         ","Bupa Greenacre","171 Boronia Rd","","","GREENACRE","NSW","2190","-33.9041147","151.0434602",1165515,125918,"",23/04/2025,23/04/2025,"10:00","14:30"
"2","NSW","Watson                          ",43,"Special Hospital Team 1                                         ","Canterbury Place Care Community","20 Albert St","","","CAMPSIE","NSW","2194","-33.9117777","151.0936014",1165901,125920,"",24/04/2025,24/04/2025,"10:00","14:30"
"2","NSW","Watson                          ",43,"Special Hospital Team 1                                         ","Hixson Garden Aged Care Facility","1A Hixson St","","","BANKSTOWN","NSW","2200","-33.929574","151.0320773",1157243,141750,"",30/04/2025,30/04/2025,"10:00","13:30"
"2","NSW","Watson                          ",43,"Special Hospital Team 1                                         ","St Charbels Care Centre","2 Waterloo Rd","","","PUNCHBOWL","NSW","2196","-33.91660614","151.05541778",1165622,125924,"",28/04/2025,28/04/2025,"10:00","15:00"
"2","NSW","Watson                          ",43,"Special Hospital Team 1                                         ","Uniting Bankstown","41 Meredith St","","","BANKSTOWN","NSW","2200","-33.9137335","151.0326182",1157141,125899,"",22/04/2025,22/04/2025,"10:00","15:00"
"2","NSW","Watson                          ",43,"Special Hospital Team 2                                         ","Advantaged Care at Georges Manor","111 Bellevue Ave","","","GEORGES HALL","NSW","2198","-33.91132","150.9961951",1135451,121983,"",28/04/2025,28/04/2025,"9:30","15:00"
"2","NSW","Watson                          ",43,"Special Hospital Team 2                                         ","Advantaged Care at Georges Manor","111 Bellevue Ave","","","GEORGES HALL","NSW","2198","-33.91132","150.9961951",1135451,121983,"",29/04/2025,29/04/2025,"9:30","15:00"
"2","NSW","Watson                          ",43,"Special Hospital Team 2                                         ","Estia Health Bankstown","74 Chiswick Rd","","","GREENACRE","NSW","2190","-33.9043832","151.05058",1165531,125922,"",22/04/2025,22/04/2025,"9:30","16:00"
"2","NSW","Watson                          ",43,"Special Hospital Team 2                                         ","Estia Health Bankstown","74 Chiswick Rd","","","GREENACRE","NSW","2190","-33.9043832","151.05058",1165531,125922,"",23/04/2025,23/04/2025,"9:30","15:30"
"2","NSW","Watson                          ",43,"Special Hospital Team 2                                         ","Gillawarna Village","145 Rex Rd","","","GEORGES HALL","NSW","2198","-33.9107892","150.9851935",1135426,122646,"",24/04/2025,24/04/2025,"9:30","15:30"
"2","NSW","Watson                          ",43,"Special Hospital Team 2                                         ","St Basils Lakemba","130 Croydon St","","","LAKEMBA","NSW","2195","-33.9264104","151.0801369",1157302,121991,"",30/04/2025,30/04/2025,"10:00","14:00"
"2","NSW","Watson                          ",43,"Special Hospital Team 2                                         ","St Basils Lakemba","130 Croydon St","","","LAKEMBA","NSW","2195","-33.9264104","151.0801369",1157302,121991,"",01/05/2025,01/05/2025,"10:00","13:30"
"2","NSW","Watson                          ",43,"Special Hospital Team 3                                         ","Bankstown Lidcombe Hospital","Eldridge Rd","","","BANKSTOWN","NSW","2200","-33.9331120797802","151.020848218207",1157211,141113,"",22/04/2025,22/04/2025,"9:00","15:00"
"2","NSW","Watson                          ",43,"Special Hospital Team 3                                         ","Bankstown Lidcombe Hospital","Eldridge Rd","","","BANKSTOWN","NSW","2200","-33.9331120797802","151.020848218207",1157211,141113,"",23/04/2025,23/04/2025,"9:00","15:00"
"2","NSW","Watson                          ",43,"Special Hospital Team 3                                         ","Bankstown Lidcombe Hospital","Eldridge Rd","","","BANKSTOWN","NSW","2200","-33.9331120797802","151.020848218207",1157211,141113,"",24/04/2025,24/04/2025,"9:00","15:00"
"2","NSW","Watson                          ",43,"Special Hospital Team 3                                         ","Bankstown Lidcombe Hospital - Mental Health Unit - Banks House","Claribel St","","","BANKSTOWN","NSW","2200","-33.93395","151.02035",1157211,141115,"",30/04/2025,30/04/2025,"9:30","12:00"
"2","NSW","Watson                          ",43,"Special Hospital Team 3                                         ","Bankstown Terrace Care Community","14-20 Eldridge Rd","","","BANKSTOWN","NSW","2200","-33.933102","151.026388",1157221,141751,"",28/04/2025,28/04/2025,"9:30","15:30"
"2","NSW","Watson                          ",43,"Special Hospital Team 3                                         ","Bankstown Terrace Care Community","14-20 Eldridge Rd","","","BANKSTOWN","NSW","2200","-33.933102","151.026388",1157221,141751,"",29/04/2025,29/04/2025,"9:30","15:00"
"2","NSW","Wentworth                       ",44,"Other Mobile Team 1                                             ","Matthew Talbot Hostel","22 Talbot Pl","","","WOOLLOOMOOLOO","NSW","2011","-33.873495","151.218834",1133321,124239,"",23/04/2025,23/04/2025,"9:00","11:00"
"2","NSW","Wentworth                       ",44,"Other Mobile Team 1                                             ","Ozanam Learning Centre","99-133 Forbes St","","","WOOLLOOMOOLOO","NSW","2011","-33.8733147","151.2192272",1133321,107311,"",23/04/2025,23/04/2025,"13:00","14:30"
"2","NSW","Wentworth                       ",44,"Other Mobile Team 1                                             ","St Luke's Care - Lulworth House ","73 Roslyn Gdns","","","ELIZABETH BAY","NSW","2011","-33.8745","151.226143",1133353,143498,"",22/04/2025,22/04/2025,"9:00","15:00"
"2","NSW","Wentworth                       ",44,"Other Mobile Team 1                                             ","The Wayside Chapel","29 Hughes St","","","POTTS POINT","NSW","2011","-33.8716632","151.2244286",1133308,126266,"",24/04/2025,24/04/2025,"9:00","11:00"
"2","NSW","Wentworth                       ",44,"Special Hospital Team 1                                         ","St Vincent's Hospital Sydney","390 Victoria St","","","DARLINGHURST","NSW","2010","-33.8770981","151.2216796",1132923,141823,"",28/04/2025,28/04/2025,"9:00","16:30"
"2","NSW","Wentworth                       ",44,"Special Hospital Team 1                                         ","St Vincent's Hospital Sydney","390 Victoria St","","","DARLINGHURST","NSW","2010","-33.8770981","151.2216796",1132923,141823,"",29/04/2025,29/04/2025,"9:00","16:30"
"2","NSW","Wentworth                       ",44,"Special Hospital Team 1                                         ","St Vincent's Hospital Sydney","390 Victoria St","","","DARLINGHURST","NSW","2010","-33.8770981","151.2216796",1132923,141823,"",30/04/2025,30/04/2025,"9:00","16:30"
"2","NSW","Wentworth                       ",44,"Special Hospital Team 1                                         ","St Vincent's Hospital Sydney","390 Victoria St","","","DARLINGHURST","NSW","2010","-33.8770981","151.2216796",1132923,141823,"",01/05/2025,01/05/2025,"9:00","15:30"
"2","NSW","Wentworth                       ",44,"Special Hospital Team 1                                         ","St Vincent's Hospital Sydney - Mental Health Services ","390 Victoria St","","","DARLINGHURST ","NSW","2010","-33.87829","151.221165",1132911,141842,"",24/04/2025,24/04/2025,"12:00","15:00"
"2","NSW","Wentworth                       ",44,"Special Hospital Team 1                                         ","St Vincent's Private Hospital Sydney","406 Victoria St","","","DARLINGHURST","NSW","2010","-33.88075918","151.22006395",1132906,126932,"",22/04/2025,22/04/2025,"9:00","16:30"
"2","NSW","Wentworth                       ",44,"Special Hospital Team 1                                         ","St Vincent's Private Hospital Sydney","406 Victoria St","","","DARLINGHURST","NSW","2010","-33.88075918","151.22006395",1132906,126932,"",23/04/2025,23/04/2025,"9:00","16:30"
"2","NSW","Wentworth                       ",44,"Special Hospital Team 1                                         ","St Vincent's Private Hospital Sydney - Uspace","Level 7","O'Brien Building","Victoria St","DARLINGHURST","NSW","2010","-33.8796","151.22141",1132906,126933,"",24/04/2025,24/04/2025,"9:00","10:30"
"2","NSW","Wentworth                       ",44,"Special Hospital Team 2                                         ","Bupa Queens Park","142 Carrington Rd","","","WAVERLEY","NSW","2024","-33.90354577","151.25345671",1134138,122985,"",23/04/2025,23/04/2025,"12:30","15:30"
"2","NSW","Wentworth                       ",44,"Special Hospital Team 2                                         ","Charingfield Aged Care","282A Bronte Rd","","","WAVERLEY","NSW","2024","-33.9013018","151.2552862",1134139,122987,"",22/04/2025,22/04/2025,"13:00","16:00"
"2","NSW","Wentworth                       ",44,"Special Hospital Team 2                                         ","Hammond Care Residential Aged Care ","118A Darlinghurst Rd","","","DARLINGHURST","NSW","2010","-33.876923","151.221339",1132923,126265,"",24/04/2025,24/04/2025,"9:00","13:30"
"2","NSW","Wentworth                       ",44,"Special Hospital Team 2                                         ","Little Sisters of the Poor - Mount St Joseph's Home","70 Market St","","","RANDWICK","NSW","2031","-33.9062808","151.2448537",1156928,122963,"",22/04/2025,22/04/2025,"9:00","11:30"
"2","NSW","Wentworth                       ",44,"Special Hospital Team 2                                         ","Montefiore Residential Care Randwick","30-36 Dangar St","","","RANDWICK","NSW","2031","-33.906352","151.2383926",1156901,105344,"",28/04/2025,28/04/2025,"9:00","14:00"
"2","NSW","Wentworth                       ",44,"Special Hospital Team 2                                         ","St Vincent's Aged Care Bronte","365 Bronte Rd","","","BRONTE","NSW","2024","-33.902473","151.260614",1133914,121658,"",30/04/2025,30/04/2025,"14:30","17:00"
"2","NSW","Wentworth                       ",44,"Special Hospital Team 2                                         ","SummitCare Randwick","15 Frenchmans Rd","","","RANDWICK","NSW","2031","-33.908484","151.245327",1156931,122967,"",01/05/2025,01/05/2025,"9:00","13:00"
"2","NSW","Wentworth                       ",44,"Special Hospital Team 2                                         ","The Sydney Clinic","22-24 Murray St","","","BRONTE","NSW","2024","-33.90142232","151.2610505",1133902,126931,"",30/04/2025,30/04/2025,"9:00","13:00"
"2","NSW","Wentworth                       ",44,"Special Hospital Team 2                                         ","Uniting Illowra ","195 Birrell St","","","WAVERLEY","NSW","2024","-33.89759393","151.25965547",1134135,122976,"",23/04/2025,23/04/2025,"9:00","10:30"
"2","NSW","Wentworth                       ",44,"Special Hospital Team 2                                         ","Uniting Ronald Coleman Lodge ","88 Wallis St","","","WOOLLAHRA","NSW","2025","-33.8893924198636","151.239904522663",1134713,122978,"",29/04/2025,29/04/2025,"9:00","15:30"
"2","NSW","Wentworth                       ",44,"Special Hospital Team 3                                         ","Beresford Hall","1 Cranbrook Rd","","","ROSE BAY","NSW","2029","-33.8715915","151.2551013",1164909,122984,"",22/04/2025,22/04/2025,"13:00","15:30"
"2","NSW","Wentworth                       ",44,"Special Hospital Team 3                                         ","Elizabeth Lodge","46 Bayswater Rd","","","RUSHCUTTERS BAY","NSW","2011","-33.875503","151.2254957",1133337,122970,"",23/04/2025,23/04/2025,"9:00","14:00"
"2","NSW","Wentworth                       ",44,"Special Hospital Team 3                                         ","Mark Moran Vaucluse","2 Laguna St","","","VAUCLUSE","NSW","2030","-33.8585344034227","151.280245041046",1134616,104393,"",28/04/2025,28/04/2025,"9:00","13:30"
"2","NSW","Wentworth                       ",44,"Special Hospital Team 3                                         ","Mark Moran Vaucluse","2 Laguna St","","","VAUCLUSE","NSW","2030","-33.8585344034227","151.280245041046",1134616,104393,"",29/04/2025,29/04/2025,"9:00","13:30"
"2","NSW","Wentworth                       ",44,"Special Hospital Team 3                                         ","Montefiore Residential Care Woollahra","23 Nelson St","","","WOOLLAHRA","NSW","2025","-33.8888341","151.2430814",1134716,122981,"",30/04/2025,30/04/2025,"13:00","15:00"
"2","NSW","Wentworth                       ",44,"Special Hospital Team 3                                         ","Presbyterian Aged Care Paddington","74 Brown St","","","PADDINGTON","NSW","2021","-33.880796848544","151.226433475745",1134519,125554,"",22/04/2025,22/04/2025,"9:00","11:00"
"2","NSW","Wentworth                       ",44,"Special Hospital Team 3                                         ","Regis Rose Bay","80-84 Newcastle St","","","ROSE BAY","NSW","2029","-33.876107","151.270609",1134621,122993,"",24/04/2025,24/04/2025,"9:00","15:00"
"2","NSW","Wentworth                       ",44,"Special Hospital Team 3                                         ","St Vincent's Aged Care Edgecliff","2-6 Albert St","","","EDGECLIFF","NSW","2027","-33.8808614","151.2383493",1165013,122974,"",23/04/2025,23/04/2025,"15:30","17:00"
"2","NSW","Wentworth                       ",44,"Special Hospital Team 3                                         ","SummitCare Waverley","321 Bronte Rd","","","WAVERLEY","NSW","2024","-33.903511","151.256151",1134102,122966,"",01/05/2025,01/05/2025,"9:00","15:00"
"2","NSW","Wentworth                       ",44,"Special Hospital Team 3                                         ","Vincentian Aged Care Service (East Sydney)","41-43 Stanley St","","","DARLINGHURST","NSW","2010","-33.875776","151.214267",1132917,122975,"",30/04/2025,30/04/2025,"9:00","11:00"
"2","NSW","Werriwa                         ",45,"Special Hospital Team 1                                         ","Advantaged Care at Preston Lodge","18 Melaleuca Pl","","","PRESTONS","NSW","2170","-33.94997473","150.88017582",1173319,122913,"",28/04/2025,28/04/2025,"10:00","14:00"
"2","NSW","Werriwa                         ",45,"Special Hospital Team 1                                         ","Blue Hills Manor","25 Tulich Ave","","","PRESTONS","NSW","2170","-33.94824965","150.85892042",1173336,122407,"",30/04/2025,30/04/2025,"10:00","14:30"
"2","NSW","Werriwa                         ",45,"Special Hospital Team 1                                         ","Catholic Healthcare Holy Spirit Casula","76 Marsh Pde","","","CASULA","NSW","2170","-33.94696292","150.90887527",1152234,122914,"",29/04/2025,29/04/2025,"10:00","16:00"
"2","NSW","Werriwa                         ",45,"Special Hospital Team 1                                         ","John Edmondson VC Gardens","120-130 Tenth Ave","","","AUSTRAL","NSW","2179","-33.93364","150.81037",1150525,122915,"",23/04/2025,23/04/2025,"10:00","14:00"
"2","NSW","Werriwa                         ",45,"Special Hospital Team 1                                         ","Scalabrini Austral","65 Edmondson Ave","","","AUSTRAL","NSW","2179","-33.94607","150.81083",1150503,122916,"",24/04/2025,24/04/2025,"10:00","14:30"
"2","NSW","Whitlam                         ",46,"Special Hospital Team 1                                         ","Mirrabook Mental Health Unit","Shellharbour Hospital","15-17 Madigan Bvd","","MOUNT WARRIGAL","NSW","2528","-34.55798604","150.84248336",1114344,141667,"",28/04/2025,28/04/2025,"10:00","12:30"
"2","NSW","Whitlam                         ",46,"Special Hospital Team 1                                         ","Piper House","4 Lindsay Evans Pl","","","DAPTO","NSW","2530","-34.513452","150.782829",1113134,122119,"",24/04/2025,24/04/2025,"9:30","16:00"
"2","NSW","Whitlam                         ",46,"Special Hospital Team 1                                         ","Shellharbour Hospital- Mental Health Rehab Unit","Shellharbour Hospital","15-17 Madigan Bvd","","MOUNT WARRIGAL","NSW","2528","-34.55798604","150.84248336",1114344,141666,"",28/04/2025,28/04/2025,"13:00","15:30"
"2","NSW","Whitlam                         ",46,"Special Hospital Team 1                                         ","Uniting Elanora","7-23 Wallaroo Dr","","","SHELLHARBOUR CITY CENTRE","NSW","2529","-34.567062","150.840943",1114215,122505,"",22/04/2025,22/04/2025,"10:00","15:00"
"2","NSW","Whitlam                         ",46,"Special Hospital Team 1                                         ","Warrigal Albion Park Rail","2 Pine St","","","ALBION PARK RAIL","NSW","2527","-34.5725803838356","150.799755694859",1113710,122498,"",30/04/2025,30/04/2025,"10:00","14:00"
"2","NSW","Whitlam                         ",46,"Special Hospital Team 1                                         ","Warrigal Mount Warrigal","5 Rowland Ave","","","MOUNT WARRIGAL","NSW","2528","-34.5476719577368","150.844088531668",1114348,122507,"",29/04/2025,29/04/2025,"10:00","13:00"
"2","NSW","Whitlam                         ",46,"Special Hospital Team 1                                         ","Warrigal Shell Cove","50 Harbour Blvd ","","","SHELL COVE","NSW","2529","-34.58454278","150.86185417",1114153,122504,"",23/04/2025,23/04/2025,"9:30","16:00"
"2","NSW","Whitlam                         ",46,"Special Hospital Team 2                                         ","Anthem Care Bowral","19-25 Retford Rd","","","BOWRAL","NSW","2576","-34.489833","150.43449",1128417,51921,"",01/05/2025,01/05/2025,"9:30","16:00"
"2","NSW","Whitlam                         ",46,"Special Hospital Team 2                                         ","Harbison Care Burradoo","2 Charlotte St","","","BURRADOO","NSW","2576","-34.5057344675856","150.406498701763",1128424,142034,"",28/04/2025,28/04/2025,"9:30","15:30"
"2","NSW","Whitlam                         ",46,"Special Hospital Team 2                                         ","Harbison Care Moss Vale","36 Yarrawa Rd","","","MOSS VALE","NSW","2577","-34.562718","150.368791",1128732,142035,"",23/04/2025,23/04/2025,"9:30","17:00"
"2","NSW","Whitlam                         ",46,"Special Hospital Team 2                                         ","The Abbey Nursing Home","300 Range Rd","","","MITTAGONG","NSW","2575","-34.4749126128388","150.466999326905",1128616,126107,"",22/04/2025,22/04/2025,"9:30","15:00"
"2","NSW","Whitlam                         ",46,"Special Hospital Team 2                                         ","Warrigal Bundanoon","20 Hill St","","","BUNDANOON","NSW","2578","-34.6547544484559","150.293658478865",1128914,122027,"",29/04/2025,29/04/2025,"9:30","12:30"
"2","NSW","Whitlam                         ",46,"Special Hospital Team 2                                         ","Warrigal Mt Terry","95 Daintree Dr","","","ALBION PARK","NSW","2527","-34.59246525","150.77896497",1113643,122508,"",30/04/2025,30/04/2025,"10:00","15:00"
"3","VIC","Aston                           ",1,"Special Hospital Team 1                                         ","Adare Aged Care","1405 High St Rd","","","WANTIRNA SOUTH","VIC","3152","-37.876558","145.231805",2126033,72478,"",23/04/2025,23/04/2025,"9:00","17:00"
"3","VIC","Aston                           ",1,"Special Hospital Team 1                                         ","Arpad Aged Care","9 Garrisson Gr","","","WANTIRNA","VIC","3152","-37.84713","145.228442",2125920,70661,"",22/04/2025,22/04/2025,"9:30","13:30"
"3","VIC","Aston                           ",1,"Special Hospital Team 1                                         ","Autumn Aged Care - Clovelly Cottage","16 Stewart St","","","BORONIA","VIC","3155","-37.8522428601555","145.289194875824",2144606,72729,"",24/04/2025,24/04/2025,"9:30","15:00"
"3","VIC","Aston                           ",1,"Special Hospital Team 1                                         ","Knox Private Hospital","262 Mountain Hwy","","","WANTIRNA","VIC","3152","-37.8494439","145.227529",2125925,141695,"One",28/04/2025,28/04/2025,"9:30","16:00"
"3","VIC","Aston                           ",1,"Special Hospital Team 1                                         ","Knox Private Hospital","262 Mountain Hwy","","","WANTIRNA","VIC","3152","-37.8494439","145.227529",2125925,141695,"One",29/04/2025,29/04/2025,"9:30","16:00"
"3","VIC","Aston                           ",1,"Special Hospital Team 1                                         ","Knox Private Hospital","262 Mountain Hwy","","","WANTIRNA","VIC","3152","-37.8494439","145.227529",2125925,141695,"One",30/04/2025,30/04/2025,"9:30","16:00"
"3","VIC","Aston                           ",1,"Special Hospital Team 1                                         ","Knox Private Hospital","262 Mountain Hwy","","","WANTIRNA","VIC","3152","-37.8494439","145.227529",2125925,141695,"One",01/05/2025,01/05/2025,"9:30","12:30"
"3","VIC","Aston                           ",1,"Special Hospital Team 2                                         ","Martin Luther Homes Hostel & Nursing Home","67 Mount View Rd","","","THE BASIN","VIC","3154","-37.8604750712223","145.303764612382",2144624,33770,"",23/04/2025,23/04/2025,"9:30","15:30"
"3","VIC","Aston                           ",1,"Special Hospital Team 2                                         ","Martin Luther Homes Hostel & Nursing Home","67 Mount View Rd","","","THE BASIN","VIC","3154","-37.8604750712223","145.303764612382",2144624,33770,"",24/04/2025,24/04/2025,"9:30","15:30"
"3","VIC","Aston                           ",1,"Special Hospital Team 2                                         ","Polish Retirement Home","3-5 Percival St","","","BAYSWATER","VIC","3153","-37.85021274","145.27349356",2125124,72731,"",22/04/2025,22/04/2025,"9:30","11:00"
"3","VIC","Aston                           ",1,"Special Hospital Team 2                                         ","Wantirna Views Care Community","100 Harold St","","","WANTIRNA","VIC","3152","-37.85513","145.22895",2125924,13401,"",28/04/2025,28/04/2025,"9:00","13:30"
"3","VIC","Aston                           ",1,"Special Hospital Team 3                                         ","Homestyle Rowville Manor","18 Le John St","","","ROWVILLE","VIC","3178","-37.925610217928","145.250660724391",2125629,107148,"",22/04/2025,22/04/2025,"9:30","14:30"
"3","VIC","Aston                           ",1,"Special Hospital Team 3                                         ","Homestyle Rowville Manor","18 Le John St","","","ROWVILLE","VIC","3178","-37.925610217928","145.250660724391",2125629,107148,"",23/04/2025,23/04/2025,"9:30","14:30"
"3","VIC","Aston                           ",1,"Special Hospital Team 3                                         ","Knox Private Hospital","262 Mountain Hwy","","","WANTIRNA","VIC","3152","-37.8494439","145.227529",2125925,141695,"Two",28/04/2025,28/04/2025,"9:00","16:00"
"3","VIC","Aston                           ",1,"Special Hospital Team 3                                         ","Knox Private Hospital","262 Mountain Hwy","","","WANTIRNA","VIC","3152","-37.8494439","145.227529",2125925,141695,"Two",29/04/2025,29/04/2025,"9:00","16:00"
"3","VIC","Aston                           ",1,"Special Hospital Team 3                                         ","Knox Private Hospital","262 Mountain Hwy","","","WANTIRNA","VIC","3152","-37.8494439","145.227529",2125925,141695,"Two",30/04/2025,30/04/2025,"9:00","16:00"
"3","VIC","Aston                           ",1,"Special Hospital Team 3                                         ","Knox Private Hospital","262 Mountain Hwy","","","WANTIRNA","VIC","3152","-37.8494439","145.227529",2125925,141695,"Two",01/05/2025,01/05/2025,"9:00","16:00"
"3","VIC","Aston                           ",1,"Special Hospital Team 3                                         ","Menarock LIFE Greenway Gardens","27-29 The Greenway","","","HEATHMONT","VIC","3135","-37.83625","145.25064",2126717,122827,"",24/04/2025,24/04/2025,"9:30","11:00"
"3","VIC","Aston                           ",1,"Special Hospital Team 4                                         ","Daisy Home","8-12 Marlborough Rd","","","HEATHMONT","VIC","3135","-37.83370752","145.23011885",2126732,143250,"",28/04/2025,28/04/2025,"9:30","12:00"
"3","VIC","Aston                           ",1,"Special Hospital Team 4                                         ","Glengollan Village","97 Underwood Rd","","","FERNTREE GULLY","VIC","3156","-37.8743737104874","145.291986902886",2144704,14195,"",22/04/2025,22/04/2025,"9:30","14:00"
"3","VIC","Aston                           ",1,"Special Hospital Team 4                                         ","Royal Freemasons Centennial Lodge","13 Lewis Rd","","","WANTIRNA SOUTH","VIC","3152","-37.8578181","145.2531079",2144615,106355,"",23/04/2025,23/04/2025,"9:30","14:00"
"3","VIC","Aston                           ",1,"Special Hospital Team 4                                         ","Tabulam and Templer Homes For The Aged","31 Elizabeth St","","","BAYSWATER","VIC","3153","-37.85606463","145.2639312",2125125,13409,"",24/04/2025,24/04/2025,"9:00","17:00"
"3","VIC","Aston                           ",1,"Special Hospital Team 5                                         ","Estia Health Ringwood - The Lodge","211-217 Wantirna Rd","","","RINGWOOD","VIC","3134","-37.8373229","145.2273811",2126612,70673,"",29/04/2025,29/04/2025,"9:00","12:00"
"3","VIC","Aston                           ",1,"Special Hospital Team 5                                         ","Estia Health Ringwood - The Manor","211-217 Wantirna Rd","","","RINGWOOD","VIC","3134","-37.8373229","145.2273811",2126612,122824,"",29/04/2025,29/04/2025,"13:30","16:30"
"3","VIC","Aston                           ",1,"Special Hospital Team 5                                         ","Ferntree Gardens SRS Aged Care Home","30 Forest Rd","","","FERNTREE GULLY","VIC","3156","-37.88390657","145.29694472",2144719,70266,"",28/04/2025,28/04/2025,"9:30","11:30"
"3","VIC","Aston                           ",1,"Special Hospital Team 5                                         ","Homestyle Clarendon Grange","40 Stud Rd","","","BAYSWATER","VIC","3153","-37.84613086","145.24683188",2125933,70744,"",22/04/2025,22/04/2025,"9:30","12:00"
"3","VIC","Aston                           ",1,"Special Hospital Team 5                                         ","Latvian Aged Care","60 Fraser Cres","","","WANTIRNA SOUTH","VIC","3152","-37.87876","145.23129",2126026,13391,"",23/04/2025,23/04/2025,"9:30","13:00"
"3","VIC","Aston                           ",1,"Special Hospital Team 5                                         ","VMCH Willowbrooke","9A Willow Rd","","","UPPER FERNTREE GULLY","VIC","3156","-37.895197","145.305246",2144813,36293,"",01/05/2025,01/05/2025,"9:30","12:30"
"3","VIC","Aston                           ",1,"Special Hospital Team 5                                         ","Viewmont Terrace","662 Mountain Hwy","","","BAYSWATER","VIC","3153","-37.84191486","145.26277288",2125110,141885,"",24/04/2025,24/04/2025,"9:00","11:00"
"3","VIC","Aston                           ",1,"Special Hospital Team 6                                         ","Aeralife Bayswater","325-329 Canterbury Rd","","","BAYSWATER NORTH","VIC","3153","-37.832606458425","145.266096162007",2126309,122829,"",29/04/2025,29/04/2025,"9:30","14:00"
"3","VIC","Aston                           ",1,"Special Hospital Team 6                                         ","Arcare Knox","478 Burwood Hwy","","","WANTIRNA SOUTH","VIC","3152","-37.872264","145.2247908",2126007,126298,"",22/04/2025,22/04/2025,"10:30","14:00"
"3","VIC","Aston                           ",1,"Special Hospital Team 6                                         ","Boronia Residential Aged Care","7 Coogee St","","","BORONIA","VIC","3155","-37.854009","145.284597",2144630,63203,"",23/04/2025,23/04/2025,"10:30","13:30"
"3","VIC","Aston                           ",1,"Special Hospital Team 6                                         ","Estia Health Knoxfield","428 Scoresby Rd","","","FERNTREE GULLY","VIC","3156","-37.8829688281312","145.257382557946",2125413,31941,"",01/05/2025,01/05/2025,"9:00","11:30"
"3","VIC","Aston                           ",1,"Special Hospital Team 6                                         ","Ferntree Manor","10 The Avenue","","","FERNTREE GULLY","VIC","3156","-37.88301986","145.29301887",2144710,141741,"",30/04/2025,30/04/2025,"9:30","12:00"
"3","VIC","Aston                           ",1,"Special Hospital Team 6                                         ","Isomer Aged Care Facility","1273 Wellington Rd","","","LYSTERFIELD","VIC","3156","-37.9285906993686","145.271100860503",2125506,124821,"",24/04/2025,24/04/2025,"10:00","11:30"
"3","VIC","Aston                           ",1,"Special Hospital Team 6                                         ","Murrenda Residential Aged Care - Edward Street","251 Mountain Hwy","","","WANTIRNA","VIC","3152","-37.8497394856952","145.225292897194",2125928,124823,"",28/04/2025,28/04/2025,"9:00","14:00"
"3","VIC","Ballarat                        ",2,"Other Mobile Team 1                                             ","Ballarat and District Aboriginal Co-operative Limited - (CDEP)","106 Armstrong St N","","","BALLARAT","VIC","3350","-37.55908076","143.85742096",2100221,123758,"",22/04/2025,22/04/2025,"13:00","16:00"
"3","VIC","Ballarat                        ",2,"Other Mobile Team 1                                             ","Ballarat and District Aboriginal Co-operative Limited - (CDEP)","106 Armstrong St N","","","BALLARAT","VIC","3350","-37.55908076","143.85742096",2100221,123758,"",22/04/2025,22/04/2025,"9:30","12:30"
"3","VIC","Ballarat                        ",2,"Special Hospital Team 1                                         ","Calvary Kirralee ","207 Richards St","","","BALLARAT EAST","VIC","3350","-37.5671053","143.8896858",2148111,13355,"",22/04/2025,22/04/2025,"9:30","12:30"
"3","VIC","Ballarat                        ",2,"Special Hospital Team 1                                         ","Estia Health Mt Clear","112 Whitehorse Rd","","","MOUNT CLEAR","VIC","3350","-37.6034841135242","143.864867349196",2148307,106686,"",23/04/2025,23/04/2025,"9:30","12:30"
"3","VIC","Ballarat                        ",2,"Special Hospital Team 1                                         ","Grampians Health: Eureka Village Hostel","16-40 Balmoral Dr","","","BALLARAT EAST","VIC","3350","-37.5595443548072","143.889209659413",2148110,32606,"",28/04/2025,28/04/2025,"9:30","12:30"
"3","VIC","Ballarat                        ",2,"Special Hospital Team 1                                         ","Mercy Place Ballarat","60 Corbett St","","","BALLARAT EAST","VIC","3350","-37.5604787437619","143.872758532165",2148108,106687,"House 1-14",24/04/2025,24/04/2025,"13:00","16:00"
"3","VIC","Ballarat                        ",2,"Special Hospital Team 1                                         ","Mercy Place Ballarat","60 Corbett St","","","BALLARAT EAST","VIC","3350","-37.5604787437619","143.872758532165",2148108,106687,"Library",24/04/2025,24/04/2025,"9:30","12:30"
"3","VIC","Ballarat                        ",2,"Special Hospital Team 1                                         ","Royal Freemasons Ballarat","124 Spencer St","","","CANADIAN","VIC","3350","-37.5778231844927","143.882518828727",2148315,50198,"",29/04/2025,29/04/2025,"9:30","12:30"
"3","VIC","Ballarat                        ",2,"Special Hospital Team 1                                         ","Steele Haughton Acute Unit ","102 Ascot St S","","","BALLARAT CENTRAL","VIC","3350","-37.56355374","143.84310331",2100213,63500,"",28/04/2025,28/04/2025,"13:30","15:30"
"3","VIC","Ballarat                        ",2,"Special Hospital Team 2                                         ","Bupa Ballarat","305 Smythes Rd","","","DELACOMBE","VIC","3356","-37.5904103","143.80886956",2100617,90156,"",22/04/2025,22/04/2025,"13:00","15:00"
"3","VIC","Ballarat                        ",2,"Special Hospital Team 2                                         ","Bupa Ballarat","305 Smythes Rd","","","DELACOMBE","VIC","3356","-37.5904103","143.80886956",2100617,90156,"",22/04/2025,22/04/2025,"9:30","12:30"
"3","VIC","Ballarat                        ",2,"Special Hospital Team 2                                         ","Calvary Kelaston","2-4 Park St","","","WENDOUREE","VIC","3355","-37.5389171","143.8252036",2100824,69485,"Park Ward",29/04/2025,29/04/2025,"12:30","15:30"
"3","VIC","Ballarat                        ",2,"Special Hospital Team 2                                         ","Calvary Kelaston","2-4 Park St","","","WENDOUREE","VIC","3355","-37.5389171","143.8252036",2100824,69485,"Rose/Lake Ward",29/04/2025,29/04/2025,"9:30","12:00"
"3","VIC","Ballarat                        ",2,"Special Hospital Team 2                                         ","Jack Lonsdale Lodge","232 Spencer St","","","SEBASTOPOL","VIC","3356","-37.6056301","143.8347607",2100439,91668,"",24/04/2025,24/04/2025,"9:30","11:00"
"3","VIC","Ballarat                        ",2,"Special Hospital Team 2                                         ","James Thomas Court","117 Morgan St","","","SEBASTOPOL","VIC","3356","-37.6048630616736","143.83571359411",2100449,13358,"",24/04/2025,24/04/2025,"13:00","15:00"
"3","VIC","Ballarat                        ",2,"Special Hospital Team 2                                         ","Nazareth House Wendouree","218 Mill St","","","LAKE WENDOUREE","VIC","3350","-37.5532190819672","143.84533494764",2100223,13354,"St Marys, St Michaels",30/04/2025,30/04/2025,"9:30","12:00"
"3","VIC","Ballarat                        ",2,"Special Hospital Team 2                                         ","Nazareth House Wendouree","218 Mill St","","","LAKE WENDOUREE","VIC","3350","-37.5532190819672","143.84533494764",2100223,13354,"Well Being & Life Style",30/04/2025,30/04/2025,"12:30","15:30"
"3","VIC","Ballarat                        ",2,"Special Hospital Team 2                                         ","P.S. Hobson","302 Gillies St N","","","WENDOUREE","VIC","3355","-37.53623129","143.82303631",2100824,91667,"",28/04/2025,28/04/2025,"9:30","11:30"
"3","VIC","Ballarat                        ",2,"Special Hospital Team 2                                         ","WB Messer","302 Gillies St N","","","WENDOUREE","VIC","3355","-37.53623129","143.82303631",2100824,13357,"",28/04/2025,28/04/2025,"13:00","15:30"
"3","VIC","Ballarat                        ",2,"Special Hospital Team 3                                         ","Creswick Nursing Home","1 Napier St","","","CRESWICK","VIC","3363","-37.42057024","143.89171962",2101005,13351,"",23/04/2025,23/04/2025,"9:30","11:30"
"3","VIC","Ballarat                        ",2,"Special Hospital Team 3                                         ","Hailey House","703 Norman St","","","BALLARAT NORTH","VIC","3350","-37.53647802","143.85780841",2148206,36228,"",22/04/2025,22/04/2025,"9:30","11:30"
"3","VIC","Ballarat                        ",2,"Special Hospital Team 3                                         ","Hepburn House","1 Hepburn Rd","","","DAYLESFORD","VIC","3460","-37.3297252999192","144.145851588535",2101118,90130,"",28/04/2025,28/04/2025,"10:00","11:30"
"3","VIC","Ballarat                        ",2,"Special Hospital Team 3                                         ","John Curtin Aged Care","5 Cushing Ave","","","CRESWICK","VIC","3363","-37.4193046341429","143.892426812978",2101004,13353,"",23/04/2025,23/04/2025,"13:30","16:00"
"3","VIC","Ballarat                        ",2,"Special Hospital Team 3                                         ","Lumeah Lodge and Daylesford Nursing Home","13 Hospital St","","","DAYLESFORD","VIC","3460","-37.33719803","144.14531496",2101115,32454,"",28/04/2025,28/04/2025,"13:30","15:00"
"3","VIC","Ballarat                        ",2,"Special Hospital Team 3                                         ","Pineview Residential Care","324 Nicholson St","","","BLACK HILL","VIC","3350","-37.55501374","143.86760872",2148213,50199,"",22/04/2025,22/04/2025,"13:30","15:30"
"3","VIC","Ballarat                        ",2,"Special Hospital Team 3                                         ","Trentham Hostel & Nursing Home","22 Victoria St","","","TRENTHAM","VIC","3458","-37.3866016","144.3276814",2101109,123114,"",24/04/2025,24/04/2025,"10:00","12:00"
"3","VIC","Bendigo                         ",3,"Other Mobile Team 1                                             ","Bendigo Health - The Bendigo Hospital - Mental Health","100 Barnard St","","","BENDIGO","VIC","3550","-36.74901","144.28083",2101820,142378,"",28/04/2025,28/04/2025,"10:00","14:30"
"3","VIC","Bendigo                         ",3,"Other Mobile Team 1                                             ","Bendigo and District Aboriginal Co-operative","119 Prouses Rd","","","NORTH BENDIGO","VIC","3550","-36.72874336","144.27932092",2101839,122102,"",22/04/2025,22/04/2025,"10:00","15:30"
"3","VIC","Bendigo                         ",3,"Other Mobile Team 1                                             ","Loddon Prison Precinct","Matheson Rd","","","CASTLEMAINE","VIC","3450","-37.077402","144.237513",2102702,123783,"",24/04/2025,24/04/2025,"9:00","15:30"
"3","VIC","Bendigo                         ",3,"Other Mobile Team 1                                             ","Tarrengower Prison","9 Maldon-Shelbourne Rd","","","NUGGETTY","VIC","3463","-36.9784322","144.04957983",2102809,133850,"",23/04/2025,23/04/2025,"9:00","13:30"
"3","VIC","Bendigo                         ",3,"Special Hospital Team 1                                         ","Arcare Aged Care Castlemaine","40-50 Martin St","","","MCKENZIE HILL","VIC","3451","-37.06935","144.19445",2102707,123123,"",28/04/2025,28/04/2025,"13:00","17:00"
"3","VIC","Bendigo                         ",3,"Special Hospital Team 1                                         ","Benetas at St Laurence Court-Kangaroo Flat","8 Wesley St","","","KANGAROO FLAT","VIC","3555","-36.802208942784","144.24068692598",2102203,13730,"",24/04/2025,24/04/2025,"10:00","14:30"
"3","VIC","Bendigo                         ",3,"Special Hospital Team 1                                         ","Carshalton House Hostel ","11 Stoneham St","","","GOLDEN SQUARE","VIC","3555","-36.77969806","144.25641058",2102241,123135,"",23/04/2025,23/04/2025,"10:00","12:30"
"3","VIC","Bendigo                         ",3,"Special Hospital Team 1                                         ","Castlemaine Health Aged Care","142 Cornish St","","","CASTLEMAINE","VIC","3450","-37.0522624724442","144.211328835603",2102718,14711,"",22/04/2025,22/04/2025,"10:00","16:30"
"3","VIC","Bendigo                         ",3,"Special Hospital Team 1                                         ","Jessie Bowe House & Mount View Home","1 Chapel St ","","","MALDON","VIC","3463","-36.9932000424928","144.06377303655",2102810,72791,"",28/04/2025,28/04/2025,"9:30","11:00"
"3","VIC","Bendigo                         ",3,"Special Hospital Team 1                                         ","Uniting Agewell Strath-Haven Community","131 Condon St","","","KENNINGTON","VIC","3550","-36.7736260469115","144.306489557838",2102038,13706,"",29/04/2025,29/04/2025,"10:00","15:30"
"3","VIC","Bendigo                         ",3,"Special Hospital Team 2                                         ","Bupa Kyneton","2 Edgecombe St","","","KYNETON","VIC","3444","-37.2566771702323","144.462355021957",2103019,69503,"",28/04/2025,28/04/2025,"10:30","15:30"
"3","VIC","Bendigo                         ",3,"Special Hospital Team 2                                         ","Estia Health Kangaroo Flat","61 Alder St","","","KANGAROO FLAT","VIC","3555","-36.7844394826128","144.239787347926",2102244,90403,"",23/04/2025,23/04/2025,"9:30","16:30"
"3","VIC","Bendigo                         ",3,"Special Hospital Team 2                                         ","Mercy Health Bethlehem Home for the Aged","36-42 Specimen Hill Rd","","","GOLDEN SQUARE","VIC","3555","-36.7672334531458","144.249609228017",2102225,13655,"",29/04/2025,29/04/2025,"10:00","15:30"
"3","VIC","Bendigo                         ",3,"Special Hospital Team 2                                         ","R M Begg Kyneton Aged Care","27-35 Epping St","","","KYNETON","VIC","3444","-37.2516803201023","144.460866262729",2103018,39007,"",24/04/2025,24/04/2025,"10:30","16:00"
"3","VIC","Bendigo                         ",3,"Special Hospital Team 3                                         ","Calvary Mirridong ","92 McIvor Rd","","","KENNINGTON","VIC","3550","-36.7586781763181","144.298885880627",2102017,13740,"",23/04/2025,23/04/2025,"10:00","15:30"
"3","VIC","Bendigo                         ",3,"Special Hospital Team 3                                         ","Estia Health Victoria Heights","41-47 Victoria St","","","IRONBARK","VIC","3550","-36.7509983740944","144.265683996964",2101825,49913,"",28/04/2025,28/04/2025,"10:00","12:30"
"3","VIC","Bendigo                         ",3,"Special Hospital Team 3                                         ","Gibson St Complex -Stella Anderson/Joan Pinder Nursing Home","26 Gibson St","","","NORTH BENDIGO","VIC","3550","-36.7329773341102","144.267670078453",2101839,13686,"",24/04/2025,24/04/2025,"9:30","17:00"
"3","VIC","Bendigo                         ",3,"Special Hospital Team 3                                         ","Mecwacare Flora Hill","64 Somerville St","","","FLORA HILL","VIC","3550","-36.775254745808","144.28950401052",2102102,36311,"",22/04/2025,22/04/2025,"10:00","16:00"
"3","VIC","Bendigo                         ",3,"Special Hospital Team 3                                         ","Sandhurst by Teman Retirement Village","107-115 Condon St","","","KENNINGTON","VIC","3550","-36.7718660867018","144.303463198524",2102027,72610,"",29/04/2025,29/04/2025,"10:00","15:30"
"3","VIC","Bendigo                         ",3,"Special Hospital Team 4                                         ","Benetas at St Laurence Court-Eaglehawk","112 Upper California Gully Rd","","","CALIFORNIA GULLY","VIC","3556","-36.7352604632326","144.254034210504",2101916,70208,"",28/04/2025,28/04/2025,"10:00","14:30"
"3","VIC","Bendigo                         ",3,"Special Hospital Team 4                                         ","Bupa Bendigo","208 Holdsworth Rd","","","NORTH BENDIGO","VIC","3550","-36.7343866750003","144.281128866058",2101804,39009,"",22/04/2025,22/04/2025,"9:30","17:00"
"3","VIC","Bendigo                         ",3,"Special Hospital Team 4                                         ","Golden Oaks Complex","Stoneham St","","","GOLDEN SQUARE","VIC","3555","-36.7789847","144.2573219",2102241,90524,"",29/04/2025,29/04/2025,"13:30","17:00"
"3","VIC","Bendigo                         ",3,"Special Hospital Team 4                                         ","Honeysuckle Regional Health, Bentleys Aged Care","47 Harpin St","","","EAST BENDIGO","VIC","3550","-36.7518431467013","144.30538912023",2102006,49912,"",23/04/2025,23/04/2025,"10:00","13:00"
"3","VIC","Bendigo                         ",3,"Special Hospital Team 4                                         ","Murphy House","5-7 Murphy St","","","KENNINGTON","VIC","3550","-36.7615844","144.2964271",2102033,133845,"",29/04/2025,29/04/2025,"10:00","11:30"
"3","VIC","Bruce                           ",4,"Special Hospital Team 1                                         ","CraigCare Berwick","25 Parkhill Dr","","","BERWICK","VIC","3806","-38.0271417338164","145.326142659936",2129340,32398,"",30/04/2025,30/04/2025,"9:30","13:30"
"3","VIC","Bruce                           ",4,"Special Hospital Team 1                                         ","Dandenong Hospital - Mental Health ","126-128 Cleeland St","","","DANDENONG","VIC","3175","-37.97614","145.21656",2156326,141878,"",28/04/2025,28/04/2025,"9:30","16:00"
"3","VIC","Bruce                           ",4,"Special Hospital Team 1                                         ","Dandenong Hospital - Mental Health ","126-128 Cleeland St","","","DANDENONG","VIC","3175","-37.97614","145.21656",2156326,141878,"",29/04/2025,29/04/2025,"9:00","11:00"
"3","VIC","Bruce                           ",4,"Special Hospital Team 1                                         ","Estia Health Dandenong","147-151 David St","","","DANDENONG","VIC","3175","-37.97777117","145.22426972",2156321,126300,"",01/05/2025,01/05/2025,"9:30","11:00"
"3","VIC","Bruce                           ",4,"Special Hospital Team 1                                         ","TLC Homewood Residential Aged Care","8 Young Rd","","","HALLAM","VIC","3803","-38.0036955","145.2755524",2129708,72734,"",22/04/2025,22/04/2025,"9:30","15:30"
"3","VIC","Bruce                           ",4,"Special Hospital Team 1                                         ","TLC Homewood Residential Aged Care","8 Young Rd","","","HALLAM","VIC","3803","-38.0036955","145.2755524",2129708,72734,"",23/04/2025,23/04/2025,"9:30","15:30"
"3","VIC","Bruce                           ",4,"Special Hospital Team 2                                         ","Casey Aged Care","300 Golf Links Rd","","","NARRE WARREN","VIC","3805","-38.0409840224474","145.305304892033",2145602,71701,"",30/04/2025,30/04/2025,"9:00","13:30"
"3","VIC","Bruce                           ",4,"Special Hospital Team 2                                         ","Chestnut Gardens","2A Chestnut Rd","","","DOVETON","VIC","3177","-37.9944","145.23397",2129512,122956,"",24/04/2025,24/04/2025,"8:30","13:30"
"3","VIC","Bruce                           ",4,"Special Hospital Team 2                                         ","Mercy Place Dandenong","82-88 McCrae St","","","DANDENONG","VIC","3175","-37.99137692","145.2203149",2156336,122938,"",23/04/2025,23/04/2025,"9:00","17:00"
"3","VIC","Bruce                           ",4,"Special Hospital Team 2                                         ","Mulgrave Private Hospital","Blanton Dr","","","MULGRAVE","VIC","3170","-37.93859027","145.21210149",2132516,141737,"One",28/04/2025,28/04/2025,"9:00","16:30"
"3","VIC","Bruce                           ",4,"Special Hospital Team 2                                         ","Mulgrave Private Hospital","Blanton Dr","","","MULGRAVE","VIC","3170","-37.93859027","145.21210149",2132516,141737,"One",29/04/2025,29/04/2025,"9:00","10:30"
"3","VIC","Bruce                           ",4,"Special Hospital Team 2                                         ","VMCH Berwick Aged Care Residence","89 Avebury Dr","","","BERWICK","VIC","3806","-38.0238782340169","145.329302329749",2129325,34039,"",22/04/2025,22/04/2025,"9:30","14:00"
"3","VIC","Bruce                           ",4,"Special Hospital Team 3                                         ","Berwick House","19-23 Kays Ave","","","HALLAM","VIC","3803","-38.0009269","145.2531347",2129718,141744,"",24/04/2025,24/04/2025,"9:30","11:00"
"3","VIC","Bruce                           ",4,"Special Hospital Team 3                                         ","Galilee Supported Residential Services","382-384 Princes Hwy","","","NOBLE PARK NORTH","VIC","3174","-37.96204885","145.18956588",2131605,141745,"",24/04/2025,24/04/2025,"13:00","14:30"
"3","VIC","Bruce                           ",4,"Special Hospital Team 3                                         ","Mulgrave Private Hospital","Blanton Dr","","","MULGRAVE","VIC","3170","-37.93859027","145.21210149",2132516,141737,"Two",28/04/2025,28/04/2025,"9:00","16:30"
"3","VIC","Bruce                           ",4,"Special Hospital Team 3                                         ","Mulgrave Private Hospital","Blanton Dr","","","MULGRAVE","VIC","3170","-37.93859027","145.21210149",2132516,141737,"Two",29/04/2025,29/04/2025,"9:00","16:30"
"3","VIC","Bruce                           ",4,"Special Hospital Team 3                                         ","Mulgrave Private Hospital","Blanton Dr","","","MULGRAVE","VIC","3170","-37.93859027","145.21210149",2132516,141737,"Two",30/04/2025,30/04/2025,"9:00","16:30"
"3","VIC","Bruce                           ",4,"Special Hospital Team 3                                         ","Regis Dandenong North","5-15 Bakers Rd","","","DANDENONG NORTH","VIC","3175","-37.954487","145.19745",2131216,69703,"",22/04/2025,22/04/2025,"9:30","17:00"
"3","VIC","Bruce                           ",4,"Special Hospital Team 3                                         ","Regis Dandenong North","5-15 Bakers Rd","","","DANDENONG NORTH","VIC","3175","-37.954487","145.19745",2131216,69703,"",23/04/2025,23/04/2025,"9:30","17:00"
"3","VIC","Bruce                           ",4,"Special Hospital Team 4                                         ","Bupa Berwick Aged Care","359 Narre Warren North Rd","","","NARRE WARREN NORTH","VIC","3804","-37.9944780726846","145.312825105904",2129915,126299,"",28/04/2025,28/04/2025,"9:30","14:00"
"3","VIC","Bruce                           ",4,"Special Hospital Team 4                                         ","Calvary St Jude's","381-403 Narre Warren North Rd","","","NARRE WARREN NORTH","VIC","3804","-37.99016815","145.31372721",2129915,122935,"",23/04/2025,23/04/2025,"9:30","12:00"
"3","VIC","Bruce                           ",4,"Special Hospital Team 4                                         ","Calvary Viewhills Manor","55 Heatherton Rd","","","ENDEAVOUR HILLS","VIC","3802","-37.97578301","145.27711367",2145316,122936,"",24/04/2025,24/04/2025,"9:30","16:00"
"3","VIC","Bruce                           ",4,"Special Hospital Team 4                                         ","Coptic Village Hostel","18 St Kyrillos Pl","","","HALLAM","VIC","3803","-38.00627643","145.28586183",2129706,122932,"",30/04/2025,30/04/2025,"9:30","14:00"
"3","VIC","Bruce                           ",4,"Special Hospital Team 4                                         ","Homestyle Melville Grange","80 Melville Park Dr","","","BERWICK","VIC","3806","-38.0395998952973","145.346231835035",2129351,50245,"",29/04/2025,29/04/2025,"9:00","16:30"
"3","VIC","Bruce                           ",4,"Special Hospital Team 4                                         ","Outlook Gardens Aged Care","504 Police Rd","","","DANDENONG NORTH","VIC","3175","-37.93937233","145.21169543",2131234,122929,"",22/04/2025,22/04/2025,"9:30","12:00"
"3","VIC","Calwell                         ",5,"Special Hospital Team 1                                         ","Arcare Waterview","251-259 Waterview Blvd","","","CRAIGIEBURN","VIC","3064","-37.5840672221195","144.906484761271",2154310,72760,"",22/04/2025,22/04/2025,"10:30","15:30"
"3","VIC","Calwell                         ",5,"Special Hospital Team 1                                         ","Baptcare Brookview Community","130-138 Dimboola Rd","","","WESTMEADOWS","VIC","3049","-37.67391212","144.91014341",2124537,122889,"",23/04/2025,23/04/2025,"9:30","15:00"
"3","VIC","Calwell                         ",5,"Special Hospital Team 1                                         ","Corpus Christi Community, Greenvale","855 Mickleham Rd","","","GREENVALE","VIC","3059","-37.6370998306055","144.87938357024",2124649,70167,"",01/05/2025,01/05/2025,"10:00","14:30"
"3","VIC","Calwell                         ",5,"Special Hospital Team 1                                         ","Estia Health Coolaroo","15 Mladen Ct","","","COOLAROO","VIC","3048","-37.6572527342693","144.931337759101",2124327,72624,"",30/04/2025,30/04/2025,"11:00","13:30"
"3","VIC","Calwell                         ",5,"Special Hospital Team 2                                         ","McLellan House Hostel","2-6 Robinson St","","","JACANA","VIC","3047","-37.6858067631737","144.912662399246",2124201,72626,"",24/04/2025,24/04/2025,"12:00","13:30"
"3","VIC","Calwell                         ",5,"Special Hospital Team 2                                         ","Meadow Heights Care Community","90 Lightwood Cres","","","MEADOW HEIGHTS","VIC","3048","-37.6442985630037","144.913956423498",2124709,72630,"",23/04/2025,23/04/2025,"12:00","13:30"
"3","VIC","Calwell                         ",5,"Special Hospital Team 2                                         ","Moran Roxburgh Park","3 Wedgewood Rd","","","ROXBURGH PARK","VIC","3064","-37.6199026843292","144.935624442391",2154518,72465,"",29/04/2025,29/04/2025,"10:00","16:00"
"3","VIC","Calwell                         ",5,"Special Hospital Team 3                                         ","Ottoman Village Aged Care","66 Coleraine St","","","BROADMEADOWS","VIC","3047","-37.6763609833213","144.915689849742",2124204,126268,"",22/04/2025,22/04/2025,"10:30","15:00"
"3","VIC","Casey                           ",6,"Special Hospital Team 1                                         ","AdventCare Yarra Ranges","5 Woods Point Rd","","","WARBURTON","VIC","3799","-37.7522883586824","145.702482675508",2128617,122780,"",23/04/2025,23/04/2025,"10:00","12:30"
"3","VIC","Casey                           ",6,"Special Hospital Team 1                                         ","Chirnside Views Aged Care","315 Manchester Rd","","","CHIRNSIDE PARK","VIC","3116","-37.76066637","145.31522549",2127509,126081,"",28/04/2025,28/04/2025,"10:00","12:00"
"3","VIC","Casey                           ",6,"Special Hospital Team 1                                         ","Mercy Place Boronia","72 Kerr Cres","","","MONTROSE","VIC","3765","-37.81352614","145.35217981",2128007,126083,"",30/04/2025,30/04/2025,"9:30","10:30"
"3","VIC","Casey                           ",6,"Special Hospital Team 1                                         ","Mercy Place Montrose","991 Mount Dandenong Tourist Rd","","","MONTROSE","VIC","3765","-37.813546764195","145.350501289488",2128007,14216,"",29/04/2025,29/04/2025,"9:30","13:30"
"3","VIC","Casey                           ",6,"Special Hospital Team 1                                         ","Walmsley Aged Care","500 Greeves Dr","","","KILSYTH","VIC","3137","-37.8057727","145.3106384",2127719,126082,"",24/04/2025,24/04/2025,"9:30","12:00"
"3","VIC","Casey                           ",6,"Special Hospital Team 2                                         ","Gracevale Grange SRS","48 Liverpool Rd","","","KILSYTH","VIC","3137","-37.8062555616078","145.314115836601",2127716,141800,"",28/04/2025,28/04/2025,"10:00","12:00"
"3","VIC","Casey                           ",6,"Special Hospital Team 2                                         ","Kirkbrae Residential Care","794 Mt Dandenong Rd","","","KILSYTH","VIC","3137","-37.811091","145.330244",2128008,14210,"",29/04/2025,29/04/2025,"10:00","12:00"
"3","VIC","Casey                           ",6,"Special Hospital Team 2                                         ","MiCare Margriet Manor","722 Mt Dandenong Rd","","","KILSYTH","VIC","3137","-37.80769286","145.32600387",2127708,122782,"",23/04/2025,23/04/2025,"9:30","12:00"
"3","VIC","Casey                           ",6,"Special Hospital Team 2                                         ","MiCare Overbeek Lodge","736 Mt Dandenong Rd","","","KILSYTH","VIC","3137","-37.8080221024927","145.326634604236",2127708,122783,"",24/04/2025,24/04/2025,"9:30","12:00"
"3","VIC","Casey                           ",6,"Special Hospital Team 2                                         ","Monda Lodge Hostel","32-36 McGregor Ave","","","HEALESVILLE","VIC","3777","-37.6462763856992","145.528979777318",2127618,122784,"",22/04/2025,22/04/2025,"9:30","10:30"
"3","VIC","Casey                           ",6,"Special Hospital Team 2                                         ","Mooroolbark Manor Care Community","15-19 Baradine Rd","","","MOOROOLBARK","VIC","3138","-37.78093","145.317607",2128123,70293,"",01/05/2025,01/05/2025,"10:00","15:00"
"3","VIC","Chisholm                        ",7,"Special Hospital Team 1                                         ","Calvary The Highbury","684 Highbury Rd","","","GLEN WAVERLEY","VIC","3150","-37.86259797","145.17187633",2132131,122786,"",23/04/2025,23/04/2025,"10:00","13:00"
"3","VIC","Chisholm                        ",7,"Special Hospital Team 1                                         ","Cumberland View Aged Care","123-127 Whalley Dr","","","WHEELERS HILL","VIC","3150","-37.9208823039758","145.194148154753",2132750,122790,"",22/04/2025,22/04/2025,"9:00","17:00"
"3","VIC","Chisholm                        ",7,"Special Hospital Team 1                                         ","Grand Cedar Aged Care","61-63 High Street Rd","","","ASHWOOD","VIC","3147","-37.8660930469253","145.097026957679",2131909,122793,"",29/04/2025,29/04/2025,"10:00","11:30"
"3","VIC","Chisholm                        ",7,"Special Hospital Team 1                                         ","John Flynn Retirement Village","6 Foundation Blvd","","","BURWOOD EAST","VIC","3151","-37.85051","145.13547",2116619,122795,"",30/04/2025,30/04/2025,"10:00","14:30"
"3","VIC","Chisholm                        ",7,"Special Hospital Team 1                                         ","Samarinda Ashburton Aged Services Inc","286 High St","","","ASHBURTON","VIC","3147","-37.8643592961428","145.085821409817",2114616,50567,"",01/05/2025,01/05/2025,"10:00","16:00"
"3","VIC","Chisholm                        ",7,"Special Hospital Team 1                                         ","VMCH Ashwood","54 Queens Pde","","","ASHWOOD","VIC","3147","-37.8702890368375","145.095375507506",2131919,121696,"",28/04/2025,28/04/2025,"10:00","14:00"
"3","VIC","Chisholm                        ",7,"Special Hospital Team 1                                         ","Waverley Valley Care Community","29-33 Chesterville Rd","","","GLEN WAVERLEY","VIC","3150","-37.869454341228","145.159057136527",2132208,121699,"",24/04/2025,24/04/2025,"10:00","12:00"
"3","VIC","Chisholm                        ",7,"Special Hospital Team 2                                         ","Calvary The Regent ","35-39 Regent St","","","MOUNT WAVERLEY","VIC","3149","-37.88309006","145.13643054",2132423,122787,"",24/04/2025,24/04/2025,"10:00","13:00"
"3","VIC","Chisholm                        ",7,"Special Hospital Team 2                                         ","Delmont Private Hospital","298-308 Warrigal Rd","","","GLEN IRIS","VIC","3146","-37.8566747","145.09430639",2115023,141875,"",29/04/2025,29/04/2025,"10:00","13:00"
"3","VIC","Chisholm                        ",7,"Special Hospital Team 2                                         ","Estia Health Glen Waverley","2B Grace St","","","GLEN WAVERLEY","VIC","3150","-37.87891864","145.15640633",2132248,122792,"",22/04/2025,22/04/2025,"10:00","11:30"
"3","VIC","Chisholm                        ",7,"Special Hospital Team 2                                         ","Highwood Court Aged Care","359 Warrigal Rd","","","BURWOOD","VIC","3125","-37.853081046731","145.095376489392",2116507,122794,"",30/04/2025,30/04/2025,"10:30","12:30"
"3","VIC","Chisholm                        ",7,"Special Hospital Team 2                                         ","Lifeview The Willows","171-175 Jells Rd","","","WHEELERS HILL","VIC","3150","-37.9077068","145.1888728",2132726,122796,"",01/05/2025,01/05/2025,"10:30","15:00"
"3","VIC","Chisholm                        ",7,"Special Hospital Team 2                                         ","Menarock LIFE Glen Waverley Aged Care","982 High Street Rd","","","GLEN WAVERLEY","VIC","3150","-37.87706285","145.18815889",2132145,122797,"",28/04/2025,28/04/2025,"10:00","11:30"
"3","VIC","Chisholm                        ",7,"Special Hospital Team 2                                         ","Rosewood Gardens","436 Warrigal Rd","","","ASHBURTON","VIC","3147","-37.867276","145.092208",2114610,32749,"",28/04/2025,28/04/2025,"14:00","16:00"
"3","VIC","Chisholm                        ",7,"Special Hospital Team 2                                         ","Uniting AgeWell Camberwell Community Condare Court","8 Joffre St","","","CAMBERWELL","VIC","3124","-37.8430132764297","145.091909011097",2114939,13799,"",23/04/2025,23/04/2025,"10:00","13:00"
"3","VIC","Chisholm                        ",7,"Special Hospital Team 3                                         ","Australian Unity Campbell Place Aged Care","131-141 Coleman Pde","","","GLEN WAVERLEY","VIC","3150","-37.8792134013396","145.159797535324",2132218,121697,"",22/04/2025,22/04/2025,"9:30","15:30"
"3","VIC","Chisholm                        ",7,"Special Hospital Team 3                                         ","Lynden Aged Care Association Inc","49 Lynden St","","","CAMBERWELL","VIC","3124","-37.8415608","145.08620557",2114938,123179,"",01/05/2025,01/05/2025,"9:30","14:00"
"3","VIC","Chisholm                        ",7,"Special Hospital Team 3                                         ","Menarock Aged Care Services Victoria Pty Ltd Camberwell Gardens","15 Cornell St","","","CAMBERWELL","VIC","3124","-37.8390060961641","145.088413502143",2114951,141793,"",29/04/2025,29/04/2025,"10:00","11:30"
"3","VIC","Chisholm                        ",7,"Special Hospital Team 3                                         ","Mount Waverley Glades Care Community","444-454 Waverley Rd","","","MOUNT WAVERLEY","VIC","3149","-37.8858330397083","145.135598238804",2132411,122785,"",23/04/2025,23/04/2025,"9:30","15:00"
"3","VIC","Chisholm                        ",7,"Special Hospital Team 3                                         ","Nazareth House Camberwell","16 Cornell St","","","CAMBERWELL","VIC","3124","-37.839380456194","145.088814112033",2114938,13805,"",24/04/2025,24/04/2025,"9:30","15:00"
"3","VIC","Chisholm                        ",7,"Special Hospital Team 3                                         ","Royal Freemasons Elizabeth Gardens ","2-8 Elizabeth St","","","BURWOOD","VIC","3125","-37.8576657267774","145.095638378844",2131937,122791,"",30/04/2025,30/04/2025,"9:30","11:30"
"3","VIC","Chisholm                        ",7,"Special Hospital Team 3                                         ","Weary Dunlop Village","242 Jells Rd","","","WHEELERS HILL","VIC","3150","-37.911704053527","145.188490596751",2132752,122815,"",28/04/2025,28/04/2025,"9:30","17:00"
"3","VIC","Chisholm                        ",7,"Special Hospital Team 4                                         ","Arcare Malvern East","1997-2005 Malvern Rd","","","MALVERN EAST","VIC","3145","-37.8718411","145.0639362",2119554,104602,"",01/05/2025,01/05/2025,"9:30","15:00"
"3","VIC","Chisholm                        ",7,"Special Hospital Team 4                                         ","Arcare Nirvana Avenue Aged Care","78 Nirvana Ave","","","MALVERN EAST","VIC","3145","-37.8781148447678","145.064601912001",2119517,105713,"",30/04/2025,30/04/2025,"13:00","14:00"
"3","VIC","Chisholm                        ",7,"Special Hospital Team 4                                         ","Arcare Parkview Malvern East","1287-1291 Dandenong Rd","","","MALVERN EAST","VIC","3145","-37.8847299054105","145.073349999754",2119521,104603,"",23/04/2025,23/04/2025,"9:30","13:00"
"3","VIC","Chisholm                        ",7,"Special Hospital Team 4                                         ","Hollydale Lodge","37 Burke Rd","","","MALVERN EAST","VIC","3145","-37.8741117","145.0485145",2119546,71173,"",30/04/2025,30/04/2025,"9:30","10:30"
"3","VIC","Chisholm                        ",7,"Special Hospital Team 4                                         ","Malvern East Horizons Care Community","1A The Avenue","","","MALVERN EAST","VIC","3145","-37.876412","145.054678",2119533,72763,"",22/04/2025,22/04/2025,"9:30","15:30"
"3","VIC","Chisholm                        ",7,"Special Hospital Team 4                                         ","Mecwacare Noel Miller Centre","9-15 Kent St","","","GLEN IRIS","VIC","3146","-37.8561092","145.04747154",2119404,123161,"",24/04/2025,24/04/2025,"9:30","16:30"
"3","VIC","Chisholm                        ",7,"Special Hospital Team 4                                         ","Regis East Malvern","400 Waverley Rd","","","MALVERN EAST","VIC","3145","-37.87801795","145.06365467",2119547,123156,"",28/04/2025,28/04/2025,"9:30","14:00"
"3","VIC","Chisholm                        ",7,"Special Hospital Team 4                                         ","Regis East Malvern","400 Waverley Rd","","","MALVERN EAST","VIC","3145","-37.87801795","145.06365467",2119547,123156,"",29/04/2025,29/04/2025,"9:30","14:00"
"3","VIC","Cooper                          ",8,"Special Hospital Team 1                                         ","BSL Aged Care - Clifton Hill","160 Gold St","","","CLIFTON HILL","VIC","3068","-37.79240883","144.99074327",2114521,121948,"",28/04/2025,28/04/2025,"9:30","17:00"
"3","VIC","Cooper                          ",8,"Special Hospital Team 1                                         ","Embracia in Reservoir","65A Glasgow Ave","","","RESERVOIR","VIC","3073","-37.7033636191772","144.998943692431",2152414,123009,"",30/04/2025,30/04/2025,"9:30","17:00"
"3","VIC","Cooper                          ",8,"Special Hospital Team 1                                         ","Estia Health Reservoir","1 Aberdeen St","","","RESERVOIR","VIC","3073","-37.70365357","145.01799419",2152325,121942,"",29/04/2025,29/04/2025,"9:30","15:00"
"3","VIC","Cooper                          ",8,"Special Hospital Team 1                                         ","Preston Hilltop Care Community ","7-17 Montague St","","","PRESTON","VIC","3072","-37.7517732","145.0074558",2142813,121939,"",24/04/2025,24/04/2025,"9:30","14:00"
"3","VIC","Cooper                          ",8,"Special Hospital Team 1                                         ","The Ashley Mckenzie Aged Care","17-21 Ashley St","","","RESERVOIR","VIC","3073","-37.7178742","145.001999",2152615,123002,"",23/04/2025,23/04/2025,"9:30","13:00"
"3","VIC","Cooper                          ",8,"Special Hospital Team 1                                         ","Uniting AgeWell Preston Community","78 Bruce St","","","PRESTON","VIC","3072","-37.741354","144.992402",2142912,122989,"",01/05/2025,01/05/2025,"9:30","14:30"
"3","VIC","Cooper                          ",8,"Special Hospital Team 1                                         ","Vasey RSL Care - Bundoora","5-7 Tower Ave","","","BUNDOORA","VIC","3083","-37.7028324","145.05467673",2120508,123000,"",22/04/2025,22/04/2025,"9:30","16:30"
"3","VIC","Cooper                          ",8,"Special Hospital Team 2                                         ","Aeralife Twin Parks","33-47 Blake St","","","RESERVOIR","VIC","3073","-37.73207","145.03663",2152504,122997,"",22/04/2025,22/04/2025,"9:30","16:00"
"3","VIC","Cooper                          ",8,"Special Hospital Team 2                                         ","Aeralife Twin Parks","33-47 Blake St","","","RESERVOIR","VIC","3073","-37.73207","145.03663",2152504,122997,"",23/04/2025,23/04/2025,"9:30","14:00"
"3","VIC","Cooper                          ",8,"Special Hospital Team 2                                         ","Arcare Reservoir","1 Gremel Rd","","","RESERVOIR","VIC","3073","-37.72357738","145.03035663",2152523,123125,"",28/04/2025,28/04/2025,"9:30","14:00"
"3","VIC","Cooper                          ",8,"Special Hospital Team 2                                         ","Mercy Place Keon Park (Reservoir)","15 Tunaley Pde","","","RESERVOIR","VIC","3073","-37.6972231","145.025294",2152317,122998,"",24/04/2025,24/04/2025,"9:30","15:30"
"3","VIC","Cooper                          ",8,"Special Hospital Team 2                                         ","Northern Terrace","6-8 George St","","","RESERVOIR","VIC","3073","-37.71855584","145.00021594",2152615,141882,"",29/04/2025,29/04/2025,"9:30","10:30"
"3","VIC","Cooper                          ",8,"Special Hospital Team 3                                         ","Aeralife Northcote","14-24 Pearl St","","","NORTHCOTE","VIC","3070","-37.77843284","144.99764993",2149905,122995,"",22/04/2025,22/04/2025,"9:30","12:30"
"3","VIC","Cooper                          ",8,"Special Hospital Team 3                                         ","Fronditha Care Thornbury - Anesi Nursing Home","335 Station St","","","THORNBURY","VIC","3071","-37.76450984","145.02079093",2111240,121941,"",23/04/2025,23/04/2025,"9:30","14:30"
"3","VIC","Cooper                          ",8,"Special Hospital Team 3                                         ","Little Sisters of the Poor St Joseph's Home","112B St Georges Rd","","","NORTHCOTE","VIC","3070","-37.772119","144.99100624",2150011,122996,"",24/04/2025,24/04/2025,"9:30","12:00"
"3","VIC","Cooper                          ",8,"Special Hospital Team 3                                         ","Mayflower Reservoir","56-58 Elliot St","","","RESERVOIR","VIC","3073","-37.70501679","144.99508668",2152414,123001,"",29/04/2025,29/04/2025,"9:30","13:30"
"3","VIC","Cooper                          ",8,"Special Hospital Team 3                                         ","Reservoir Lodge","Ravenswood Court Hostel","15A Tovey St","","RESERVOIR","VIC","3073","-37.70139813801836","144.9997876871699",2152401,143475,"",28/04/2025,28/04/2025,"9:30","15:30"
"3","VIC","Cooper                          ",8,"Special Hospital Team 3                                         ","St Paul's Hostel Thornbury","15-17 Strettle St","","","THORNBURY","VIC","3071","-37.75407895","144.98326784",2111221,122992,"",30/04/2025,30/04/2025,"9:30","12:30"
"3","VIC","Corangamite                     ",9,"Other Mobile Team 1                                             ","Wathaurong Booln Booln Cultural Centre","410 Surf Coast Hwy","","","GROVEDALE","VIC","3216","-38.21859895804218","144.33842",2148524,142943,"",22/04/2025,22/04/2025,"10:00","16:00"
"3","VIC","Corangamite                     ",9,"Special Hospital Team 1                                         ","Calvary Balmoral Grove","24-34 Smith St","","","GROVEDALE","VIC","3216","-38.2017350483013","144.34457700345",2148709,69476,"",28/04/2025,28/04/2025,"9:30","17:00"
"3","VIC","Corangamite                     ",9,"Special Hospital Team 1                                         ","Calvary Elouera","6-11 Kooringa Pl","","","TORQUAY","VIC","3228","-38.3253204","144.3156805",2105352,38920,"",24/04/2025,24/04/2025,"9:30","15:30"
"3","VIC","Corangamite                     ",9,"Special Hospital Team 1                                         ","Ocean Mist Aged Care","370 Grossmans Rd","","","TORQUAY","VIC","3228","-38.3170297546667","144.278546632967",2105338,104844,"",29/04/2025,29/04/2025,"10:00","15:00"
"3","VIC","Corangamite                     ",9,"Special Hospital Team 1                                         ","VMCH Star of the Sea Aged Care","1290 Horseshoe Bend Rd","","","TORQUAY","VIC","3228","-38.3140076385821","144.338434382653",2105353,106627,"",22/04/2025,22/04/2025,"10:00","15:30"
"3","VIC","Corangamite                     ",9,"Special Hospital Team 1                                         ","VMCH Star of the Sea Aged Care","1290 Horseshoe Bend Rd","","","TORQUAY","VIC","3228","-38.3140076385821","144.338434382653",2105353,106627,"",23/04/2025,23/04/2025,"10:00","11:30"
"3","VIC","Corangamite                     ",9,"Special Hospital Team 1                                         ","Warralily Gardens","2-28 Freda Rd","","","ARMSTRONG CREEK","VIC","3217","-38.2370279279465","144.335910761252",2148520,104739,"",30/04/2025,30/04/2025,"9:30","15:00"
"3","VIC","Corangamite                     ",9,"Special Hospital Team 1                                         ","Warralily Gardens","2-28 Freda Rd","","","ARMSTRONG CREEK","VIC","3217","-38.2370279279465","144.335910761252",2148520,104739,"",01/05/2025,01/05/2025,"9:30","12:30"
"3","VIC","Corangamite                     ",9,"Special Hospital Team 1                                         ","Westpeak Residential Services Surfcoast","2 Felix St","","","GROVEDALE","VIC","3216","-38.2046607380154","144.339961353957",2148708,69750,"",23/04/2025,23/04/2025,"15:00","16:00"
"3","VIC","Corangamite                     ",9,"Special Hospital Team 2                                         ","Arcare Portarlington","80 Willis St","","","PORTARLINGTON","VIC","3223","-38.11940303951283","144.65760823463071",2105107,32525,"",24/04/2025,24/04/2025,"9:30","16:30"
"3","VIC","Corangamite                     ",9,"Special Hospital Team 2                                         ","Bupa Aged Care Bellarine Lakes","30 Resort Bvd","","","MOOLAP","VIC","3224","-38.1830527234942","144.424994961222",2104510,106619,"",28/04/2025,28/04/2025,"9:30","16:30"
"3","VIC","Corangamite                     ",9,"Special Hospital Team 2                                         ","Deborah Cheetham Retirement Village","1 Vision Court","","","OCEAN GROVE","VIC","3226","-38.25905","144.55527",2149026,125161,"",30/04/2025,30/04/2025,"9:30","16:00"
"3","VIC","Corangamite                     ",9,"Special Hospital Team 2                                         ","Drysdale Grove","33-37 Wyndham St","","","DRYSDALE","VIC","3222","-38.1728303729189","144.567765197116",2104802,52147,"",22/04/2025,22/04/2025,"9:30","15:30"
"3","VIC","Corangamite                     ",9,"Special Hospital Team 2                                         ","Kensington Grange","1-13 Ferguson Rd","","","LEOPOLD","VIC","3224","-38.1898644561116","144.463880473631",2104402,69545,"",23/04/2025,23/04/2025,"9:30","16:00"
"3","VIC","Corangamite                     ",9,"Special Hospital Team 2                                         ","Sea Views Manor","77-83 Tareeda Way","","","OCEAN GROVE","VIC","3226","-38.2523545","144.552332",2149014,41881,"",29/04/2025,29/04/2025,"9:30","16:30"
"3","VIC","Corangamite                     ",9,"Special Hospital Team 3                                         ","Belmont Grange","34-36 Church St","","","GROVEDALE","VIC","3216","-38.1957523178402","144.338125445223",2148728,36302,"",22/04/2025,22/04/2025,"9:30","15:30"
"3","VIC","Corangamite                     ",9,"Special Hospital Team 3                                         ","Estia Health Grovedale","6A Perrett St","","","GROVEDALE","VIC","3216","-38.2071560881238","144.341376333443",2148713,42076,"",24/04/2025,24/04/2025,"9:30","16:30"
"3","VIC","Corangamite                     ",9,"Special Hospital Team 3                                         ","Mercy Place Rice Village","7 Moylan Loop","","","MARSHALL","VIC","3216","-38.19864809","144.36115783",2148516,69478,"",30/04/2025,30/04/2025,"9:30","15:30"
"3","VIC","Corangamite                     ",9,"Special Hospital Team 3                                         ","Mercy Place Rice Village","7 Moylan Loop","","","MARSHALL","VIC","3216","-38.19864809","144.36115783",2148516,69478,"",01/05/2025,01/05/2025,"9:30","11:30"
"3","VIC","Corangamite                     ",9,"Special Hospital Team 3                                         ","The Vue by Luson","15-29 Reserve Rd","","","GROVEDALE","VIC","3216","-38.204677828247","144.343477863334",2148709,104738,"",28/04/2025,28/04/2025,"9:30","16:30"
"3","VIC","Corangamite                     ",9,"Special Hospital Team 3                                         ","The Vue by Luson","15-29 Reserve Rd","","","GROVEDALE","VIC","3216","-38.204677828247","144.343477863334",2148709,104738,"",29/04/2025,29/04/2025,"9:30","16:00"
"3","VIC","Corangamite                     ",9,"Special Hospital Team 4                                         ","Alan David Lodge","382 Torquay Rd","","","CHARLEMONT","VIC","3217","-38.21475","144.34257",2148524,63276,"",30/04/2025,30/04/2025,"9:30","16:00"
"3","VIC","Corangamite                     ",9,"Special Hospital Team 4                                         ","Alan David Lodge","382 Torquay Rd","","","CHARLEMONT","VIC","3217","-38.21475","144.34257",2148524,63276,"",01/05/2025,01/05/2025,"9:30","12:30"
"3","VIC","Corangamite                     ",9,"Special Hospital Team 4                                         ","Arcare Point Lonsdale","5 Knowles Gr","","","POINT LONSDALE","VIC","3225","-38.2696655663243","144.609854279282",2105216,72386,"",23/04/2025,23/04/2025,"9:30","16:30"
"3","VIC","Corangamite                     ",9,"Special Hospital Team 4                                         ","Arcare Point Lonsdale","5 Knowles Gr","","","POINT LONSDALE","VIC","3225","-38.2696655663243","144.609854279282",2105216,72386,"",24/04/2025,24/04/2025,"9:30","16:30"
"3","VIC","Corangamite                     ",9,"Special Hospital Team 4                                         ","Homestead Estate TLC Aged Care  ","2-18 Homestead Ave","","","WALLINGTON","VIC","3222","-38.2216772311272","144.536411587422",2149039,32479,"",28/04/2025,28/04/2025,"10:00","16:30"
"3","VIC","Corangamite                     ",9,"Special Hospital Team 4                                         ","Homestead Estate TLC Aged Care  ","2-18 Homestead Ave","","","WALLINGTON","VIC","3222","-38.2216772311272","144.536411587422",2149039,32479,"",29/04/2025,29/04/2025,"10:00","13:00"
"3","VIC","Corio                           ",10,"Other Mobile Team 1                                             ","Barwon Prison","1140 Bacchus Marsh Rd","","","LARA","VIC","3212","-38.0313746","144.3546803",2104340,125188,"",22/04/2025,22/04/2025,"10:00","14:30"
"3","VIC","Corio                           ",10,"Other Mobile Team 1                                             ","Barwon Prison","1140 Bacchus Marsh Rd","","","LARA","VIC","3212","-38.0313746","144.3546803",2104340,125188,"",23/04/2025,23/04/2025,"10:00","14:00"
"3","VIC","Corio                           ",10,"Other Mobile Team 1                                             ","Karreenga Correctional Centre","1170 Bacchus Marsh Rd","","","LARA","VIC","3212","-37.97797","144.34977",2104308,125456,"",28/04/2025,28/04/2025,"10:00","17:00"
"3","VIC","Corio                           ",10,"Other Mobile Team 1                                             ","Marngoneet Correctional Centre","1170 Bacchus Marsh Rd","","","LARA","VIC","3212","-37.97811559116175","144.34979522354746",2104308,123778,"",29/04/2025,29/04/2025,"10:00","16:30"
"3","VIC","Corio                           ",10,"Other Mobile Team 1                                             ","Marngoneet Correctional Centre","1170 Bacchus Marsh Rd","","","LARA","VIC","3212","-37.97811559116175","144.34979522354746",2104308,123778,"",30/04/2025,30/04/2025,"10:00","16:30"
"3","VIC","Corio                           ",10,"Other Mobile Team 1                                             ","Wathaurong Aboriginal Cooperative Ltd","62 Morgan St","","","NORTH GEELONG","VIC","3215","-38.10043838620925","144.35020661384985",2104727,123786,"",24/04/2025,24/04/2025,"10:00","16:30"
"3","VIC","Corio                           ",10,"Special Hospital Team 1                                         ","Estia Health Bannockburn","71 McPhillips Rd","","","BANNOCKBURN","VIC","3331","-38.0371219955722","144.16550369229",2103413,51034,"",28/04/2025,28/04/2025,"9:30","15:30"
"3","VIC","Corio                           ",10,"Special Hospital Team 1                                         ","Inpatient Rehabilitation Centre (McKellar Centre)","45-95 Ballarat Rd","","","NORTH GEELONG","VIC","3215","-38.1083132","144.3357845",2104718,69530,"",30/04/2025,30/04/2025,"9:30","16:30"
"3","VIC","Corio                           ",10,"Special Hospital Team 1                                         ","Inpatient Rehabilitation Centre (McKellar Centre)","45-95 Ballarat Rd","","","NORTH GEELONG","VIC","3215","-38.1083132","144.3357845",2104718,69530,"",01/05/2025,01/05/2025,"9:30","12:30"
"3","VIC","Corio                           ",10,"Special Hospital Team 1                                         ","Kardinia Parkside Care Community","299 - 305 Latrobe Tce","","","GEELONG","VIC","3220","-38.152193","144.352257",2103911,51952,"",29/04/2025,29/04/2025,"9:30","15:30"
"3","VIC","Corio                           ",10,"Special Hospital Team 1                                         ","Uniting AgeWell Kalkee Community Murray","9 Spring St","","","BELMONT","VIC","3216","-38.1802671384786","144.349262864891",2103728,14584,"",24/04/2025,24/04/2025,"9:30","12:30"
"3","VIC","Corio                           ",10,"Special Hospital Team 1                                         ","Wallace Lodge (McKellar Centre)","45-95 Ballarat Rd","","","NORTH GEELONG","VIC","3215","-38.1202162171172","144.334160333894",2104744,69539,"",22/04/2025,22/04/2025,"10:00","15:00"
"3","VIC","Corio                           ",10,"Special Hospital Team 1                                         ","Wallace Lodge (McKellar Centre)","45-95 Ballarat Rd","","","NORTH GEELONG","VIC","3215","-38.1202162171172","144.334160333894",2104744,69539,"",23/04/2025,23/04/2025,"10:00","15:30"
"3","VIC","Corio                           ",10,"Special Hospital Team 2                                         ","Bupa Barrabool","55 Barrabool Rd","","","BELMONT","VIC","3216","-38.1660594975658","144.336713888608",2103730,36599,"",23/04/2025,23/04/2025,"9:30","15:30"
"3","VIC","Corio                           ",10,"Special Hospital Team 2                                         ","Calvary Roccoco","355-357 Wilsons Rd","","","ST ALBANS PARK","VIC","3219","-38.1907326","144.3877547",2104509,50032,"",28/04/2025,28/04/2025,"9:00","12:00"
"3","VIC","Corio                           ",10,"Special Hospital Team 2                                         ","Charles Brownlow Retirement Village","1 Vintner Ct","","","HIGHTON","VIC","3216","-38.18942","144.31646",2104238,123164,"",30/04/2025,30/04/2025,"9:30","15:30"
"3","VIC","Corio                           ",10,"Special Hospital Team 2                                         ","Charles Brownlow Retirement Village","1 Vintner Ct","","","HIGHTON","VIC","3216","-38.18942","144.31646",2104238,123164,"",01/05/2025,01/05/2025,"9:30","11:30"
"3","VIC","Corio                           ",10,"Special Hospital Team 2                                         ","Highton Gardens Care Community","209 South Valley Rd","","","HIGHTON","VIC","3216","-38.1940710963958","144.316317149255",2104232,38913,"",22/04/2025,22/04/2025,"9:30","16:00"
"3","VIC","Corio                           ",10,"Special Hospital Team 2                                         ","The Belmont TLC Aged Care ","235 High St","","","BELMONT","VIC","3216","-38.17786","144.341045",2103710,41130,"",29/04/2025,29/04/2025,"9:00","12:00"
"3","VIC","Corio                           ",10,"Special Hospital Team 2                                         ","The Geelong Clinic","98 Townsend Rd","","","ST ALBANS PARK","VIC","3219","-38.18177643","144.39345538",2104505,141913,"",01/05/2025,01/05/2025,"13:45","17:00"
"3","VIC","Corio                           ",10,"Special Hospital Team 2                                         ","Whitehaven Retirement ","15 Murray St","","","NEWCOMB","VIC","3219","-38.1711028018078","144.400590996798",2104530,52148,"",29/04/2025,29/04/2025,"14:00","15:30"
"3","VIC","Corio                           ",10,"Special Hospital Team 3                                         ","Baptcare Coasthaven","45 Robin Ave","","","NORLANE","VIC","3214","-38.0866249","144.3516255",2148803,105711,"",22/04/2025,22/04/2025,"10:00","16:00"
"3","VIC","Corio                           ",10,"Special Hospital Team 3                                         ","Costa House Residential Aged Care","1 Investigator Ave","","","LARA","VIC","3212","-38.02557","144.40264",2104341,123167,"",24/04/2025,24/04/2025,"10:00","15:30"
"3","VIC","Corio                           ",10,"Special Hospital Team 3                                         ","Multicultural Aged Care Services","100 Weddell Rd","","","NORTH GEELONG","VIC","3215","-38.1252391679735","144.346704651153",2104725,50033,"",28/04/2025,28/04/2025,"10:00","15:00"
"3","VIC","Corio                           ",10,"Special Hospital Team 3                                         ","Multicultural Aged Care Services","100 Weddell Rd","","","NORTH GEELONG","VIC","3215","-38.1252391679735","144.346704651153",2104725,50033,"",29/04/2025,29/04/2025,"10:00","12:00"
"3","VIC","Corio                           ",10,"Special Hospital Team 3                                         ","Tannoch Brae Aged Care","46 Aldershot Rd","","","ST ALBANS PARK","VIC","3219","-38.18484378","144.39573188",2104504,70487,"",01/05/2025,01/05/2025,"9:00","12:30"
"3","VIC","Corio                           ",10,"Special Hospital Team 3                                         ","Victorian Croatian Aged Care Services (Cro Care)","38-46 Barton St","","","BELL PARK","VIC","3215","-38.10468","144.3336",2104741,123168,"",23/04/2025,23/04/2025,"10:00","16:00"
"3","VIC","Corio                           ",10,"Special Hospital Team 3                                         ","mecwacare Elstoft House","12-14 Beulah St","","","HAMLYN HEIGHTS","VIC","3215","-38.119961","144.322758",2104047,52146,"",30/04/2025,30/04/2025,"9:30","14:30"
"3","VIC","Deakin                          ",11,"Special Hospital Team 1                                         ","AdventCare Whitehorse","163-165 Central Rd","","","NUNAWADING","VIC","3131","-37.8230506616252","145.168959859912",2127126,13837,"",01/05/2025,01/05/2025,"9:30","15:30"
"3","VIC","Deakin                          ",11,"Special Hospital Team 1                                         ","Bupa Croydon","124 Maroondah Hwy","","","CROYDON","VIC","3136","-37.7879453586419","145.273197865715",2145124,126168,"",29/04/2025,29/04/2025,"10:00","11:00"
"3","VIC","Deakin                          ",11,"Special Hospital Team 1                                         ","Croydon Place Care Community","9 Jackson St","","","CROYDON","VIC","3136","-37.7961711498867","145.290334481837",2145005,122820,"",22/04/2025,22/04/2025,"10:00","12:00"
"3","VIC","Deakin                          ",11,"Special Hospital Team 1                                         ","Homestyle Ferndale Gardens","229-239 Bayswater Rd","","","BAYSWATER NORTH","VIC","3153","-37.8232503685823","145.269190392505",2126326,126084,"",24/04/2025,24/04/2025,"10:00","11:30"
"3","VIC","Deakin                          ",11,"Special Hospital Team 1                                         ","Olivet Care","7-9 Rupert St","","","RINGWOOD","VIC","3134","-37.806893006377","145.238940269557",2126606,122831,"",30/04/2025,30/04/2025,"10:00","14:00"
"3","VIC","Deakin                          ",11,"Special Hospital Team 1                                         ","Regis Ringwood","294 Maroondah Hwy","","","RINGWOOD","VIC","3134","-37.808694296515","145.240765389042",2126742,122835,"",28/04/2025,28/04/2025,"9:30","13:00"
"3","VIC","Deakin                          ",11,"Special Hospital Team 1                                         ","The Salvation Army Nunawading","Level 1 ","353 Whitehorse Rd","","NUNAWADING","VIC","3131","-37.81812597","145.17658076",2127113,141876,"",23/04/2025,23/04/2025,"10:00","11:00"
"3","VIC","Deakin                          ",11,"Special Hospital Team 2                                         ","Opal Croydon Grove Care Community","40 Chevalier Dr","","","CROYDON","VIC","3136","-37.79879","145.27021",2145103,122833,"",28/04/2025,28/04/2025,"10:00","14:30"
"3","VIC","Deakin                          ",11,"Special Hospital Team 2                                         ","Park Lane Croydon","295-299 Maroondah Hwy","","","CROYDON NORTH","VIC","3136","-37.78086","145.28638",2126541,122834,"",29/04/2025,29/04/2025,"9:30","12:30"
"3","VIC","Deakin                          ",11,"Special Hospital Team 2                                         ","Regis Blackburn","40 Central Rd","","","BLACKBURN","VIC","3130","-37.8239170110055","145.159924361384",2116125,70299,"",23/04/2025,23/04/2025,"9:30","15:00"
"3","VIC","Deakin                          ",11,"Special Hospital Team 2                                         ","Regis Blackburn","40 Central Rd","","","BLACKBURN","VIC","3130","-37.8239170110055","145.159924361384",2116125,70299,"",24/04/2025,24/04/2025,"9:30","14:30"
"3","VIC","Deakin                          ",11,"Special Hospital Team 2                                         ","Vermont Aged Care","770 Canterbury Rd","","","VERMONT","VIC","3133","-37.8335606944916","145.209394971739",2127214,122836,"",22/04/2025,22/04/2025,"9:30","14:00"
"3","VIC","Deakin                          ",11,"Special Hospital Team 3                                         ","Australian Unity Victoria Grange Aged Care","502-514 Burwood Hwy","","","VERMONT SOUTH","VIC","3133","-37.8591158829027","145.184182613299",2127323,122817,"",30/04/2025,30/04/2025,"10:30","15:00"
"3","VIC","Deakin                          ",11,"Special Hospital Team 3                                         ","Maroondah Hospital","1-15 Davey Dr","","","RINGWOOD EAST","VIC","3135","-37.806928","145.254562",2126719,141877,"",28/04/2025,28/04/2025,"9:30","16:00"
"3","VIC","Deakin                          ",11,"Special Hospital Team 3                                         ","Maroondah Hospital","1-15 Davey Dr","","","RINGWOOD EAST","VIC","3135","-37.806928","145.254562",2126719,141877,"",29/04/2025,29/04/2025,"9:30","16:30"
"3","VIC","Deakin                          ",11,"Special Hospital Team 3                                         ","RALAC Lionsbrae","29 Everard Rd","","","RINGWOOD EAST","VIC","3135","-37.8023709","145.2493441",2126739,122830,"",01/05/2025,01/05/2025,"9:30","12:00"
"3","VIC","Deakin                          ",11,"Special Hospital Team 3                                         ","Uniting AgeWell Strathdon Community","17 Jolimont Rd","","","FOREST HILL","VIC","3131","-37.8432773","145.1739643",2126913,62789,"",23/04/2025,23/04/2025,"9:30","16:00"
"3","VIC","Deakin                          ",11,"Special Hospital Team 3                                         ","Vermont Views Care Community","39 Livingstone Rd","","","VERMONT SOUTH","VIC","3133","-37.8549536526052","145.180259144439",2127308,91760,"",22/04/2025,22/04/2025,"9:30","16:30"
"3","VIC","Deakin                          ",11,"Special Hospital Team 3                                         ","Warrandyte Gardens Care Community","205 Warrandyte Rd","","","RINGWOOD NORTH","VIC","3134","-37.792183856038","145.235375891797",2126801,122837,"",24/04/2025,24/04/2025,"10:00","16:00"
"3","VIC","Dunkley                         ",12,"Other Mobile Team 1                                             ","MiCare Avondrust Lodge","1105 Frankston-Dandenong Rd","","","CARRUM DOWNS","VIC","3201","-38.0894907141849","145.182130668194",2137046,143002,"",23/04/2025,23/04/2025,"9:30","16:00"
"3","VIC","Dunkley                         ",12,"Other Mobile Team 1                                             ","Nairm Marr Djambana","32 Nursery Ave","","","FRANKSTON","VIC","3199","-38.14943265","145.1432682",2137136,122806,"",24/04/2025,24/04/2025,"12:30","15:00"
"3","VIC","Dunkley                         ",12,"Other Mobile Team 1                                             ","Salvation Army Bayside Peninsula (Frankston location)","37 Ross Smith Ave East","","","FRANKSTON","VIC","3199","-38.14173","145.12661",2137151,143004,"",29/04/2025,29/04/2025,"9:30","12:30"
"3","VIC","Dunkley                         ",12,"Other Mobile Team 1                                             ","Skye Lodge","175 McMahons Rd","","","FRANKSTON","VIC","3199","-38.1334846616048","145.140914650548",2137214,143001,"",22/04/2025,22/04/2025,"9:30","14:30"
"3","VIC","Dunkley                         ",12,"Other Mobile Team 1                                             ","TLC Forest Lodge Residential Aged Care","23 Forest Dr","","","FRANKSTON NORTH","VIC","3200","-38.12331166246049","145.1467883515486",2137241,143003,"",28/04/2025,28/04/2025,"9:30","15:00"
"3","VIC","Dunkley                         ",12,"Other Mobile Team 1                                             ","Vasey RSL Care Frankston South","85 Overport Rd","","","FRANKSTON SOUTH","VIC","3199","-38.1707546","145.121061",2137322,143041,"",30/04/2025,30/04/2025,"9:00","16:30"
"3","VIC","Dunkley                         ",12,"Other Mobile Team 1                                             ","Vasey RSL Care Frankston South","85 Overport Rd","","","FRANKSTON SOUTH","VIC","3199","-38.1707546","145.121061",2137322,143041,"",01/05/2025,01/05/2025,"9:00","14:00"
"3","VIC","Dunkley                         ",12,"Special Hospital Team 1                                         ","Baptcare Peninsula View Community","24-28 Moorooduc Hwy","","","FRANKSTON SOUTH","VIC","3199","-38.1851634418824","145.140331664923",2137316,70182,"",28/04/2025,28/04/2025,"9:30","16:00"
"3","VIC","Dunkley                         ",12,"Special Hospital Team 1                                         ","Bayview Aged Care - Calvary","1295 Frankston-Dandenong Rd","","","CARRUM DOWNS","VIC","3201","-38.102319","145.171569",2137059,41102,"",22/04/2025,22/04/2025,"9:30","13:30"
"3","VIC","Dunkley                         ",12,"Special Hospital Team 1                                         ","Bupa Bonbeach","53-59 Broadway","","","BONBEACH","VIC","3196","-38.0574480501148","145.126122591549",2118626,32579,"",23/04/2025,23/04/2025,"9:30","15:00"
"3","VIC","Dunkley                         ",12,"Special Hospital Team 1                                         ","Carrum Downs Aged Care","80 William Rd","","","CARRUM DOWNS","VIC","3201","-38.09925","145.183722",2137011,141918,"",01/05/2025,01/05/2025,"9:30","10:30"
"3","VIC","Dunkley                         ",12,"Special Hospital Team 1                                         ","Chelsea Parkside Care Community","87 Argyle Ave","","","CHELSEA","VIC","3196","-38.052232030285","145.129053961612",2118609,69749,"Gardenia Hostel",24/04/2025,24/04/2025,"9:30","12:00"
"3","VIC","Dunkley                         ",12,"Special Hospital Team 1                                         ","Frankston Nursing Home -Meracare","8-12 Nolan St","","","FRANKSTON","VIC","3199","-38.1492519","145.1176845",2137138,91588,"",30/04/2025,30/04/2025,"9:30","11:00"
"3","VIC","Dunkley                         ",12,"Special Hospital Team 1                                         ","Lifeview Argyle Court","81-83 Argyle Ave","","","CHELSEA","VIC","3196","-38.0525988502109","145.127947881765",2118609,32575,"",29/04/2025,29/04/2025,"9:30","11:00"
"3","VIC","Dunkley                         ",12,"Special Hospital Team 2                                         ","Angus Martin House","382 Nepean Hwy","","","FRANKSTON","VIC","3199","-38.13653","145.12347",2137151,122821,"",01/05/2025,01/05/2025,"9:00","10:30"
"3","VIC","Dunkley                         ",12,"Special Hospital Team 2                                         ","Calvary Sandhurst","20 Herbert Rd","","","CARRUM DOWNS","VIC","3201","-38.0908498544522","145.185868867389",2137055,143042,"",23/04/2025,23/04/2025,"9:00","11:30"
"3","VIC","Dunkley                         ",12,"Special Hospital Team 2                                         ","Langwarrin Community Aged Care","74 Potts Rd","","","LANGWARRIN","VIC","3910","-38.13558686","145.20938086",2137444,122807,"",22/04/2025,22/04/2025,"9:00","16:00"
"3","VIC","Dunkley                         ",12,"Special Hospital Team 2                                         ","Peninsula Private Hospital (VIC)","525 McClelland Dr","","","LANGWARRIN","VIC","3910","-38.1573795137233","145.169424502892",2137454,141920,"",28/04/2025,28/04/2025,"9:00","16:00"
"3","VIC","Dunkley                         ",12,"Special Hospital Team 2                                         ","Peninsula Private Hospital (VIC)","525 McClelland Dr","","","LANGWARRIN","VIC","3910","-38.1573795137233","145.169424502892",2137454,141920,"",29/04/2025,29/04/2025,"9:00","16:00"
"3","VIC","Dunkley                         ",12,"Special Hospital Team 2                                         ","Peninsula Private Hospital (VIC)","525 McClelland Dr","","","LANGWARRIN","VIC","3910","-38.1573795137233","145.169424502892",2137454,141920,"",30/04/2025,30/04/2025,"9:00","12:30"
"3","VIC","Dunkley                         ",12,"Special Hospital Team 3                                         ","Benetas St Paul's Terrace","2B Towerhill Rd","","","FRANKSTON","VIC","3199","-38.16297111","145.13564334",2137107,13948,"",22/04/2025,22/04/2025,"9:30","14:00"
"3","VIC","Dunkley                         ",12,"Special Hospital Team 3                                         ","Carrum Downs Private Nursing Home - Meracare","1135 Frankston-Dandenong Rd","","","CARRUM DOWNS","VIC","3201","-38.0918389240889","145.180536088214",2137049,14589,"",24/04/2025,24/04/2025,"9:30","11:30"
"3","VIC","Dunkley                         ",12,"Special Hospital Team 3                                         ","Frankston Hospital-Peninsula Health","Hastings Rd","","","FRANKSTON","VIC","3199","-38.1506899009343","145.129673900617",2137141,141921,"",29/04/2025,29/04/2025,"9:00","16:30"
"3","VIC","Dunkley                         ",12,"Special Hospital Team 3                                         ","Frankston Hospital-Peninsula Health","Hastings Rd","","","FRANKSTON","VIC","3199","-38.1506899009343","145.129673900617",2137141,141921,"",30/04/2025,30/04/2025,"9:00","16:30"
"3","VIC","Dunkley                         ",12,"Special Hospital Team 3                                         ","Frankston Hospital-Peninsula Health","Hastings Rd","","","FRANKSTON","VIC","3199","-38.1506899009343","145.129673900617",2137141,141921,"",01/05/2025,01/05/2025,"9:00","14:00"
"3","VIC","Dunkley                         ",12,"Special Hospital Team 3                                         ","Regis Frankston","93 Ashleigh Ave","","","FRANKSTON","VIC","3199","-38.1404178521271","145.147855868561",2137223,106004,"",23/04/2025,23/04/2025,"9:30","15:30"
"3","VIC","Flinders                        ",13,"Special Hospital Team 1                                         ","Calvary Capel Sands","8-16 Capel Ave","","","CAPEL SOUND","VIC","3940","-38.36491673821449","144.87694221681994",2138415,35524,"",28/04/2025,28/04/2025,"9:30","12:30"
"3","VIC","Flinders                        ",13,"Special Hospital Team 1                                         ","Mecwacare Calwell Manor","111 Country Club Dr","","","SAFETY BEACH","VIC","3936","-38.3280898422896","144.988124875967",2137702,38862,"",01/05/2025,01/05/2025,"9:30","11:00"
"3","VIC","Flinders                        ",13,"Special Hospital Team 1                                         ","Mercy Place Rosebud","14 Cairns Ave","","","ROSEBUD","VIC","3939","-38.361129","144.887114",2138417,14013,"",23/04/2025,23/04/2025,"9:30","13:30"
"3","VIC","Flinders                        ",13,"Special Hospital Team 1                                         ","Regis Capel Sound","34A Balaka St","","","CAPEL SOUND","VIC","3940","-38.370669","144.879194",2138406,72226,"",24/04/2025,24/04/2025,"9:30","15:00"
"3","VIC","Flinders                        ",13,"Special Hospital Team 1                                         ","Regis Mornington ","827 Nepean Hwy","","","MORNINGTON","VIC","3931","-38.234324","145.038154",2159204,106082,"",30/04/2025,30/04/2025,"9:30","14:00"
"3","VIC","Flinders                        ",13,"Special Hospital Team 1                                         ","Regis Rosebud","1 Wyuna St","","","CAPEL SOUND","VIC","3940","-38.3705922","144.8827008",2138470,14059,"",22/04/2025,22/04/2025,"9:30","13:00"
"3","VIC","Flinders                        ",13,"Special Hospital Team 1                                         ","Rosebrook Aged Care","441 Waterfall Gully Rd","","","ROSEBUD","VIC","3939","-38.3779627576958","144.916431673174",2138451,70161,"",29/04/2025,29/04/2025,"9:30","12:30"
"3","VIC","Flinders                        ",13,"Special Hospital Team 2                                         ","Benetas Corowa Court","752 Esplanade","","","MORNINGTON","VIC","3931","-38.2216511647505","145.033527209692",2159216,35106,"",22/04/2025,22/04/2025,"9:30","15:30"
"3","VIC","Flinders                        ",13,"Special Hospital Team 2                                         ","Bentons Lodge - Residential Aged Service","197 Bentons Rd","","","MORNINGTON","VIC","3931","-38.2481958463385","145.054272873103",2159118,70499,"",28/04/2025,28/04/2025,"9:00","16:30"
"3","VIC","Flinders                        ",13,"Special Hospital Team 2                                         ","Mecwacare Park Hill","160 Mornington-Tyabb Rd","","","MORNINGTON","VIC","3931","-38.23841466496843","145.06007270326648",2159110,70181,"",24/04/2025,24/04/2025,"9:30","12:30"
"3","VIC","Flinders                        ",13,"Special Hospital Team 2                                         ","Mornington House","79 Bentons Rd","","","MORNINGTON","VIC","3931","-38.24495","145.04083",2159130,122840,"",29/04/2025,29/04/2025,"9:30","11:00"
"3","VIC","Flinders                        ",13,"Special Hospital Team 2                                         ","The Bays Aged Care","86 Victoria Street","","","HASTINGS","VIC","3915","-38.30360819650535","145.190264051571",2137903,14001,"",23/04/2025,23/04/2025,"9:30","15:00"
"3","VIC","Flinders                        ",13,"Special Hospital Team 2                                         ","Uniting AgeWell Andrew Kerr Care","67-69 Tanti Ave","","","MORNINGTON","VIC","3931","-38.21988249381305","145.0444820379034",2159208,122838,"",30/04/2025,30/04/2025,"9:30","14:00"
"3","VIC","Flinders                        ",13,"Special Hospital Team 3                                         ","Arcare Balnarring","51 Balnarring Rd","","","BALNARRING","VIC","3926","-38.36984685","145.12341685",2137916,123050,"",24/04/2025,24/04/2025,"9:30","16:30"
"3","VIC","Flinders                        ",13,"Special Hospital Team 3                                         ","Calvary Rye Sands","36-40 Weir St","","","RYE","VIC","3941","-38.3743376","144.8270794",2138329,106501,"",22/04/2025,22/04/2025,"9:30","17:00"
"3","VIC","Flinders                        ",13,"Special Hospital Team 3                                         ","Mecwacare Annie's Court","3905 Frankston-Flinders Rd","","","SHOREHAM","VIC","3916","-38.4163591471303","145.050820835083",2137806,69725,"",30/04/2025,30/04/2025,"9:30","11:00"
"3","VIC","Flinders                        ",13,"Special Hospital Team 3                                         ","Salvation Army Bayside Peninsula (Rosebud location)","17-19 Ninth Ave","","","ROSEBUD","VIC","3939","-38.35677688","144.90413392",2138430,141923,"",29/04/2025,29/04/2025,"9:30","12:30"
"3","VIC","Flinders                        ",13,"Special Hospital Team 3                                         ","Somerville Gardens Care Community","22 Graf Rd","","","SOMERVILLE","VIC","3912","-38.2251527","145.1675078",2138516,106497,"",23/04/2025,23/04/2025,"9:30","15:30"
"3","VIC","Flinders                        ",13,"Special Hospital Team 3                                         ","Western Port Bay Care Community","30 The Crescent","","","TYABB","VIC","3913","-38.263925","145.193554",2138542,106499,"",28/04/2025,28/04/2025,"9:30","14:30"
"3","VIC","Flinders                        ",13,"Special Hospital Team 4                                         ","Calvary George Vowell","1 Cobb Rd","","","MOUNT ELIZA","VIC","3930","-38.20840575131546","145.07589052792306",2138128,70178,"",28/04/2025,28/04/2025,"9:30","15:30"
"3","VIC","Flinders                        ",13,"Special Hospital Team 4                                         ","Calvary George Vowell","1 Cobb Rd","","","MOUNT ELIZA","VIC","3930","-38.20840575131546","145.07589052792306",2138128,70178,"",29/04/2025,29/04/2025,"9:30","12:30"
"3","VIC","Flinders                        ",13,"Special Hospital Team 4                                         ","Craigcare Mornington","688 Nepean Hwy","","","MOUNT MARTHA","VIC","3934","-38.252009","145.038476",2138212,50921,"",23/04/2025,23/04/2025,"9:30","15:00"
"3","VIC","Flinders                        ",13,"Special Hospital Team 4                                         ","Mornington Bay Care Community","185 Racecourse Rd","","","MOUNT MARTHA","VIC","3934","-38.2503366766674","145.058865122056",2138229,38863,"",30/04/2025,30/04/2025,"9:30","14:30"
"3","VIC","Flinders                        ",13,"Special Hospital Team 4                                         ","Peninsula Grange Aged Care","2 Booker Ave","","","MORNINGTON","VIC","3931","-38.2292504572611","145.069377262534",2159114,72670,"",01/05/2025,01/05/2025,"9:30","14:30"
"3","VIC","Flinders                        ",13,"Special Hospital Team 4                                         ","Racecourse Grange Residential Care","428-430 Racecourse Rd","","","MORNINGTON","VIC","3931","-38.2270227774062","145.071685542374",2159122,106503,"",22/04/2025,22/04/2025,"9:30","16:30"
"3","VIC","Flinders                        ",13,"Special Hospital Team 4                                         ","Royal Freemasons Mount Martha Valley","130 Country Club Dr","","","SAFETY BEACH","VIC","3936","-38.3282418421062","144.985431876427",2137716,33180,"",24/04/2025,24/04/2025,"9:30","15:00"
"3","VIC","Fraser                          ",14,"Special Hospital Team 1                                         ","Baptcare Westhaven Community","50 Pickett St","","","FOOTSCRAY","VIC","3011","-37.8012125026454","144.894385739949",2134833,14130,"",23/04/2025,23/04/2025,"10:00","15:30"
"3","VIC","Fraser                          ",14,"Special Hospital Team 1                                         ","Baptcare Westhaven Community","50 Pickett St","","","FOOTSCRAY","VIC","3011","-37.8012125026454","144.894385739949",2134833,14130,"",24/04/2025,24/04/2025,"10:00","15:30"
"3","VIC","Fraser                          ",14,"Special Hospital Team 1                                         ","BlueCross Western Gardens","40 Anderson Rd","","","SUNSHINE","VIC","3020","-37.79162177","144.8274906",2133618,123090,"",01/05/2025,01/05/2025,"10:30","15:00"
"3","VIC","Fraser                          ",14,"Special Hospital Team 1                                         ","Doutta Galla Footscray Aged Care Facility","48 Geelong Rd","","","FOOTSCRAY","VIC","3011","-37.79728068","144.89467915",2134807,70473,"",29/04/2025,29/04/2025,"10:00","15:30"
"3","VIC","Fraser                          ",14,"Special Hospital Team 1                                         ","Doutta Galla Footscray Aged Care Facility","48 Geelong Rd","","","FOOTSCRAY","VIC","3011","-37.79728068","144.89467915",2134807,70473,"",30/04/2025,30/04/2025,"10:00","15:30"
"3","VIC","Fraser                          ",14,"Special Hospital Team 1                                         ","Doutta Galla Yarraville Village Aged Care Facility","52 Somerville Rd","","","YARRAVILLE","VIC","3013","-37.81344","144.89297",2135204,123089,"",28/04/2025,28/04/2025,"10:00","13:00"
"3","VIC","Fraser                          ",14,"Special Hospital Team 2                                         ","Cumberland Manor","25-27 Wiltshire St","","","SUNSHINE NORTH","VIC","3020","-37.77517983","144.84403496",2133705,72571,"",24/04/2025,24/04/2025,"10:00","14:30"
"3","VIC","Fraser                          ",14,"Special Hospital Team 2                                         ","Cumberland Manor","25-27 Wiltshire St","","","SUNSHINE NORTH","VIC","3020","-37.77517983","144.84403496",2133705,72571,"",01/05/2025,01/05/2025,"10:00","14:00"
"3","VIC","Fraser                          ",14,"Special Hospital Team 2                                         ","Fronditha Care St Albans","181 Furlong Rd","","","ST ALBANS","VIC","3021","-37.76177313","144.8115528",2133535,123086,"",30/04/2025,30/04/2025,"10:00","14:00"
"3","VIC","Fraser                          ",14,"Special Hospital Team 2                                         ","Sunshine Hospital - Mental Health ","176 Furlong Rd","","","ST ALBANS","VIC","3021","-37.76061557","144.81570783",2133524,141822,"",22/04/2025,22/04/2025,"10:30","15:00"
"3","VIC","Fraser                          ",14,"Special Hospital Team 2                                         ","Sunshine Hospital - Mental Health ","176 Furlong Rd","","","ST ALBANS","VIC","3021","-37.76061557","144.81570783",2133524,141822,"",23/04/2025,23/04/2025,"10:00","13:30"
"3","VIC","Fraser                          ",14,"Special Hospital Team 2                                         ","Uniting AgeWell Kingsville Community","319 Geelong Rd","","","KINGSVILLE","VIC","3012","-37.8074938215001","144.876978862293",2135009,70476,"",29/04/2025,29/04/2025,"10:00","15:30"
"3","VIC","Fraser                          ",14,"Special Hospital Team 3                                         ","Estia Health Ardeer","30 North St","","","ARDEER","VIC","3022","-37.77931162","144.80834502",2132802,123091,"",22/04/2025,22/04/2025,"10:30","13:30"
"3","VIC","Fraser                          ",14,"Special Hospital Team 3                                         ","Hope Aged Care Sunshine","2 Killara St","","","SUNSHINE WEST","VIC","3020","-37.786358","144.823308",2133820,123092,"",23/04/2025,23/04/2025,"10:00","14:00"
"3","VIC","Fraser                          ",14,"Special Hospital Team 3                                         ","Hope Aged Care Sunshine","2 Killara St","","","SUNSHINE WEST","VIC","3020","-37.786358","144.823308",2133820,123092,"",24/04/2025,24/04/2025,"10:00","13:30"
"3","VIC","Fraser                          ",14,"Special Hospital Team 3                                         ","James Barker House","64 Buckley St","","","FOOTSCRAY","VIC","3011","-37.8036419527814","144.896162549377",2134842,89805,"",29/04/2025,29/04/2025,"10:00","15:30"
"3","VIC","Fraser                          ",14,"Special Hospital Team 3                                         ","James Barker House","64 Buckley St","","","FOOTSCRAY","VIC","3011","-37.8036419527814","144.896162549377",2134842,89805,"",30/04/2025,30/04/2025,"10:00","15:30"
"3","VIC","Fraser                          ",14,"Special Hospital Team 3                                         ","McAuley House Program (SHS)","","1-3 Pickett St","","FOOTSCRAY","VIC","3011","-37.80058418","144.89557945",2134833,126349,"",28/04/2025,28/04/2025,"9:30","13:30"
"3","VIC","Fraser                          ",14,"Special Hospital Team 4                                         ","Arcare Maidstone","31 Hampstead Rd","","","MAIDSTONE","VIC","3012","-37.77796352","144.87614154",2134743,122921,"",29/04/2025,29/04/2025,"10:00","14:30"
"3","VIC","Fraser                          ",14,"Special Hospital Team 4                                         ","Doutta Galla Grantham Green Aged Care Facility ","28-32 Magnolia St","","","ST ALBANS","VIC","3021","-37.75306983","144.82078497",2133536,123067,"",24/04/2025,24/04/2025,"10:00","13:30"
"3","VIC","Fraser                          ",14,"Special Hospital Team 4                                         ","Doutta Galla Woornack Aged Care Facility","6-8 Killara St","","","SUNSHINE ","VIC","3020","-37.78748136","144.8232776",2133820,70475,"",28/04/2025,28/04/2025,"10:30","15:00"
"3","VIC","Fraser                          ",14,"Special Hospital Team 4                                         ","Mekong Cairnlea Vietnamese Aged Care","133 Cairnlea Dr","","","CAIRNLEA","VIC","3023","-37.75586213","144.79198916",2132919,123087,"",23/04/2025,23/04/2025,"10:00","13:30"
"3","VIC","Fraser                          ",14,"Special Hospital Team 4                                         ","Royal Freemasons Footscray Aged Care","25 Mephan St","","","FOOTSCRAY","VIC","3011","-37.78659616","144.88435077",2134804,123088,"",22/04/2025,22/04/2025,"10:00","13:30"
"3","VIC","Fraser                          ",14,"Special Hospital Team 4                                         ","VMCH St Bernadette's","17 Park Dr","","","SUNSHINE NORTH","VIC","3020","-37.7594548377046","144.825459046411",2133718,72574,"",30/04/2025,30/04/2025,"10:00","14:00"
"3","VIC","Gellibrand                      ",15,"Other Mobile Team 1                                             ","Port Phillip Prison ","451 Dohertys Rd","","","TRUGANINA","VIC","3029","-37.82766","144.75447",2158606,123811,"",30/04/2025,30/04/2025,"9:30","16:30"
"3","VIC","Gellibrand                      ",15,"Other Mobile Team 1                                             ","Wintringham Hostel","2 Wintringham Rd","","","WILLIAMSTOWN NORTH","VIC","3016","-37.85505965","144.87937497",2134626,143412,"",23/04/2025,23/04/2025,"9:30","13:30"
"3","VIC","Gellibrand                      ",15,"Special Hospital Team 1                                         ","Altona Gardens Care Community ","Opal Aged Care","28-30 Rymill Ct","","ALTONA NORTH","VIC","3025","-37.83276283","144.83943396",2134327,122842,"",24/04/2025,24/04/2025,"10:00","15:30"
"3","VIC","Gellibrand                      ",15,"Special Hospital Team 1                                         ","Benetas St Georges","St Georges Anglican Aged Care","13-19 Howard St","","ALTONA MEADOWS","VIC","3028","-37.87995673","144.78116165",2134235,122841,"",30/04/2025,30/04/2025,"9:30","15:30"
"3","VIC","Gellibrand                      ",15,"Special Hospital Team 1                                         ","Benetas St Georges","St Georges Anglican Aged Care","13-19 Howard St","","ALTONA MEADOWS","VIC","3028","-37.87995673","144.78116165",2134235,122841,"",01/05/2025,01/05/2025,"9:30","12:30"
"3","VIC","Gellibrand                      ",15,"Special Hospital Team 1                                         ","Calvary Trugo Place","120 Mason St","","","NEWPORT","VIC","3015","-37.84120982","144.87331721",2134427,122843,"",28/04/2025,28/04/2025,"9:30","15:00"
"3","VIC","Gellibrand                      ",15,"Special Hospital Team 1                                         ","Calvary Trugo Place","120 Mason St","","","NEWPORT","VIC","3015","-37.84120982","144.87331721",2134427,122843,"",29/04/2025,29/04/2025,"9:30","12:00"
"3","VIC","Gellibrand                      ",15,"Special Hospital Team 1                                         ","TLC Marina Residential Aged Care","385 Blackshaws Rd","","","ALTONA NORTH","VIC","3025","-37.8311721","144.8475144",2134331,70674,"",22/04/2025,22/04/2025,"9:30","15:30"
"3","VIC","Gellibrand                      ",15,"Special Hospital Team 1                                         ","TLC Marina Residential Aged Care","385 Blackshaws Rd","","","ALTONA NORTH","VIC","3025","-37.8311721","144.8475144",2134331,70674,"",23/04/2025,23/04/2025,"9:30","15:30"
"3","VIC","Gellibrand                      ",15,"Special Hospital Team 2                                         ","Allanvale Private Nursing Home ","38-40 Ascot St South","","","ALTONA MEADOWS","VIC","3028","-37.87087682","144.76362836",2134212,122851,"",30/04/2025,30/04/2025,"9:30","12:00"
"3","VIC","Gellibrand                      ",15,"Special Hospital Team 2                                         ","Estia Health Altona Meadows","297 Queen St","","","ALTONA MEADOWS","VIC","3028","-37.87379875","144.7876535",2134249,122844,"",01/05/2025,01/05/2025,"9:30","13:30"
"3","VIC","Gellibrand                      ",15,"Special Hospital Team 2                                         ","Homestyle Point Cook Manor","9 Hewett Dr","","","POINT COOK","VIC","3030","-37.8919321017609","144.725377349586",2158114,122860,"",22/04/2025,22/04/2025,"9:30","15:30"
"3","VIC","Gellibrand                      ",15,"Special Hospital Team 2                                         ","Homestyle Point Cook Manor","9 Hewett Dr","","","POINT COOK","VIC","3030","-37.8919321017609","144.725377349586",2158114,122860,"",23/04/2025,23/04/2025,"9:30","12:30"
"3","VIC","Gellibrand                      ",15,"Special Hospital Team 2                                         ","Mecwacare Squires Place ","Florence Aged Care","375-385 Mason St","","ALTONA NORTH","VIC","3025","-37.83939792","144.85248478",2134330,122849,"",24/04/2025,24/04/2025,"9:30","14:30"
"3","VIC","Gellibrand                      ",15,"Special Hospital Team 2                                         ","TriCare Williams Landing Aged Care Residence ","16 Charsworth Way","","","WILLIAMS LANDING","VIC","3027","-37.86365394","144.7453739",2136325,126345,"",28/04/2025,28/04/2025,"10:00","15:30"
"3","VIC","Gellibrand                      ",15,"Special Hospital Team 2                                         ","TriCare Williams Landing Aged Care Residence ","16 Charsworth Way","","","WILLIAMS LANDING","VIC","3027","-37.86365394","144.7453739",2136325,126345,"",29/04/2025,29/04/2025,"10:00","13:30"
"3","VIC","Gippsland                       ",16,"Other Mobile Team 1                                             ","Ashleigh House","20-24 Bergen Cres","","","SALE","VIC","3850","-38.1052122934776","147.085281624644",2110319,143151,"",22/04/2025,22/04/2025,"9:00","14:00"
"3","VIC","Gippsland                       ",16,"Other Mobile Team 1                                             ","Gippsland & East Gippsland Aboriginal Cooperative Ltd","37-53 Dalmahoy St","","","BAIRNSDALE","VIC","3875","-37.8298304","147.6280756",2108111,123837,"",28/04/2025,28/04/2025,"10:00","13:00"
"3","VIC","Gippsland                       ",16,"Other Mobile Team 1                                             ","Ramahyuck District Aboriginal Corporation","117 Foster St","","","SALE","VIC","3850","-38.11126285","147.06720169",2110329,123273,"",29/04/2025,29/04/2025,"9:30","12:30"
"3","VIC","Gippsland                       ",16,"Other Mobile Team 1                                             ","Ramahyuck Medical Clinic","15 Buckley St","","","MORWELL","VIC","3840","-38.2349806","146.39741581",2109618,123270,"",24/04/2025,24/04/2025,"9:30","12:30"
"3","VIC","Gippsland                       ",16,"Other Mobile Team 1                                             ","Wilson Lodge","Cnr Palmerston St & Foster St","","","SALE","VIC","3850","-38.105655670166016","147.07974243164062",2110324,143152,"",23/04/2025,23/04/2025,"10:00","14:30"
"3","VIC","Gippsland                       ",16,"Other Mobile Team 2                                             ","Baptcare St Hilary's Community","14-16 Elgin St","","","MORWELL","VIC","3840","-38.2390179318257","146.391079619305",2109615,143158,"",29/04/2025,29/04/2025,"9:30","14:30"
"3","VIC","Gippsland                       ",16,"Other Mobile Team 2                                             ","Bupa Aged Care Traralgon","96 Park La","","","TRARALGON","VIC","3844","-38.1795380933502","146.550677708546",2149328,143153,"",28/04/2025,28/04/2025,"9:30","16:00"
"3","VIC","Gippsland                       ",16,"Other Mobile Team 2                                             ","Fulham Correctional Centre","110 Hopkins Rd","","","FULHAM","VIC","3851","-38.1078773246972","146.970698814186",2110203,106277,"",22/04/2025,22/04/2025,"9:30","16:30"
"3","VIC","Gippsland                       ",16,"Other Mobile Team 2                                             ","Fulham Correctional Centre","110 Hopkins Rd","","","FULHAM","VIC","3851","-38.1078773246972","146.970698814186",2110203,106277,"",23/04/2025,23/04/2025,"9:30","16:30"
"3","VIC","Gippsland                       ",16,"Other Mobile Team 2                                             ","Fulham Correctional Centre","110 Hopkins Rd","","","FULHAM","VIC","3851","-38.1078773246972","146.970698814186",2110203,106277,"",24/04/2025,24/04/2025,"9:30","16:30"
"3","VIC","Gippsland                       ",16,"Remote Mobile Team 1                                            ","Bemm River Community Recreation Centre","12 Roberts Rd","","","BEMM RIVER","VIC","3889","-37.75734747","148.9691089",2108512,123401,"",29/04/2025,29/04/2025,"11:00","14:00"
"3","VIC","Gippsland                       ",16,"Remote Mobile Team 1                                            ","Bendoc Hall","26 Dowling St","","","BENDOC","VIC","3888","-37.1471316","148.8849186",2108511,123840,"",23/04/2025,23/04/2025,"11:30","14:30"
"3","VIC","Gippsland                       ",16,"Remote Mobile Team 1                                            ","Cann River Public Hall","24 Tamboon Rd","","","CANN RIVER","VIC","3890","-37.5683054980767","149.154827151191",2108510,123524,"",22/04/2025,22/04/2025,"9:00","16:00"
"3","VIC","Gippsland                       ",16,"Remote Mobile Team 1                                            ","Lake Tyers Aboriginal Trust","485 Rules Rd","","","TOORLOO ARM","VIC","3909","-37.8383512","148.0998975",2108508,123400,"",30/04/2025,30/04/2025,"8:30","11:30"
"3","VIC","Gippsland                       ",16,"Remote Mobile Team 1                                            ","Lakes Entrance Aboriginal Health Association","18-26 Jemmeson St","","","LAKES ENTRANCE","VIC","3909","-37.8745853","147.9980983",2108421,126358,"",01/05/2025,01/05/2025,"9:00","12:00"
"3","VIC","Gippsland                       ",16,"Remote Mobile Team 1                                            ","Moogji Aboriginal Council East Gippsland Incorporated","52-54 Stanley St","","","ORBOST","VIC","3888","-37.70182335","148.4592758",2108506,126129,"",24/04/2025,24/04/2025,"13:30","16:30"
"3","VIC","Gippsland                       ",16,"Remote Mobile Team 1                                            ","Orbost Regional Health","104 Boundary Rd","","","ORBOST","VIC","3888","-37.7015388","148.4648331",2108509,126131,"",24/04/2025,24/04/2025,"9:00","12:00"
"3","VIC","Gippsland                       ",16,"Special Hospital Team 1                                         ","Bairnsdale Parklands Care Community","79 Harnham Dr","","","BAIRNSDALE","VIC","3875","-37.836889","147.595203",2108126,34570,"",24/04/2025,24/04/2025,"9:00","15:00"
"3","VIC","Gippsland                       ",16,"Special Hospital Team 1                                         ","Bairnsdale Regional Health Services (Maddocks Gardens)","125 McKean St","","","BAIRNSDALE","VIC","3875","-37.8327617824163","147.606009008926",2108116,34584,"",30/04/2025,30/04/2025,"9:30","15:00"
"3","VIC","Gippsland                       ",16,"Special Hospital Team 1                                         ","Bupa Aged Care - Eastwood","55 Timbarra Dr","","","EASTWOOD","VIC","3875","-37.81245574","147.6382913",2108131,123065,"",22/04/2025,22/04/2025,"10:00","14:00"
"3","VIC","Gippsland                       ",16,"Special Hospital Team 1                                         ","Calvary Lakes Aged Care","23 Alexandra Ave","","","KALIMNA","VIC","3909","-37.8773247211172","147.962053992405",2108404,32879,"",28/04/2025,28/04/2025,"10:00","13:30"
"3","VIC","Gippsland                       ",16,"Special Hospital Team 1                                         ","Lakes Entrance Care Community","35A Lakeview Dr","","","LAKES ENTRANCE","VIC","3909","-37.8702962134773","147.99188603821",2108419,142928,"",23/04/2025,23/04/2025,"9:30","12:00"
"3","VIC","Gippsland                       ",16,"Special Hospital Team 1                                         ","Odyssey House Hope Centre","455 Princes Hwy","","","LUCKNOW","VIC","3875","-37.82256931784703","147.68993958021338",2108105,141898,"",23/04/2025,23/04/2025,"14:00","15:30"
"3","VIC","Gippsland                       ",16,"Special Hospital Team 1                                         ","Paynesville Gardens Care Community","3-5 Fort King Rd","","","PAYNESVILLE","VIC","3880","-37.9063622520527","147.721632779843",2108605,126125,"",29/04/2025,29/04/2025,"9:30","15:00"
"3","VIC","Gippsland                       ",16,"Special Hospital Team 2                                         ","Crossley House Hostel","14-18 Nicol St","","","YARRAM","VIC","3971","-38.5576933052758","146.678371140303",2110415,14566,"",29/04/2025,29/04/2025,"14:30","15:30"
"3","VIC","Gippsland                       ",16,"Special Hospital Team 2                                         ","Laurina Lodge","14 Licola Rd","","","HEYFIELD","VIC","3858","-37.9768126996357","146.78367416253",2110111,126127,"",28/04/2025,28/04/2025,"9:00","13:30"
"3","VIC","Gippsland                       ",16,"Special Hospital Team 2                                         ","Maffra Hospital - McDonald Wing","42-48 Kent St","","","MAFFRA","VIC","3860","-37.960877","146.983607",2110123,126128,"",30/04/2025,30/04/2025,"9:00","12:00"
"3","VIC","Gippsland                       ",16,"Special Hospital Team 2                                         ","Sale Gardens Care Community","12-14 Maffra-Sale Rd","","","SALE","VIC","3850","-38.0918277","147.0670589",2110311,90136,"",22/04/2025,22/04/2025,"9:00","11:30"
"3","VIC","Gippsland                       ",16,"Special Hospital Team 2                                         ","St Elmo's Nursing Home","85-91 Commercial Rd","","","YARRAM","VIC","3971","-38.5568363952626","146.678265860426",2110415,72643,"",29/04/2025,29/04/2025,"9:30","12:30"
"3","VIC","Gippsland                       ",16,"Special Hospital Team 2                                         ","Stretton Park Aged Care","35-47 Kent St","","","MAFFRA","VIC","3860","-37.9578294147356","146.983433720347",2110123,14563,"",23/04/2025,23/04/2025,"9:00","12:30"
"3","VIC","Gippsland                       ",16,"Special Hospital Team 2                                         ","Wattleglen Sale","28 Surkitt Blvd","","","SALE","VIC","3850","-38.0790648619129","147.067070931022",2110311,90525,"",24/04/2025,24/04/2025,"9:00","16:30"
"3","VIC","Gippsland                       ",16,"Special Hospital Team 3                                         ","Baptcare Heritage Manor Community","147-163 Maryvale Rd","","","MORWELL","VIC","3840","-38.221203","146.415273",2109601,69575,"",22/04/2025,22/04/2025,"9:30","15:00"
"3","VIC","Gippsland                       ",16,"Special Hospital Team 3                                         ","Benetas Dalkeith Gardens","73 Hyde Park Road","","","TRARALGON","VIC","3844","-38.2107016716761","146.525710299161",2149432,14268,"",29/04/2025,29/04/2025,"9:30","16:00"
"3","VIC","Gippsland                       ",16,"Special Hospital Team 3                                         ","Benetas Dalkeith Gardens","73 Hyde Park Road","","","TRARALGON","VIC","3844","-38.2107016716761","146.525710299161",2149432,14268,"",30/04/2025,30/04/2025,"14:30","17:00"
"3","VIC","Gippsland                       ",16,"Special Hospital Team 3                                         ","Gracedale Lodge","1 Linden Ct","","","MORWELL","VIC","3840","-38.2322001","146.4312643",2109627,14272,"",28/04/2025,28/04/2025,"9:30","11:30"
"3","VIC","Gippsland                       ",16,"Special Hospital Team 3                                         ","Margery Cole Aged Care","1 Matthews Cres","","","TRARALGON","VIC","3844","-38.195643","146.549033",2149326,125600,"",23/04/2025,23/04/2025,"9:30","14:30"
"3","VIC","Gippsland                       ",16,"Special Hospital Team 3                                         ","Margery Cole Aged Care","1 Matthews Cres","","","TRARALGON","VIC","3844","-38.195643","146.549033",2149326,125600,"",24/04/2025,24/04/2025,"13:30","16:30"
"3","VIC","Gippsland                       ",16,"Special Hospital Team 3                                         ","Mitchell House","127 Vary St","","","MORWELL","VIC","3840","-38.2207729544727","146.428240364984",2109608,34025,"",30/04/2025,30/04/2025,"9:00","12:30"
"3","VIC","Gippsland                       ",16,"Special Hospital Team 3                                         ","Traralgon Aged Care","69 Liddiard Rd","","","TRARALGON","VIC","3844","-38.20503065","146.55039572",2149307,123066,"",01/05/2025,01/05/2025,"9:30","14:00"
"3","VIC","Gippsland                       ",16,"Special Hospital Team 4                                         ","Latrobe Regional Hospital","10 Village Ave","","","TRARALGON","VIC","3844","-38.21984077","146.47094785",2149411,141817,"All Hospital Wards",22/04/2025,22/04/2025,"9:30","16:30"
"3","VIC","Gippsland                       ",16,"Special Hospital Team 4                                         ","Latrobe Regional Hospital","10 Village Ave","","","TRARALGON","VIC","3844","-38.21984077","146.47094785",2149411,141817,"All Hospital Wards",23/04/2025,23/04/2025,"9:30","16:30"
"3","VIC","Gippsland                       ",16,"Special Hospital Team 4                                         ","Latrobe Regional Hospital","10 Village Ave","","","TRARALGON","VIC","3844","-38.21984077","146.47094785",2149411,141817,"All Hospital Wards",24/04/2025,24/04/2025,"9:30","13:00"
"3","VIC","Gippsland                       ",16,"Special Hospital Team 4                                         ","Latrobe Regional Hospital","10 Village Ave","","","TRARALGON","VIC","3844","-38.21984077","146.47094785",2149411,141817,"All Hospital Wards",29/04/2025,29/04/2025,"9:30","16:30"
"3","VIC","Gippsland                       ",16,"Special Hospital Team 4                                         ","Latrobe Regional Hospital - Mental Health","10 Village Ave","","","TRARALGON","VIC","3844","-38.218489","146.471363",2149411,141818,"Mental Health Ward",28/04/2025,28/04/2025,"9:30","13:00"
"3","VIC","Gippsland                       ",16,"Special Hospital Team 4                                         ","Latrobe Regional Hospital - Mental Health","10 Village Ave","","","TRARALGON","VIC","3844","-38.218489","146.471363",2149411,141818,"Mental Health Ward",30/04/2025,30/04/2025,"9:30","13:00"
"3","VIC","Goldstein                       ",17,"Special Hospital Team 1                                         ","Arcare Brighton","58 Cochrane St","","","BRIGHTON","VIC","3186","-37.900352","144.999212",2116939,70133,"",22/04/2025,22/04/2025,"13:30","16:00"
"3","VIC","Goldstein                       ",17,"Special Hospital Team 1                                         ","Brighton Shore","10 Marion St","","","BRIGHTON","VIC","3186","-37.9076531407065","145.002772109536",2116914,72448,"",24/04/2025,24/04/2025,"9:30","12:00"
"3","VIC","Goldstein                       ",17,"Special Hospital Team 1                                         ","Bupa Caulfield","349-351a North Rd","","","CAULFIELD SOUTH","VIC","3162","-37.9021718024013","145.027983725743",2117842,107104,"",01/05/2025,01/05/2025,"9:30","14:00"
"3","VIC","Goldstein                       ",17,"Special Hospital Team 1                                         ","Calvary Elanora","7 Mair St","","","BRIGHTON","VIC","3186","-37.929697","144.992355",2116927,14167,"",29/04/2025,29/04/2025,"9:30","14:00"
"3","VIC","Goldstein                       ",17,"Special Hospital Team 1                                         ","Estia Health Bentleigh","34-36 Clairmont Ave","","","BENTLEIGH","VIC","3204","-37.9220420824597","145.027043923734",2117437,34238,"",24/04/2025,24/04/2025,"14:00","16:00"
"3","VIC","Goldstein                       ",17,"Special Hospital Team 1                                         ","Mayflower Brighton","7 Centre Rd","","","BRIGHTON EAST","VIC","3187","-37.9145789711078","145.008003217868",2117030,14183,"",23/04/2025,23/04/2025,"9:00","17:30"
"3","VIC","Goldstein                       ",17,"Special Hospital Team 1                                         ","Vasey RSL Care Brighton","21 Downes Ave","","","BRIGHTON","VIC","3186","-37.899390237398435","144.9985735259818",2116934,50192,"",22/04/2025,22/04/2025,"9:30","11:30"
"3","VIC","Goldstein                       ",17,"Special Hospital Team 1                                         ","Victoria by the Park","27 Victoria St","","","ELSTERNWICK","VIC","3185","-37.887535","145.010289",2117918,72449,"",28/04/2025,28/04/2025,"9:30","14:00"
"3","VIC","Goldstein                       ",17,"Special Hospital Team 2                                         ","Abberfield Aged Care Facility","378-380 Bluff Rd","","","SANDRINGHAM","VIC","3191","-37.9482857","145.0218395",2117107,72440,"",24/04/2025,24/04/2025,"9:30","15:30"
"3","VIC","Goldstein                       ",17,"Special Hospital Team 2                                         ","Calvary Huntly Suites","476 Kooyong Rd","","","CAULFIELD SOUTH","VIC","3162","-37.89688232313752","145.0132171857233",2117835,124999,"",01/05/2025,01/05/2025,"9:30","12:30"
"3","VIC","Goldstein                       ",17,"Special Hospital Team 2                                         ","Claremont Terrace ","231 McKinnon Rd","","","MCKINNON","VIC","3204","-37.9114465","145.0414634",2117403,71963,"",29/04/2025,29/04/2025,"9:30","15:00"
"3","VIC","Goldstein                       ",17,"Special Hospital Team 2                                         ","Fairway Bayside Aged Care","195 Bluff Rd","","","SANDRINGHAM","VIC","3191","-37.9602137121489","145.019073290949",2117304,50193,"",23/04/2025,23/04/2025,"15:00","17:00"
"3","VIC","Goldstein                       ",17,"Special Hospital Team 2                                         ","Graceland Manor Aged Care","508 Glen Huntly Rd","","","ELSTERNWICK","VIC","3185","-37.8855888410605","145.009929920697",2117919,71959,"",01/05/2025,01/05/2025,"14:30","16:30"
"3","VIC","Goldstein                       ",17,"Special Hospital Team 2                                         ","Menarock LIFE Rosehill Highett","12 Maxflo Ct","","","HIGHETT","VIC","3190","-37.9532214029793","145.031806569493",2117102,107105,"",30/04/2025,30/04/2025,"15:00","17:00"
"3","VIC","Goldstein                       ",17,"Special Hospital Team 2                                         ","Mercy Place Fernhill","18-22 Fernhill Rd","","","SANDRINGHAM","VIC","3191","-37.9514764013074","145.007587943909",2117342,14174,"",22/04/2025,22/04/2025,"9:30","16:00"
"3","VIC","Goldstein                       ",17,"Special Hospital Team 2                                         ","Regis Sandringham","37 Bay Rd","","","SANDRINGHAM","VIC","3191","-37.9518798612348","145.006491794057",2117342,32264,"",30/04/2025,30/04/2025,"9:30","13:00"
"3","VIC","Goldstein                       ",17,"Special Hospital Team 2                                         ","Sandringham Grove","3 Aberdeen Rd","","","SANDRINGHAM","VIC","3191","-37.9554926127868","145.028797329769",2117343,63503,"",23/04/2025,23/04/2025,"9:00","13:00"
"3","VIC","Goldstein                       ",17,"Special Hospital Team 2                                         ","Vasey RSL Care Brighton East","709-723 Hawthorn Rd","","","BRIGHTON EAST","VIC","3187","-37.910221","145.018108",2117020,69512,"",28/04/2025,28/04/2025,"9:30","17:00"
"3","VIC","Gorton                          ",18,"Other Mobile Team 1                                             ","Dame Phyllis Frost Centre","101-201 Riding Boundary Rd","","","RAVENHALL","VIC","3023","-37.7879237524342","144.744907587336",2135905,123764,"",23/04/2025,23/04/2025,"10:30","15:30"
"3","VIC","Gorton                          ",18,"Other Mobile Team 1                                             ","Dame Phyllis Frost Centre","101-201 Riding Boundary Rd","","","RAVENHALL","VIC","3023","-37.7879237524342","144.744907587336",2135905,123764,"",24/04/2025,24/04/2025,"10:00","14:30"
"3","VIC","Gorton                          ",18,"Other Mobile Team 1                                             ","Dame Phyllis Frost Centre","101-201 Riding Boundary Rd","","","RAVENHALL","VIC","3023","-37.7879237524342","144.744907587336",2135905,123764,"",02/05/2025,02/05/2025,"10:00","15:00"
"3","VIC","Gorton                          ",18,"Other Mobile Team 1                                             ","Ravenhall Correctional Centre","97 Riding Boundary Rd","","","RAVENHALL","VIC","3023","-37.7806845","144.7464262",2135905,123766,"",28/04/2025,28/04/2025,"10:30","15:00"
"3","VIC","Gorton                          ",18,"Other Mobile Team 1                                             ","Ravenhall Correctional Centre","97 Riding Boundary Rd","","","RAVENHALL","VIC","3023","-37.7806845","144.7464262",2135905,123766,"",29/04/2025,29/04/2025,"10:00","14:30"
"3","VIC","Gorton                          ",18,"Other Mobile Team 1                                             ","Ravenhall Correctional Centre","97 Riding Boundary Rd","","","RAVENHALL","VIC","3023","-37.7806845","144.7464262",2135905,123766,"",30/04/2025,30/04/2025,"10:00","14:30"
"3","VIC","Gorton                          ",18,"Other Mobile Team 1                                             ","Ravenhall Correctional Centre","97 Riding Boundary Rd","","","RAVENHALL","VIC","3023","-37.7806845","144.7464262",2135905,123766,"",01/05/2025,01/05/2025,"10:00","15:00"
"3","VIC","Gorton                          ",18,"Special Hospital Team 1                                         ","Arcare Burnside","2 Nicol Ave","","","BURNSIDE","VIC","3023","-37.7570926127147","144.751896279424",2146112,89822,"",22/04/2025,22/04/2025,"10:00","13:30"
"3","VIC","Gorton                          ",18,"Special Hospital Team 1                                         ","Arcare Burnside","2 Nicol Ave","","","BURNSIDE","VIC","3023","-37.7570926127147","144.751896279424",2146112,89822,"",23/04/2025,23/04/2025,"9:30","13:00"
"3","VIC","Gorton                          ",18,"Special Hospital Team 1                                         ","Arcare Hillside","50 Community Hub","","","SYDENHAM","VIC","3037","-37.7015044727919","144.758150064288",2133923,123095,"",24/04/2025,24/04/2025,"10:00","15:30"
"3","VIC","Gorton                          ",18,"Special Hospital Team 1                                         ","Arcare Sydenham","31 Trickey Ave","","","SYDENHAM","VIC","3037","-37.6966010333826","144.76734886322",2133919,70168,"",29/04/2025,29/04/2025,"9:30","14:00"
"3","VIC","Gorton                          ",18,"Special Hospital Team 1                                         ","Arcare Sydenham","31 Trickey Ave","","","SYDENHAM","VIC","3037","-37.6966010333826","144.76734886322",2133919,70168,"",30/04/2025,30/04/2025,"9:30","13:30"
"3","VIC","Gorton                          ",18,"Special Hospital Team 2                                         ","Aeralife Watergardens","352 Sydenham Rd","","","SYDENHAM","VIC","3037","-37.7033637938728","144.773983491348",2133921,72466,"",29/04/2025,29/04/2025,"10:30","15:30"
"3","VIC","Gorton                          ",18,"Special Hospital Team 2                                         ","Aeralife Watergardens","352 Sydenham Rd","","","SYDENHAM","VIC","3037","-37.7033637938728","144.773983491348",2133921,72466,"",30/04/2025,30/04/2025,"10:00","12:00"
"3","VIC","Gorton                          ",18,"Special Hospital Team 2                                         ","Rosary Home Aged Care","138-150 Odessa Ave","","","KEILOR DOWNS","VIC","3038","-37.7153948261059","144.805894974534",2133208,50226,"",22/04/2025,22/04/2025,"10:30","12:30"
"3","VIC","Gorton                          ",18,"Special Hospital Team 2                                         ","Rosary Home Aged Care","138-150 Odessa Ave","","","KEILOR DOWNS","VIC","3038","-37.7153948261059","144.805894974534",2133208,50226,"",23/04/2025,23/04/2025,"10:00","12:00"
"3","VIC","Gorton                          ",18,"Special Hospital Team 3                                         ","Kalyna Care","344 Taylors Rd","","","DELAHEY","VIC","3037","-37.7261718638896","144.772136479226",2133112,89832,"",28/04/2025,28/04/2025,"10:00","15:00"
"3","VIC","Gorton                          ",18,"Special Hospital Team 3                                         ","Royal Freemasons Springtime-Sydenham","41 Manchester Dr","","","SYDENHAM","VIC","3037","-37.684713","144.759926",2133914,70169,"",22/04/2025,22/04/2025,"10:30","15:30"
"3","VIC","Gorton                          ",18,"Special Hospital Team 3                                         ","Royal Freemasons Springtime-Sydenham","41 Manchester Dr","","","SYDENHAM","VIC","3037","-37.684713","144.759926",2133914,70169,"",23/04/2025,23/04/2025,"10:00","14:00"
"3","VIC","Hawke                           ",19,"Other Mobile Team 1                                             ","Kirrip Aboriginal Corporation","26 Exford Rd","","","MELTON SOUTH","VIC","3338","-37.70634681","144.57465102",2157818,122888,"",23/04/2025,23/04/2025,"10:00","12:00"
"3","VIC","Hawke                           ",19,"Special Hospital Team 1                                         ","Estia Health Melton Sth","34-42 Brooklyn Rd","","","MELTON SOUTH","VIC","3338","-37.702465620315","144.572181706395",2157810,70455,"",28/04/2025,28/04/2025,"9:00","16:30"
"3","VIC","Hawke                           ",19,"Special Hospital Team 1                                         ","VMCH Providence Aged Care Residence","9 Griffith St","","","MADDINGLEY","VIC","3340","-37.68734","144.42759",2135302,122865,"",29/04/2025,29/04/2025,"9:30","15:00"
"3","VIC","Hawke                           ",19,"Special Hospital Team 1                                         ","VMCH Providence Aged Care Residence","9 Griffith St","","","MADDINGLEY","VIC","3340","-37.68734","144.42759",2135302,122865,"",30/04/2025,30/04/2025,"9:30","12:00"
"3","VIC","Hawke                           ",19,"Special Hospital Team 1                                         ","mecwacare Ballan Nursing Home","33 Cowie St","","","BALLAN","VIC","3342","-37.5991676365997","144.222678877689",2100913,13360,"",22/04/2025,22/04/2025,"11:30","14:30"
"3","VIC","Hawke                           ",19,"Special Hospital Team 1                                         ","mecwacare Susan Barton House","58 Grey St","","","DARLEY","VIC","3340","-37.6578295207316","144.432134125349",2135338,105409,"",23/04/2025,23/04/2025,"10:00","15:30"
"3","VIC","Hawke                           ",19,"Special Hospital Team 1                                         ","mecwacare Susan Barton House","58 Grey St","","","DARLEY","VIC","3340","-37.6578295207316","144.432134125349",2135338,105409,"",24/04/2025,24/04/2025,"10:00","12:30"
"3","VIC","Hawke                           ",19,"Special Hospital Team 2                                         ","Calvary Goonawarra Nursing Home","25 Anderson Rd","","","SUNBURY","VIC","3429","-37.5771521294611","144.720215784099",2154031,69611,"",30/04/2025,30/04/2025,"9:30","15:30"
"3","VIC","Hawke                           ",19,"Special Hospital Team 2                                         ","Riddell Gardens Hostel","10 Spavin Dr","","","SUNBURY","VIC","3429","-37.562319","144.717457",2124022,69613,"",28/04/2025,28/04/2025,"9:30","12:00"
"3","VIC","Hawke                           ",19,"Special Hospital Team 2                                         ","Sutton Park Assisted Aged Care","126 Exford Rd","","","MELTON SOUTH","VIC","3338","-37.7154978204774","144.573404364805",2157826,70459,"",29/04/2025,29/04/2025,"9:30","14:30"
"3","VIC","Hawke                           ",19,"Special Hospital Team 2                                         ","Willowbrae Melton Aged Care","116 Centenary Ave","","","KURUNJANG","VIC","3337","-37.67319","144.58078",2157624,50228,"",24/04/2025,24/04/2025,"10:00","15:00"
"3","VIC","Holt                            ",20,"Special Hospital Team 1                                         ","Casey Manor Aged Care","445 Ormond Rd","","","NARRE WARREN SOUTH","VIC","3805","-38.0649255921101","145.298349710578",2145803,41119,"",01/05/2025,01/05/2025,"9:30","12:30"
"3","VIC","Holt                            ",20,"Special Hospital Team 1                                         ","Cranhaven Lodge","41 Lyall St","","","CRANBOURNE","VIC","3977","-38.10975581791109","145.29023957085994",2130045,122854,"",28/04/2025,28/04/2025,"9:30","11:00"
"3","VIC","Holt                            ",20,"Special Hospital Team 1                                         ","Homestyle Langford Grange","1 Residence Dr","","","CRANBOURNE EAST","VIC","3977","-38.11193","145.30026",2155803,122855,"",29/04/2025,29/04/2025,"9:30","13:30"
"3","VIC","Holt                            ",20,"Special Hospital Team 1                                         ","Lifeview Willow Wood","135 Duff St","","","CRANBOURNE","VIC","3977","-38.1018012700322","145.26525734226",2130414,72842,"",30/04/2025,30/04/2025,"9:30","16:00"
"3","VIC","Holt                            ",20,"Special Hospital Team 1                                         ","Lynbrook Park Aged Care","42 Olive Rd","","","LYNBROOK","VIC","3975","-38.0470508893752","145.26067126916",2130636,72565,"",24/04/2025,24/04/2025,"9:30","15:30"
"3","VIC","Holt                            ",20,"Special Hospital Team 1                                         ","Mercy Place Lynbrook","500 Evans Rd","","","LYNBROOK","VIC","3975","-38.0645784295531","145.261672797034",2130617,72561,"",23/04/2025,23/04/2025,"9:30","14:00"
"3","VIC","Holt                            ",20,"Special Hospital Team 1                                         ","Regis Cranbourne","18 Sherwood Rd","","","JUNCTION VILLAGE","VIC","3977","-38.1366613421118","145.292029273676",2130330,106406,"",22/04/2025,22/04/2025,"9:30","15:30"
"3","VIC","Holt                            ",20,"Special Hospital Team 1                                         ","Regis Cranbourne","18 Sherwood Rd","","","JUNCTION VILLAGE","VIC","3977","-38.1366613421118","145.292029273676",2130330,106406,"",28/04/2025,28/04/2025,"13:30","16:30"
"3","VIC","Hotham                          ",21,"Special Hospital Team 1                                         ","Belvedere Aged Care","41-43 Fintonia Rd","","","NOBLE PARK","VIC","3174","-37.9619548536492","145.185765881676",2145907,72834,"",28/04/2025,28/04/2025,"9:30","12:30"
"3","VIC","Hotham                          ",21,"Special Hospital Team 1                                         ","Brimlea Aged Care","21 Railway Pde","","","MURRUMBEENA","VIC","3163","-37.892074","145.070212",2118108,72523,"",23/04/2025,23/04/2025,"9:30","12:30"
"3","VIC","Hotham                          ",21,"Special Hospital Team 1                                         ","Calvary Springvale","340 - 344 Springvale Rd","","","SPRINGVALE","VIC","3171","-37.957018","145.151092",2131720,122671,"",28/04/2025,28/04/2025,"14:30","16:30"
"3","VIC","Hotham                          ",21,"Special Hospital Team 1                                         ","Jewish Care: Residential Home Carnegie","1 Wahgoo Rd","","","CARNEGIE","VIC","3163","-37.895097","145.063469",2117644,123140,"",24/04/2025,24/04/2025,"9:30","17:00"
"3","VIC","Hotham                          ",21,"Special Hospital Team 1                                         ","John R Hannah Aged Care","68 Wattle Gr","","","MULGRAVE","VIC","3170","-37.9321469615926","145.158714809681",2132528,72835,"",23/04/2025,23/04/2025,"14:30","17:00"
"3","VIC","Hotham                          ",21,"Special Hospital Team 1                                         ","Lexington Gardens ","18 Villa Rd","","","SPRINGVALE","VIC","3171","-37.9486963605524","145.142185480738",2131751,50175,"",29/04/2025,29/04/2025,"9:30","16:00"
"3","VIC","Hotham                          ",21,"Special Hospital Team 1                                         ","Monash Gardens","355 Wellington Rd","","","MULGRAVE","VIC","3170","-37.91924834746085","145.1667492970421",2132533,122798,"",22/04/2025,22/04/2025,"9:30","14:00"
"3","VIC","Hotham                          ",21,"Special Hospital Team 1                                         ","Nellie Melba Retirement Village","2 Collegium Ave","","","WHEELERS HILL","VIC","3150","-37.90540631411119","145.1663414958184",2132741,122799,"",30/04/2025,30/04/2025,"9:30","17:30"
"3","VIC","Hotham                          ",21,"Special Hospital Team 1                                         ","The Alexander Aged Care Centre","1720 Dandenong Rd","","","CLAYTON","VIC","3168","-37.91257498200672","145.12383859665152",2156704,107099,"",01/05/2025,01/05/2025,"9:30","16:00"
"3","VIC","Hotham                          ",21,"Special Hospital Team 2                                         ","Benetas Clarinda on the Park","21-27 Inverness St","","","CLARINDA","VIC","3169","-37.93118060643029","145.1074980919406",2130928,41175,"",01/05/2025,01/05/2025,"9:30","14:00"
"3","VIC","Hotham                          ",21,"Special Hospital Team 2                                         ","Corpus Christi ","80 Clayton Rd","","","CLAYTON","VIC","3168","-37.90533601","145.12373923",2156706,122814,"",23/04/2025,23/04/2025,"9:30","15:30"
"3","VIC","Hotham                          ",21,"Special Hospital Team 2                                         ","Mulgrave Rise","181 Hansworth St","","","MULGRAVE","VIC","3170","-37.93284321228731","145.18801831589667",2132532,71079,"",29/04/2025,29/04/2025,"9:30","15:00"
"3","VIC","Hotham                          ",21,"Special Hospital Team 2                                         ","Oak Towers Aged Care","139 Atherton Rd","","","OAKLEIGH","VIC","3166","-37.899674828322965","145.09804095424687",2132632,35091,"",28/04/2025,28/04/2025,"9:30","15:30"
"3","VIC","Hotham                          ",21,"Special Hospital Team 2                                         ","Oaklea Hall Aged Care","4-8 Earlstown Rd","","","HUGHESDALE","VIC","3166","-37.899952751912","145.08544593668546",2118015,34978,"",30/04/2025,30/04/2025,"9:30","11:30"
"3","VIC","Hotham                          ",21,"Special Hospital Team 2                                         ","Oakleigh Manor","1055-1061 Centre Rd","","","OAKLEIGH SOUTH","VIC","3167","-37.9243647265702","145.086633473096",2132638,107102,"",24/04/2025,24/04/2025,"9:30","15:30"
"3","VIC","Hotham                          ",21,"Special Hospital Team 2                                         ","Warrawee","854A Centre Rd","","","BENTLEIGH EAST","VIC","3165","-37.92302171281151","145.07279233423677",2142706,32738,"",22/04/2025,22/04/2025,"9:30","15:30"
"3","VIC","Hotham                          ",21,"Special Hospital Team 3                                         ","Arcare Carnegie","47 Rosanna St","","","CARNEGIE","VIC","3163","-37.898982","145.062001",2117610,63205,"",22/04/2025,22/04/2025,"9:30","16:30"
"3","VIC","Hotham                          ",21,"Special Hospital Team 3                                         ","Bupa Clayton Aged Care","12 Burton Ave","","","CLAYTON","VIC","3168","-37.9266046986095","145.11602177773",2132014,63206,"",23/04/2025,23/04/2025,"9:30","15:00"
"3","VIC","Hotham                          ",21,"Special Hospital Team 3                                         ","Fronditha Care Clayton","94 Springs Rd","","","CLARINDA","VIC","3169","-37.9363068481139","145.107964898067",2130927,107103,"",24/04/2025,24/04/2025,"9:30","16:00"
"3","VIC","Indi                            ",22,"Other Mobile Team 1                                             ","Beechworth Correctional Centre ","494 Flat Rock Rd","","","BEECHWORTH","VIC","3747","-36.349158","146.65396",2106802,123743,"",30/04/2025,30/04/2025,"9:30","12:30"
"3","VIC","Indi                            ",22,"Other Mobile Team 1                                             ","Junction Support Services - Wangaratta","9 Ely St","","","WANGARATTA","VIC","3677","-36.35719853","146.32635477",2106648,141696,"",01/05/2025,01/05/2025,"9:30","12:00"
"3","VIC","Indi                            ",22,"Other Mobile Team 1                                             ","Junction Support Services - Wodonga","155 Melbourne Rd","","","WODONGA","VIC","3690","-36.11871332","146.87386468",2149232,141697,"",01/05/2025,01/05/2025,"14:30","17:00"
"3","VIC","Indi                            ",22,"Special Hospital Team 1                                         ","Alpine Health (Hawthorn Village)","1 Rotary Dr","","","BRIGHT","VIC","3741","-36.732043","146.967102",2106917,126008,"",29/04/2025,29/04/2025,"15:00","17:00"
"3","VIC","Indi                            ",22,"Special Hospital Team 1                                         ","Beechworth Health Service Residential Care","52 Sydney Rd","","","BEECHWORTH","VIC","3747","-36.3500531522395","146.690622810078",2106811,72538,"",23/04/2025,23/04/2025,"9:30","17:00"
"3","VIC","Indi                            ",22,"Special Hospital Team 1                                         ","Illoura Aged Care","32-50 College St","","","WANGARATTA","VIC","3677","-36.3380574137689","146.309856253421",2106603,63114,"",30/04/2025,30/04/2025,"9:30","13:30"
"3","VIC","Indi                            ",22,"Special Hospital Team 1                                         ","Indigo North Health","168 High St","","","RUTHERGLEN","VIC","3685","-36.0576","146.45879",2106503,107130,"",24/04/2025,24/04/2025,"10:30","12:00"
"3","VIC","Indi                            ",22,"Special Hospital Team 1                                         ","Myrtleford Lodge Aged Care","73 Prince St","","","MYRTLEFORD","VIC","3737","-36.5569686858997","146.721375441149",2107108,72548,"",29/04/2025,29/04/2025,"9:30","12:30"
"3","VIC","Indi                            ",22,"Special Hospital Team 1                                         ","Rangeview Private Nursing Home","15-17 Mason St","","","WANGARATTA","VIC","3677","-36.3753685535917","146.304176530139",2106632,63118,"",22/04/2025,22/04/2025,"10:30","15:00"
"3","VIC","Indi                            ",22,"Special Hospital Team 1                                         ","St Catherine's Hostel Wangaratta Inc","59-69 Ryley St","","","WANGARATTA","VIC","3677","-36.3566494948583","146.322980799185",2106609,32096,"",28/04/2025,28/04/2025,"10:00","15:00"
"3","VIC","Indi                            ",22,"Special Hospital Team 1                                         ","St John's Village Inc","138 Williams Rd","","","WANGARATTA","VIC","3677","-36.3443743","146.2910056",2106649,70157,"",01/05/2025,01/05/2025,"9:00","17:00"
"3","VIC","Indi                            ",22,"Special Hospital Team 2                                         ","Bupa Wodonga","19 Melrose Dr","","","WEST WODONGA","VIC","3690","-36.116343","146.866943",2107328,72233,"",22/04/2025,22/04/2025,"9:30","17:00"
"3","VIC","Indi                            ",22,"Special Hospital Team 2                                         ","Estia Health Wodonga","240 Felltimber Creek Rd","","","WEST WODONGA","VIC","3690","-36.1316137820187","146.838731771283",2107337,63111,"",29/04/2025,29/04/2025,"10:30","15:00"
"3","VIC","Indi                            ",22,"Special Hospital Team 2                                         ","Tallangatta Health Service (Bolga Court)","Tallangatta Hospital","25 Barree St","","TALLANGATTA","VIC","3700","-36.2132828289638","147.183364296212",2107213,70189,"",24/04/2025,24/04/2025,"10:00","15:30"
"3","VIC","Indi                            ",22,"Special Hospital Team 2                                         ","Westmont Homestead ","265 Baranduda Bvd","","","BARANDUDA","VIC","3691","-36.1720857595579","146.934289031196",2149110,63110,"",23/04/2025,23/04/2025,"9:30","13:30"
"3","VIC","Indi                            ",22,"Special Hospital Team 2                                         ","Yackandandah Health ","20 Isaacs Ave","","","YACKANDANDAH","VIC","3749","-36.310629","146.846427",2107501,63113,"",28/04/2025,28/04/2025,"9:00","16:30"
"3","VIC","Indi                            ",22,"Special Hospital Team 3                                         ","Cooinda Village Inc","1-35 Kilfeera Rd","","","BENALLA","VIC","3672","-36.5566173923031","145.997140210133",2106323,72555,"",28/04/2025,28/04/2025,"9:30","17:00"
"3","VIC","Indi                            ",22,"Special Hospital Team 3                                         ","Estia Health Benalla (Thomas St)","107 Thomas St","","","BENALLA","VIC","3672","-36.56429748","145.97299853",2106324,105758,"",22/04/2025,22/04/2025,"9:30","15:30"
"3","VIC","Indi                            ",22,"Special Hospital Team 3                                         ","Estia Health Benalla (Thomas St)","107 Thomas St","","","BENALLA","VIC","3672","-36.56429748","145.97299853",2106324,105758,"",23/04/2025,23/04/2025,"9:00","12:30"
"3","VIC","Indi                            ",22,"Special Hospital Team 3                                         ","GraniteHill Aged Care Facility","cnr Weir & Kennedy Sts","","","EUROA","VIC","3666","-36.7590755","145.5709197",2105509,62968,"",29/04/2025,29/04/2025,"9:00","17:00"
"3","VIC","Indi                            ",22,"Special Hospital Team 3                                         ","Honeysuckle Regional Health","46 Cowslip St","","","VIOLET TOWN","VIC","3669","-36.6357440123422","145.712635288316",2105506,63117,"",30/04/2025,30/04/2025,"9:30","12:30"
"3","VIC","Indi                            ",22,"Special Hospital Team 3                                         ","Morrie Evans Aged Care ","62 Samaria Rd","","","BENALLA","VIC","3672","-36.5553806","145.995562546",2106313,72552,"",23/04/2025,23/04/2025,"14:00","16:30"
"3","VIC","Indi                            ",22,"Special Hospital Team 4                                         ","Bindaree Retirement Centre","86-92 Highett St","","","MANSFIELD","VIC","3722","-37.060567","146.087313",2105719,125771,"",28/04/2025,28/04/2025,"10:00","14:00"
"3","VIC","Indi                            ",22,"Special Hospital Team 4                                         ","Darlingford Upper Goulburn Nursing Home","5 High St","","","EILDON","VIC","3713","-37.2297931705518","145.913553238556",2105418,70187,"",24/04/2025,24/04/2025,"10:30","14:30"
"3","VIC","Indi                            ",22,"Special Hospital Team 4                                         ","Kellock Lodge","15 Bon St","","","ALEXANDRA","VIC","3714","-37.1855227758","145.711997967565",2105414,69620,"",23/04/2025,23/04/2025,"10:30","15:00"
"3","VIC","Indi                            ",22,"Special Hospital Team 4                                         ","Rosebank Hostel & Nursing Home","45 Station St","","","YEA","VIC","3717","-37.2139444160781","145.430958971939",2106204,125773,"",29/04/2025,29/04/2025,"10:30","14:30"
"3","VIC","Isaacs                          ",23,"Special Hospital Team 1                                         ","Arcare Keysborough","85 Stanley Rd","","","KEYSBOROUGH","VIC","3173","-38.001797","145.168085",2156610,89610,"",28/04/2025,28/04/2025,"10:00","15:30"
"3","VIC","Isaacs                          ",23,"Special Hospital Team 1                                         ","Calvary Kingston Gardens","201 -213 Clarke Rd","","","SPRINGVALE SOUTH","VIC","3172","-37.9755110409303","145.145254887247",2131806,122685,"",22/04/2025,22/04/2025,"9:30","13:00"
"3","VIC","Isaacs                          ",23,"Special Hospital Team 1                                         ","Crystal Manor","133-139 Harold Rd","","","NOBLE PARK","VIC","3174","-37.9765199","145.1629383",2146035,141884,"",23/04/2025,23/04/2025,"14:30","16:30"
"3","VIC","Isaacs                          ",23,"Special Hospital Team 1                                         ","Greenwood Manor","617 Lower Dandenong Rd","","","DINGLEY VILLAGE","VIC","3172","-37.989964700547","145.138414836847",2131325,35103,"",30/04/2025,30/04/2025,"14:00","16:30"
"3","VIC","Isaacs                          ",23,"Special Hospital Team 1                                         ","Mordialloc Grove","45-51 Elliot St","","","MORDIALLOC","VIC","3195","-37.9967641476119","145.095260683635",2119318,34051,"",01/05/2025,01/05/2025,"9:30","14:30"
"3","VIC","Isaacs                          ",23,"Special Hospital Team 1                                         ","Noble Gardens Residential Care","55 Thomas St","","","NOBLE PARK","VIC","3174","-37.972621540736604","145.17817301646795",2146005,36312,"",30/04/2025,30/04/2025,"9:30","12:00"
"3","VIC","Isaacs                          ",23,"Special Hospital Team 1                                         ","Sandy Lodge","38-40 Station St","","","ASPENDALE","VIC","3195","-38.016579","145.09532",2118920,14632,"",22/04/2025,22/04/2025,"15:00","17:00"
"3","VIC","Isaacs                          ",23,"Special Hospital Team 1                                         ","Uniting AgeWell Noble Park","1312 Heatherton Rd","","","NOBLE PARK","VIC","3174","-37.96721996","145.19058027",2145912,122675,"",23/04/2025,23/04/2025,"9:30","12:30"
"3","VIC","Isaacs                          ",23,"Special Hospital Team 1                                         ","Whitewater","84 White St","","","MORDIALLOC","VIC","3195","-38.000097","145.096743",2119327,126342,"",29/04/2025,29/04/2025,"9:30","16:00"
"3","VIC","Isaacs                          ",23,"Special Hospital Team 1                                         ","Yarraman Nursing Home","22B Yarraman Rd","","","NOBLE PARK","VIC","3174","-37.97752225","145.18065177",2146020,122678,"",24/04/2025,24/04/2025,"9:30","14:00"
"3","VIC","Isaacs                          ",23,"Special Hospital Team 2                                         ","Arcare Cheltenham","161a Centre Dandenong Rd","","","CHELTENHAM","VIC","3192","-37.9670325161232","145.076307810213",2118818,38996,"",28/04/2025,28/04/2025,"9:30","16:30"
"3","VIC","Isaacs                          ",23,"Special Hospital Team 2                                         ","Avonlea ","3-7 Patty St","","","MENTONE","VIC","3194","-37.9763991246935","145.05467889296",2119001,34061,"",22/04/2025,22/04/2025,"10:00","13:00"
"3","VIC","Isaacs                          ",23,"Special Hospital Team 2                                         ","Cheltenham Manor","10-12 Bendigo St","","","CHELTENHAM","VIC","3192","-37.9641493","145.0594134",2118830,34975,"",23/04/2025,23/04/2025,"10:00","17:00"
"3","VIC","Isaacs                          ",23,"Special Hospital Team 2                                         ","Cheltenham Manor","10-12 Bendigo St","","","CHELTENHAM","VIC","3192","-37.9641493","145.0594134",2118830,34975,"",24/04/2025,24/04/2025,"10:00","12:00"
"3","VIC","Isaacs                          ",23,"Special Hospital Team 2                                         ","Estia Health Keysborough","15 Stanley Rd","","","KEYSBOROUGH","VIC","3173","-37.995185","145.169657",2156533,72646,"Villa Lombardia",01/05/2025,01/05/2025,"14:30","16:00"
"3","VIC","Isaacs                          ",23,"Special Hospital Team 2                                         ","Noble Manor Residential Care","33 Frank St","","","NOBLE PARK","VIC","3174","-37.9683483","145.1728495",2146023,63288,"",29/04/2025,29/04/2025,"9:00","17:00"
"3","VIC","Isaacs                          ",23,"Special Hospital Team 2                                         ","Noble Manor Residential Care","33 Frank St","","","NOBLE PARK","VIC","3174","-37.9683483","145.1728495",2146023,63288,"",30/04/2025,30/04/2025,"9:30","16:30"
"3","VIC","Isaacs                          ",23,"Special Hospital Team 2                                         ","Parkdale Aged Care","43 Herbert St","","","PARKDALE","VIC","3195","-37.9966703","145.0774525",2119333,32586,"",22/04/2025,22/04/2025,"15:00","17:30"
"3","VIC","Isaacs                          ",23,"Special Hospital Team 2                                         ","Wintringham Eunice Seddon Home","32-34 Potter St","","","DANDENONG","VIC","3175","-37.98149355966573","145.2064809032684",2156311,123126,"",01/05/2025,01/05/2025,"9:30","12:30"
"3","VIC","Isaacs                          ",23,"Special Hospital Team 3                                         ","Bob's Place","35 Robinson St","","","DANDENONG","VIC","3175","-37.987021925131856","145.21082714904105",2156314,141962,"",28/04/2025,28/04/2025,"9:30","16:00"
"3","VIC","Isaacs                          ",23,"Special Hospital Team 3                                         ","Cheltenham Parkside","13 Eagland Rd","","","CHELTENHAM","VIC","3192","-37.9710652461173","145.075860089848",2118802,35102,"",29/04/2025,29/04/2025,"9:30","12:30"
"3","VIC","Jagajaga                        ",24,"Special Hospital Team 1                                         ","Benetas The Views at Heidelberg","2-6 Lower Plenty Rd","","","HEIDELBERG","VIC","3084","-37.7720475","145.0530339",2120106,72681,"",23/04/2025,23/04/2025,"9:30","13:00"
"3","VIC","Jagajaga                        ",24,"Special Hospital Team 1                                         ","Benetas The Views at Heidelberg","2-6 Lower Plenty Rd","","","HEIDELBERG","VIC","3084","-37.7720475","145.0530339",2120106,72681,"",24/04/2025,24/04/2025,"9:30","13:30"
"3","VIC","Jagajaga                        ",24,"Special Hospital Team 1                                         ","Bupa Greensborough","264 Diamond Creek Rd","","","GREENSBOROUGH","VIC","3088","-37.6810698475056","145.12211192358",2121317,106715,"",22/04/2025,22/04/2025,"9:30","13:30"
"3","VIC","Jagajaga                        ",24,"Special Hospital Team 1                                         ","Calvary Lower Plenty Garden Views","390 Main Rd","","","LOWER PLENTY","VIC","3093","-37.7305380383752","145.130252316765",2120214,72686,"",30/04/2025,30/04/2025,"9:30","14:00"
"3","VIC","Jagajaga                        ",24,"Special Hospital Team 1                                         ","Calvary Rosanna Views","269 Lower Plenty Rd","","","ROSANNA","VIC","3084","-37.73634275","145.07546813",2119822,123220,"",29/04/2025,29/04/2025,"9:30","14:30"
"3","VIC","Jagajaga                        ",24,"Special Hospital Team 1                                         ","Estia Health Heidelberg ","413-415 Waterdale Rd","","","HEIDELBERG WEST","VIC","3081","-37.7480228427142","145.046463929354",2119908,72684,"",28/04/2025,28/04/2025,"10:00","14:30"
"3","VIC","Jagajaga                        ",24,"Special Hospital Team 1                                         ","Regis Macleod","118 Somers Ave","","","MACLEOD","VIC","3085","-37.71906288","145.07564802",2120329,123148,"",01/05/2025,01/05/2025,"10:00","11:30"
"3","VIC","Jagajaga                        ",24,"Special Hospital Team 2                                         ","Austin Acute Psychiatric Unit","145 Studley Rd","","","HEIDELBERG","VIC","3084","-37.75666303","145.05925538",2119804,142687,"",28/04/2025,28/04/2025,"13:30","16:30"
"3","VIC","Jagajaga                        ",24,"Special Hospital Team 2                                         ","Austin Hospital - Secure Extended Care Unit","145 Studley Rd","","","HEIDELBERG","VIC","3084","-37.75666303","145.05925538",2119804,142686,"",28/04/2025,28/04/2025,"9:30","13:30"
"3","VIC","Jagajaga                        ",24,"Special Hospital Team 2                                         ","BlueCross Ivanhoe","250-260 Waterdale Rd","","","IVANHOE","VIC","3079","-37.7582823","145.0440821",2120023,104592,"",22/04/2025,22/04/2025,"9:30","15:00"
"3","VIC","Jagajaga                        ",24,"Special Hospital Team 2                                         ","BlueCross Ivanhoe","250-260 Waterdale Rd","","","IVANHOE","VIC","3079","-37.7582823","145.0440821",2120023,104592,"",23/04/2025,23/04/2025,"9:30","14:00"
"3","VIC","Jagajaga                        ",24,"Special Hospital Team 2                                         ","Liscombe House","339 St Helena Rd","","","ST HELENA","VIC","3088","-37.6889966282777","145.132584020906",2119720,72757,"",24/04/2025,24/04/2025,"9:30","14:30"
"3","VIC","Jagajaga                        ",24,"Special Hospital Team 2                                         ","St Vincent's Care Services Eltham","43 Diamond St","","","ELTHAM","VIC","3095","-37.7119892394351","145.147268135854",2120945,72756,"",29/04/2025,29/04/2025,"9:30","16:00"
"3","VIC","Jagajaga                        ",24,"Special Hospital Team 2                                         ","Trinity Manor Greensborough","226-230 Elder St","","","GREENSBOROUGH","VIC","3088","-37.71736458","145.10547765",2119706,123222,"",30/04/2025,30/04/2025,"9:30","13:00"
"3","VIC","Jagajaga                        ",24,"Special Hospital Team 3                                         ","Baptcare Strathalan Community","50 Braid Hill Rd","","","MACLEOD","VIC","3085","-37.72800583","145.07710292",2120339,142685,"",28/04/2025,28/04/2025,"9:30","14:00"
"3","VIC","Jagajaga                        ",24,"Special Hospital Team 3                                         ","Cause Victoria","405 Upper Heidelberg Rd","","","IVANHOE","VIC","3079","-37.75733073","145.05397459",2119918,142688,"",22/04/2025,22/04/2025,"9:30","14:00"
"3","VIC","Jagajaga                        ",24,"Special Hospital Team 3                                         ","Deloraine Private Nursing Home","18 Adeline St","","","GREENSBOROUGH","VIC","3088","-37.7069493057391","145.094150605584",2119731,104588,"",29/04/2025,29/04/2025,"9:30","12:00"
"3","VIC","Jagajaga                        ",24,"Special Hospital Team 3                                         ","Warringal Private Hospital","216 Burgundy St","","","HEIDELBERG","VIC","3084","-37.7560465","145.064617",2119835,142689,"",23/04/2025,23/04/2025,"9:30","14:00"
"3","VIC","Jagajaga                        ",24,"Special Hospital Team 3                                         ","Warringal Private Hospital","216 Burgundy St","","","HEIDELBERG","VIC","3084","-37.7560465","145.064617",2119835,142689,"",24/04/2025,24/04/2025,"9:30","13:00"
"3","VIC","Kooyong                         ",25,"Special Hospital Team 1                                         ","Baptcare Karana Community","55 Walpole St","","","KEW","VIC","3101","-37.8015657420657","145.032176785996",2152229,14679,"",01/05/2025,01/05/2025,"9:30","14:00"
"3","VIC","Kooyong                         ",25,"Special Hospital Team 1                                         ","Bolton Clarke Camberwell Green","12-14 Hunter Rd","","","CAMBERWELL","VIC","3124","-37.8376996357808","145.082964743232",2114926,89561,"",29/04/2025,29/04/2025,"10:30","14:00"
"3","VIC","Kooyong                         ",25,"Special Hospital Team 1                                         ","Eva Tilley Memorial Home","1100 Burke Rd","","","BALWYN NORTH","VIC","3104","-37.7967453942216","145.063994801002",2114850,14672,"",22/04/2025,22/04/2025,"9:30","13:30"
"3","VIC","Kooyong                         ",25,"Special Hospital Team 1                                         ","Eva Tilley Memorial Home","1100 Burke Rd","","","BALWYN NORTH","VIC","3104","-37.7967453942216","145.063994801002",2114850,14672,"",23/04/2025,23/04/2025,"9:30","13:00"
"3","VIC","Kooyong                         ",25,"Special Hospital Team 1                                         ","Mecwacare Malvern Centre","1245-1247 Malvern Rd","","","MALVERN","VIC","3144","-37.8521031925646","145.034879720013",2119438,71157,"",24/04/2025,24/04/2025,"10:00","14:30"
"3","VIC","Kooyong                         ",25,"Special Hospital Team 1                                         ","St Vincent's Care Services Kew","104 Studley Park Rd","","","KEW","VIC","3101","-37.80526754","145.01564484",2152202,123177,"",28/04/2025,28/04/2025,"9:30","15:30"
"3","VIC","Kooyong                         ",25,"Special Hospital Team 1                                         ","Uniting AgeWell Hawthorn Community","27-29 Wattle Rd","","","HAWTHORN","VIC","3122","-37.82323251","145.02855065",2152022,123173,"",30/04/2025,30/04/2025,"9:30","14:00"
"3","VIC","Kooyong                         ",25,"Special Hospital Team 2                                         ","Benetas Broughton Hall","2 Berwick St","","","CAMBERWELL","VIC","3124","-37.824297","145.0605",2114927,14664,"",24/04/2025,24/04/2025,"13:00","17:00"
"3","VIC","Kooyong                         ",25,"Special Hospital Team 2                                         ","Camberwell Gables Care Community","629 Riversdale Rd","","","CAMBERWELL","VIC","3124","-37.8323658446486","145.06699091659",2114906,71181,"",22/04/2025,22/04/2025,"9:30","14:30"
"3","VIC","Kooyong                         ",25,"Special Hospital Team 2                                         ","Camberwell Gables Care Community","629 Riversdale Rd","","","CAMBERWELL","VIC","3124","-37.8323658446486","145.06699091659",2114906,71181,"",23/04/2025,23/04/2025,"9:30","14:30"
"3","VIC","Kooyong                         ",25,"Special Hospital Team 2                                         ","Hawthorn's Victoria Gardens SRS","1 New St","","","HAWTHORN","VIC","3122","-37.8243517720894","145.030462763808",2152002,143256,"",01/05/2025,01/05/2025,"9:30","11:00"
"3","VIC","Kooyong                         ",25,"Special Hospital Team 2                                         ","Parkland Close SRS","10-14 Childers St","","","KEW","VIC","3101","-37.8006198429279","145.044819923905",2152224,143258,"",01/05/2025,01/05/2025,"13:00","14:30"
"3","VIC","Kooyong                         ",25,"Special Hospital Team 2                                         ","Regis Armadale","607-613 Dandenong Rd","","","ARMADALE","VIC","3143","-37.86532027475856","145.02661546755036",2113501,71538,"",28/04/2025,28/04/2025,"9:30","14:30"
"3","VIC","Kooyong                         ",25,"Special Hospital Team 2                                         ","Regis Armadale","607-613 Dandenong Rd","","","ARMADALE","VIC","3143","-37.86532027475856","145.02661546755036",2113501,71538,"",29/04/2025,29/04/2025,"9:30","14:00"
"3","VIC","Kooyong                         ",25,"Special Hospital Team 2                                         ","St Vincent's Care Services Hawthorn","4 King St","","","HAWTHORN EAST","VIC","3123","-37.8317334637003","145.053253299045",2115221,72784,"",30/04/2025,30/04/2025,"9:30","13:30"
"3","VIC","Kooyong                         ",25,"Special Hospital Team 3                                         ","Faversham House ","27 Shierlaw Ave","","","CANTERBURY","VIC","3126","-37.8226004558225","145.084930614544",2115505,50264,"",22/04/2025,22/04/2025,"9:30","13:00"
"3","VIC","Kooyong                         ",25,"Special Hospital Team 3                                         ","Faversham House ","27 Shierlaw Ave","","","CANTERBURY","VIC","3126","-37.8226004558225","145.084930614544",2115505,50264,"",23/04/2025,23/04/2025,"9:30","13:00"
"3","VIC","Kooyong                         ",25,"Special Hospital Team 3                                         ","Kew Gardens Aged Care","22-24 Gellibrand St","","","KEW","VIC","3101","-37.8082231","145.0325079",2152108,71183,"",30/04/2025,30/04/2025,"9:30","14:00"
"3","VIC","Kooyong                         ",25,"Special Hospital Team 3                                         ","Regis Shenley Manor","440 Camberwell Rd","","","CAMBERWELL","VIC","3124","-37.8379190544808","145.064049746494",2114913,72783,"",24/04/2025,24/04/2025,"9:30","13:30"
"3","VIC","Kooyong                         ",25,"Special Hospital Team 3                                         ","St George's Hospital - Normanby Unit","St Georges Hospital","283 Cotham Rd","","KEW","VIC","3101","-37.8093262","145.0530267",2152105,143260,"",01/05/2025,01/05/2025,"9:30","13:00"
"3","VIC","Kooyong                         ",25,"Special Hospital Team 3                                         ","Trinity Manor","10 Pretoria St","","","DEEPDENE","VIC","3103","-37.8097528044388","145.065979989237",2114723,72776,"",28/04/2025,28/04/2025,"9:30","14:00"
"3","VIC","Kooyong                         ",25,"Special Hospital Team 3                                         ","Trinity Manor","10 Pretoria St","","","DEEPDENE","VIC","3103","-37.8097528044388","145.065979989237",2114723,72776,"",29/04/2025,29/04/2025,"9:30","14:00"
"3","VIC","Kooyong                         ",25,"Special Hospital Team 4                                         ","Baptcare Hedley Sutton Community","19 Canterbury Rd","","","CAMBERWELL","VIC","3124","-37.8219003","145.062757",2115520,14675,"",22/04/2025,22/04/2025,"9:30","14:00"
"3","VIC","Kooyong                         ",25,"Special Hospital Team 4                                         ","Baptcare Hedley Sutton Community","19 Canterbury Rd","","","CAMBERWELL","VIC","3124","-37.8219003","145.062757",2115520,14675,"",23/04/2025,23/04/2025,"9:30","13:30"
"3","VIC","Kooyong                         ",25,"Special Hospital Team 4                                         ","Berengarra","283 Cotham Rd","","","KEW","VIC","3101","-37.80926944","145.05338432",2152105,123178,"",24/04/2025,24/04/2025,"9:30","14:30"
"3","VIC","Kooyong                         ",25,"Special Hospital Team 4                                         ","Camberwell Mews Care Community","2A Warburton Rd","","","CAMBERWELL","VIC","3124","-37.826197","145.0692501",2114901,106195,"",30/04/2025,30/04/2025,"10:30","12:00"
"3","VIC","Kooyong                         ",25,"Special Hospital Team 4                                         ","VMCH Justin Villa","2 Caravan St","","","BALWYN","VIC","3103","-37.80545938","145.09587614",2114718,142779,"",29/04/2025,29/04/2025,"10:00","11:30"
"3","VIC","Kooyong                         ",25,"Special Hospital Team 4                                         ","VMCH St Catherine's Aged Care","1 Clayton Rd","","","BALWYN","VIC","3103","-37.80545938","145.09587614",2114718,14688,"",28/04/2025,28/04/2025,"9:30","15:00"
"3","VIC","Lalor                           ",26,"Other Mobile Team 1                                             ","Koling Wada-Ngal Wunggurrwil Dhurrung Community Centre","19 Communal Rd","","","WYNDHAM VALE","VIC","3024","-37.87622539","144.62749515",2158904,122880,"",29/04/2025,29/04/2025,"9:30","13:00"
"3","VIC","Lalor                           ",26,"Special Hospital Team 1                                         ","Estia Health Werribee","8-10 Russell St","","","WERRIBEE","VIC","3030","-37.9083846977971","144.664930608369",2136811,106709,"",30/04/2025,30/04/2025,"10:00","14:30"
"3","VIC","Lalor                           ",26,"Special Hospital Team 1                                         ","Glendale Aged Care","265 Heaths Rd","","","WERRIBEE","VIC","3030","-37.8772103184478","144.677486079513",2146727,70762,"",28/04/2025,28/04/2025,"9:30","16:30"
"3","VIC","Lalor                           ",26,"Special Hospital Team 1                                         ","Glendale Aged Care","265 Heaths Rd","","","WERRIBEE","VIC","3030","-37.8772103184478","144.677486079513",2146727,70762,"",29/04/2025,29/04/2025,"9:30","14:30"
"3","VIC","Lalor                           ",26,"Special Hospital Team 1                                         ","Homestyle Sunset Views Manor ","142 Sunset Views Blvd ","","","TARNEIT","VIC","3029","-37.83610849381933","144.69571495091037",2158343,122873,"",22/04/2025,22/04/2025,"10:00","15:00"
"3","VIC","Lalor                           ",26,"Special Hospital Team 1                                         ","Manor Court Werribee Aged Care","5 Hogan Gr","","","WERRIBEE","VIC","3030","-37.8965034171783","144.656802421058",2146732,72617,"",23/04/2025,23/04/2025,"9:30","15:00"
"3","VIC","Lalor                           ",26,"Special Hospital Team 2                                         ","Mercy Place Wyndham","39 Deutgam St","","","WERRIBEE","VIC","3030","-37.9084526","144.6562619",2136817,72618,"",23/04/2025,23/04/2025,"10:00","14:30"
"3","VIC","Lalor                           ",26,"Special Hospital Team 2                                         ","St Vincent's Care Services Werribee","240 Hoppers La","","","WERRIBEE","VIC","3030","-37.88796","144.70087719",2136823,91634,"",22/04/2025,22/04/2025,"10:00","14:30"
"3","VIC","Lalor                           ",26,"Special Hospital Team 2                                         ","Uniting AgeWell Manor Lakes Community","15 Buffalo Cres"," ","","MANOR LAKES","VIC","3024","-37.8738161136661","144.606468432257",2157909,106711,"",28/04/2025,28/04/2025,"9:30","13:30"
"3","VIC","Lalor                           ",26,"Special Hospital Team 2                                         ","mecwacare John Atchison Centre","312-318 Derrimut Rd","","","HOPPERS CROSSING","VIC","3029","-37.857731","144.6869829",2136132,104546,"",30/04/2025,30/04/2025,"9:30","14:00"
"3","VIC","Lalor                           ",26,"Special Hospital Team 3                                         ","Werribee Mercy Hospital","300-310 Princes Hwy","","","WERRIBEE","VIC","3030","-37.8867341699254","144.698591034814",2136823,141759,"",24/04/2025,24/04/2025,"9:30","16:30"
"3","VIC","Lalor                           ",26,"Special Hospital Team 3                                         ","Werribee Mercy Hospital","300-310 Princes Hwy","","","WERRIBEE","VIC","3030","-37.8867341699254","144.698591034814",2136823,141759,"",28/04/2025,28/04/2025,"9:00","16:30"
"3","VIC","Lalor                           ",26,"Special Hospital Team 3                                         ","Werribee Mercy Hospital","300-310 Princes Hwy","","","WERRIBEE","VIC","3030","-37.8867341699254","144.698591034814",2136823,141759,"",29/04/2025,29/04/2025,"9:00","16:30"
"3","VIC","Lalor                           ",26,"Special Hospital Team 3                                         ","Werribee Mercy Hospital","300-310 Princes Hwy","","","WERRIBEE","VIC","3030","-37.8867341699254","144.698591034814",2136823,141759,"",30/04/2025,30/04/2025,"9:00","16:30"
"3","VIC","Lalor                           ",26,"Special Hospital Team 3                                         ","Werribee Mercy Hospital","300-310 Princes Hwy","","","WERRIBEE","VIC","3030","-37.8867341699254","144.698591034814",2136823,141759,"",01/05/2025,01/05/2025,"9:00","13:30"
"3","VIC","Lalor                           ",26,"Special Hospital Team 3                                         ","Werribee Mercy Hospital - Mental Health","298-310 Princes Hwy","","","WERRIBEE","VIC","3030","-37.90185852","144.66313991",2136807,141897,"",22/04/2025,22/04/2025,"10:00","16:30"
"3","VIC","Lalor                           ",26,"Special Hospital Team 3                                         ","Wyndham Clinic","242A Hoppers La","","","WERRIBEE","VIC","3030","-37.88701979","144.7007919",2136823,141894,"",23/04/2025,23/04/2025,"9:30","16:30"
"3","VIC","La Trobe                        ",27,"Special Hospital Team 1                                         ","Cardinia Community Aged Care","20A Tivendale Rd","","","OFFICER","VIC","3809","-38.05867187","145.41052583",2154641,126301,"",29/04/2025,29/04/2025,"9:30","14:00"
"3","VIC","La Trobe                        ",27,"Special Hospital Team 1                                         ","Lifeview Emerald Glades","15 Emerald-Monbulk Rd","","","EMERALD","VIC","3782","-37.925957","145.442624",2128904,89367,"",22/04/2025,22/04/2025,"10:30","14:30"
"3","VIC","La Trobe                        ",27,"Special Hospital Team 1                                         ","Menarock LIFE McGregor Gardens","11 McGregor Rd","","","PAKENHAM","VIC","3810","-38.075788","145.475168",2155220,41957,"",28/04/2025,28/04/2025,"10:00","15:30"
"3","VIC","La Trobe                        ",27,"Special Hospital Team 1                                         ","Menarock LIFE Salisbury House","5-9 Salisbury Rd","","","BEACONSFIELD UPPER","VIC","3808","-38.00568","145.4114",2128930,122940,"",23/04/2025,23/04/2025,"10:00","13:30"
"3","VIC","La Trobe                        ",27,"Special Hospital Team 2                                         ","Bloom By Luson Aged Care","61 Laker Blvd","","","CLYDE NORTH","VIC","3978","-38.0895","145.3436",2155524,122943,"",22/04/2025,22/04/2025,"10:00","15:00"
"3","VIC","La Trobe                        ",27,"Special Hospital Team 2                                         ","Hillview Bunyip Aged Care","22 A'Beckett Rd","","","BUNYIP","VIC","3815","-38.0962254524464","145.725267602402",2154707,126302,"",24/04/2025,24/04/2025,"10:00","16:00"
"3","VIC","La Trobe                        ",27,"Special Hospital Team 2                                         ","Koo Wee Rup Regional Health Service Killara Hostel","215-235 Rossiter Rd","","","KOO WEE RUP","VIC","3981","-38.2013","145.485",2154821,126303,"",28/04/2025,28/04/2025,"9:30","12:00"
"3","VIC","La Trobe                        ",27,"Special Hospital Team 2                                         ","Millhaven Lodge","52-64 Princes Hwy","","","PAKENHAM","VIC","3810","-38.072374","145.480334",2155101,35104,"",23/04/2025,23/04/2025,"10:00","15:30"
"3","VIC","La Trobe                        ",27,"Special Hospital Team 2                                         ","VMCH Shanagolden Aged Care","153-177 Webster Way","","","PAKENHAM","VIC","3810","-38.086708554542","145.473796257444",2155209,71064,"",29/04/2025,29/04/2025,"9:30","15:00"
"3","VIC","McEwen                          ",28,"Special Hospital Team 1                                         ","Bupa Woodend","2 Sullivans Rd","","","WOODEND","VIC","3442","-37.3630256357558","144.535490008392",2103116,69502,"",24/04/2025,24/04/2025,"13:00","16:30"
"3","VIC","McEwen                          ",28,"Special Hospital Team 1                                         ","The Oaks Nursing Home","8 Neal St","","","GISBORNE","VIC","3437","-37.485812","144.584764",2123230,69607,"",23/04/2025,23/04/2025,"14:30","17:00"
"3","VIC","McEwen                          ",28,"Special Hospital Team 1                                         ","Whittlesea Lodge","30-32 Fir St","","","WHITTLESEA","VIC","3757","-37.5089752160284","145.116266193336",2122518,69615,"",29/04/2025,29/04/2025,"9:30","12:30"
"3","VIC","McEwen                          ",28,"Special Hospital Team 2                                         ","Aurrum Plenty","321 Diamond Creek Rd","","","PLENTY","VIC","3090","-37.677137197703","145.125327083455",2121302,104587,"",29/04/2025,29/04/2025,"10:00","15:00"
"3","VIC","McEwen                          ",28,"Special Hospital Team 2                                         ","Diamond Creek Care Community","203 Broad Gully Rd","","","DIAMOND CREEK","VIC","3089","-37.6642692","145.16138236",2121530,121935,"",24/04/2025,24/04/2025,"12:30","15:30"
"3","VIC","McEwen                          ",28,"Special Hospital Team 2                                         ","Estia Health Wattle Glen","45 Silvan Rd","","","WATTLE GLEN","VIC","3096","-37.65404454","145.1940831",2121532,121936,"",28/04/2025,28/04/2025,"14:00","16:00"
"3","VIC","McEwen                          ",28,"Special Hospital Team 2                                         ","Kilara House","124 Main Hurstbridge Rd","","","DIAMOND CREEK","VIC","3089","-37.67533469","145.16469666",2121518,121938,"",28/04/2025,28/04/2025,"9:30","11:30"
"3","VIC","McEwen                          ",28,"Special Hospital Team 2                                         ","Sunlight Aged Care","43 Laurel St","","","WHITTLESEA","VIC","3757","-37.5146607162105","145.118390882354",2122507,69614,"",22/04/2025,22/04/2025,"10:00","15:30"
"3","VIC","McEwen                          ",28,"Special Hospital Team 2                                         ","Sunlight Aged Care","43 Laurel St","","","WHITTLESEA","VIC","3757","-37.5146607162105","145.118390882354",2122507,69614,"",30/04/2025,30/04/2025,"10:00","15:30"
"3","VIC","Macnamara                       ",29,"Special Hospital Team 1                                         ","Arcare Caulfield","141 Kooyong Rd","","","CAULFIELD NORTH","VIC","3161","-37.873865","145.016789",2117740,89355,"",23/04/2025,23/04/2025,"9:30","15:30"
"3","VIC","Macnamara                       ",29,"Special Hospital Team 1                                         ","Emmy Monash Aged Care","518-526 Dandenong Rd","","","CAULFIELD NORTH","VIC","3161","-37.8662223920835","145.026595319911",2117741,34473,"",29/04/2025,29/04/2025,"9:30","15:00"
"3","VIC","Macnamara                       ",29,"Special Hospital Team 1                                         ","Gary Smorgon House","4-8 Freeman St","","","CAULFIELD","VIC","3162","-37.8867312924433","145.029989117081",2117818,123120,"",30/04/2025,30/04/2025,"9:30","15:30"
"3","VIC","Macnamara                       ",29,"Special Hospital Team 1                                         ","Sacred Heart Community","101 Grey St","","","ST KILDA","VIC","3182","-37.86352633","144.98078864",2151403,123117,"",22/04/2025,22/04/2025,"9:30","15:00"
"3","VIC","Macnamara                       ",29,"Special Hospital Team 1                                         ","Sacred Heart Mission - Drop in Centre","87 Grey St","","","ST KILDA","VIC","3182","-37.8627415488731","144.980054868386",2151402,141917,"",28/04/2025,28/04/2025,"9:30","11:30"
"3","VIC","Macnamara                       ",29,"Special Hospital Team 1                                         ","The Alba Care Suites","114-124 Albert Rd","","","SOUTH MELBOURNE","VIC","3205","-37.83551869282983","144.97001119325404",2151221,126243,"",24/04/2025,24/04/2025,"9:30","15:30"
"3","VIC","Macnamara                       ",29,"Special Hospital Team 2                                         ","(CaSPA Care) Emerald Hill Residence","203 Napier St","","","SOUTH MELBOURNE","VIC","3205","-37.8369881273889","144.960683194555",2151205,121944,"",22/04/2025,22/04/2025,"9:30","17:00"
"3","VIC","Macnamara                       ",29,"Special Hospital Team 2                                         ","Acland Grange Aged Care","166 Barkly St","","","ST KILDA","VIC","3182","-37.867533564","144.9813542",2151303,123116,"",30/04/2025,30/04/2025,"9:30","10:30"
"3","VIC","Macnamara                       ",29,"Special Hospital Team 2                                         ","Caulfield Horizons Care Community","6-8 Northcote Ave","","","CAULFIELD NORTH","VIC","3161","-37.87681823","145.02453039",2117730,121946,"",29/04/2025,29/04/2025,"9:30","11:30"
"3","VIC","Macnamara                       ",29,"Special Hospital Team 2                                         ","Launch Housing","52 Haig St","","","SOUTHBANK","VIC","3006","-37.827259717038","144.956429586351",2150806,141924,"",01/05/2025,01/05/2025,"9:30","16:30"
"3","VIC","Macnamara                       ",29,"Special Hospital Team 2                                         ","Napier Street Aged Care Services","179-197 Napier St","","","SOUTH MELBOURNE","VIC","3205","-37.8369457974481","144.961552334408",2151205,121945,"",28/04/2025,28/04/2025,"9:30","11:30"
"3","VIC","Macnamara                       ",29,"Special Hospital Team 2                                         ","Southport Community Residential Home","18-30 Richardson St","","","ALBERT PARK","VIC","3206","-37.8423217","144.94835959",2112810,123115,"",24/04/2025,24/04/2025,"9:30","11:00"
"3","VIC","Macnamara                       ",29,"Special Hospital Team 3                                         ","Bupa Windsor","102-104 Union St","","","WINDSOR","VIC","3181","-37.854365","144.988619",2113629,71153,"",29/04/2025,29/04/2025,"9:30","11:30"
"3","VIC","Macnamara                       ",29,"Special Hospital Team 3                                         ","HammondCare The Glens ","294 Kooyong Rd","","","CAULFIELD","VIC","3162","-37.8843885","145.01548094",2117843,123121,"",23/04/2025,23/04/2025,"9:30","16:30"
"3","VIC","Macnamara                       ",29,"Special Hospital Team 3                                         ","HammondCare The Glens ","294 Kooyong Rd","","","CAULFIELD","VIC","3162","-37.8843885","145.01548094",2117843,123121,"",24/04/2025,24/04/2025,"9:30","16:30"
"3","VIC","Macnamara                       ",29,"Special Hospital Team 3                                         ","Mecwacare Jubilee House","52 Northcote Ave","","","CAULFIELD NORTH","VIC","3161","-37.87802732","145.02942811",2117730,123119,"",28/04/2025,28/04/2025,"9:30","12:00"
"3","VIC","Macnamara                       ",29,"Special Hospital Team 3                                         ","Wintringham Hostel - Port Melbourne","79 Swallow St","","","PORT MELBOURNE","VIC","3207","-37.837881","144.932975",2113029,123118,"",22/04/2025,22/04/2025,"9:30","13:00"
"3","VIC","Mallee                          ",30,"Other Mobile Team 1                                             ","Mallee District Aboriginal Services - Kerang","9 Nolan St","","","KERANG","VIC","3579","-35.73418","143.91766",2140202,125559,"",24/04/2025,24/04/2025,"10:00","14:00"
"3","VIC","Mallee                          ",30,"Other Mobile Team 1                                             ","Mallee District Aboriginal Services - Swan Hill","70 Nyah Rd","","","SWAN HILL","VIC","3585","-35.3326630095573","143.555319380515",2140407,124828,"",23/04/2025,23/04/2025,"10:00","14:00"
"3","VIC","Mallee                          ",30,"Other Mobile Team 1                                             ","Mallee District Aboriginal Services Limited","120 Madden Ave","","","MILDURA","VIC","3500","-34.1888679690339","142.160675198448",2146912,124830,"",28/04/2025,28/04/2025,"10:00","14:00"
"3","VIC","Mallee                          ",30,"Other Mobile Team 1                                             ","Murray Valley Aboriginal Co-operative","87 Latje Rd","","","ROBINVALE","VIC","3549","-34.5823","142.77982",2140302,123754,"",22/04/2025,22/04/2025,"10:00","14:30"
"3","VIC","Mallee                          ",30,"Special Hospital Team 1                                         ","Archie Gray Nursing Home","7 Roache St","","","KANIVA","VIC","3419","-36.38096","141.24607",2139015,123082,"",24/04/2025,24/04/2025,"10:00","11:00"
"3","VIC","Mallee                          ",30,"Special Hospital Team 1                                         ","Avonlea Hostel ","68-72 Macpherson St","","","NHILL","VIC","3418","-36.3350590647719","141.655677991862",2139019,14428,"",22/04/2025,22/04/2025,"10:00","11:30"
"3","VIC","Mallee                          ",30,"Special Hospital Team 1                                         ","Iona Digby Harris Home","51 Nelson St","","","NHILL","VIC","3418","-36.3338648747735","141.655844091934",2139019,72524,"",23/04/2025,23/04/2025,"10:00","11:30"
"3","VIC","Mallee                          ",30,"Special Hospital Team 1                                         ","Kowree Nursing Home","107 Lake St","","","EDENHOPE","VIC","3318","-37.0349677293886","141.28947728576",2139310,14435,"",29/04/2025,29/04/2025,"13:30","15:00"
"3","VIC","Mallee                          ",30,"Special Hospital Team 1                                         ","Lakes Hostel","107 Lake St"," ","","EDENHOPE","VIC","3318","-37.03494","141.28919",2139310,123076,"",29/04/2025,29/04/2025,"9:30","11:30"
"3","VIC","Mallee                          ",30,"Special Hospital Team 1                                         ","Sunnyside Lutheran Retirement Village","6 Trinity Dr","","","HORSHAM","VIC","3400","-36.7090194","142.2157967",2138807,72508,"",28/04/2025,28/04/2025,"9:30","13:00"
"3","VIC","Mallee                          ",30,"Special Hospital Team 2                                         ","Hopetoun Nursing Home And Hostel","12 Mitchell Pl","","","HOPETOUN","VIC","3396","-35.732542","142.366904",2139421,14454,"",22/04/2025,22/04/2025,"11:00","12:30"
"3","VIC","Mallee                          ",30,"Special Hospital Team 2                                         ","Jeparit and District Nursing Home","2 Charles St","","","JEPARIT","VIC","3423","-36.1409883817458","141.984736913508",2139017,72510,"",24/04/2025,24/04/2025,"10:30","11:30"
"3","VIC","Mallee                          ",30,"Special Hospital Team 2                                         ","Rural Northwest Health Yarriambiack Residential Aged Care","18 Dimboola Rd","","","WARRACKNABEAL","VIC","3393","-36.2524876250191","142.38206334803",2139405,14448,"",23/04/2025,23/04/2025,"10:00","13:00"
"3","VIC","Mallee                          ",30,"Special Hospital Team 2                                         ","Wimmera Nursing Home","1-9 Robinson St","","","HORSHAM","VIC","3400","-36.7117749","142.192395",2138834,63240,"",28/04/2025,28/04/2025,"10:00","12:00"
"3","VIC","Mallee                          ",30,"Special Hospital Team 3                                         ","Dimboola Care Community","32-36 Anderson St","","","DIMBOOLA","VIC","3414","-36.4500285258625","142.02347673062",2139023,137165,"",28/04/2025,28/04/2025,"14:30","15:30"
"3","VIC","Mallee                          ",30,"Special Hospital Team 3                                         ","Dunmunkle Lodge","1 McLeod St","","","MINYIP","VIC","3392","-36.4572032","142.5910632",2139409,14433,"",22/04/2025,22/04/2025,"13:00","14:30"
"3","VIC","Mallee                          ",30,"Special Hospital Team 3                                         ","Eventide Homes Stawell Residential Care","111 Patrick St","","","STAWELL","VIC","3380","-37.063898","142.791874",2139225,13352,"",24/04/2025,24/04/2025,"9:30","14:30"
"3","VIC","Mallee                          ",30,"Special Hospital Team 3                                         ","Johnson-Goodwin Memorial Homes","20-22 Camp St","","","DONALD","VIC","3480","-36.3708281608366","142.977776488486",2140013,14459,"",23/04/2025,23/04/2025,"12:30","14:30"
"3","VIC","Mallee                          ",30,"Special Hospital Team 3                                         ","Kurrajong Lodge","2 Arnott St","","","HORSHAM","VIC","3400","-36.7140298","142.2072607",2138834,38931,"",28/04/2025,28/04/2025,"10:30","12:30"
"3","VIC","Mallee                          ",30,"Special Hospital Team 3                                         ","Macpherson Smith Residential Care","37 Sloane St","","","STAWELL","VIC","3380","-37.0596864033222","142.779547028414",2139223,72532,"",29/04/2025,29/04/2025,"9:30","11:00"
"3","VIC","Mallee                          ",30,"Special Hospital Team 3                                         ","Riverview Aged Care","1A Aitken Ave","","","DONALD","VIC","3480","-36.3664668507258","142.976391689117",2140013,72503,"",23/04/2025,23/04/2025,"9:30","10:30"
"3","VIC","Mallee                          ",30,"Special Hospital Team 3                                         ","Rupanyup District Nursing Home","89 Cromie St","","","RUPANYUP","VIC","3388","-36.6366528319691","142.631913502073",2139412,72529,"",22/04/2025,22/04/2025,"9:30","10:30"
"3","VIC","Mallee                          ",30,"Special Hospital Team 4                                         ","Avoca Nursing Home and Hostel","10 Templeton St","","","AVOCA","VIC","3467","-37.0917398653839","143.468681887856",2101306,69764,"",28/04/2025,28/04/2025,"10:00","11:30"
"3","VIC","Mallee                          ",30,"Special Hospital Team 4                                         ","Dunolly Nursing Home","12 Havelock St","","","DUNOLLY","VIC","3472","-36.8565298","143.73539844",2101705,123077,"",23/04/2025,23/04/2025,"14:30","15:30"
"3","VIC","Mallee                          ",30,"Special Hospital Team 4                                         ","Havilah Hostel","11 Harkness St","","","MARYBOROUGH","VIC","3465","-37.0382508723111","143.743825426291",2101613,32657,"",24/04/2025,24/04/2025,"9:30","13:30"
"3","VIC","Mallee                          ",30,"Special Hospital Team 4                                         ","Havilah on Palmerston","36 Raglan St","","","MARYBOROUGH","VIC","3465","-37.0450937717523","143.734318547232",2101618,134703,"",24/04/2025,24/04/2025,"14:30","16:00"
"3","VIC","Mallee                          ",30,"Special Hospital Team 4                                         ","Inglewood & District Nursing Home And Hostel","3 Hospital St","","","INGLEWOOD","VIC","3517","-36.5727357","143.8735628",2103301,13758,"",23/04/2025,23/04/2025,"10:00","12:00"
"3","VIC","Mallee                          ",30,"Special Hospital Team 4                                         ","Kara Court Nursing Home","52 North Western Rd","","","ST ARNAUD","VIC","3478","-36.60954576867","143.246854051389",2139109,72531,"",22/04/2025,22/04/2025,"10:00","11:30"
"3","VIC","Mallee                          ",30,"Special Hospital Team 4                                         ","Princes Park Lodge","238 High St","","","MARYBOROUGH","VIC","3465","-37.0449110821164","143.74009047627",2101615,69754,"",29/04/2025,29/04/2025,"9:30","11:00"
"3","VIC","Mallee                          ",30,"Special Hospital Team 4                                         ","Respect Aged Care - Coates ","1 James St","","","ST ARNAUD","VIC","3478","-36.6086494","143.2467048",2139110,32248,"",28/04/2025,28/04/2025,"14:00","15:30"
"3","VIC","Mallee                          ",30,"Special Hospital Team 4                                         ","Wattle Rise","Cnr Palmerston & Nightingale St","","","MARYBOROUGH","VIC","3465","-37.0451470520158","143.73847758652",2101615,13766,"",29/04/2025,29/04/2025,"13:00","14:30"
"3","VIC","Mallee                          ",30,"Special Hospital Team 5                                         ","Bupa Aged Care Mildura","514 Deakin Ave","","","MILDURA","VIC","3500","-34.2093423876526","142.133855760885",2147020,71161,"",29/04/2025,29/04/2025,"10:00","15:30"
"3","VIC","Mallee                          ",30,"Special Hospital Team 5                                         ","Chaffey Aged Care","2 Main Ave Nth","","","MERBEIN","VIC","3505","-34.1650949","142.0586212",2139608,50231,"",30/04/2025,30/04/2025,"9:30","13:30"
"3","VIC","Mallee                          ",30,"Special Hospital Team 5                                         ","Jacaranda Village","4-8 Calotis St"," ","","RED CLIFFS","VIC","3496","-34.3149216913939","142.187648013944",2139904,14424,"",22/04/2025,22/04/2025,"13:30","16:30"
"3","VIC","Mallee                          ",30,"Special Hospital Team 5                                         ","Oasis Aged Care","1039 Karadoc Ave","","","IRYMPLE","VIC","3498","-34.2350183893664","142.161165774587",2139523,34927,"",28/04/2025,28/04/2025,"10:00","11:30"
"3","VIC","Mallee                          ",30,"Special Hospital Team 5                                         ","Pattinson House Hostel","63 Hughes St","","","OUYEN","VIC","3490","-35.0714235943147","142.327452068845",2139810,32251,"",24/04/2025,24/04/2025,"10:00","11:00"
"3","VIC","Mallee                          ",30,"Special Hospital Team 5                                         ","Princes Court Homes","27-29 Princes St","","","MILDURA","VIC","3500","-34.1920184983927","142.148974939984",2146934,33869,"",28/04/2025,28/04/2025,"13:00","17:00"
"3","VIC","Mallee                          ",30,"Special Hospital Team 5                                         ","Regis Ontario","382-404 Ontario Ave","","","MILDURA","VIC","3500","-34.1949206174052","142.131161442478",2147016,34926,"",23/04/2025,23/04/2025,"10:00","14:00"
"3","VIC","Mallee                          ",30,"Special Hospital Team 5                                         ","Regis Sunraysia","253-255 Tenth St","","","MILDURA","VIC","3500","-34.1792364882682","142.148265221139",2146910,72519,"",24/04/2025,24/04/2025,"13:30","16:30"
"3","VIC","Mallee                          ",30,"Special Hospital Team 5                                         ","Riverside Hostel","39 Latje Rd","","","ROBINVALE","VIC","3549","-34.582101","142.774426",2140304,136874,"",22/04/2025,22/04/2025,"9:30","11:00"
"3","VIC","Mallee                          ",30,"Special Hospital Team 6                                         ","Alcheringa Residential Care","2-14 Boree Dr","","","SWAN HILL","VIC","3585","-35.3366938682094","143.533296973647",2140420,34925,"",30/04/2025,30/04/2025,"9:30","15:00"
"3","VIC","Mallee                          ",30,"Special Hospital Team 6                                         ","Baptcare Northaven Community Aged Care","84-86 Shadforth St","","","KERANG","VIC","3579","-35.7263636948425","143.914967495639",2140213,14401,"",22/04/2025,22/04/2025,"9:30","12:00"
"3","VIC","Mallee                          ",30,"Special Hospital Team 6                                         ","Birchip Nursing Home","26 Duncan St","","","BIRCHIP","VIC","3483","-35.97776","142.92116",2140018,123080,"",24/04/2025,24/04/2025,"13:30","15:00"
"3","VIC","Mallee                          ",30,"Special Hospital Team 6                                         ","Boort District Health Nursing Home ","31 Kiniry St","","","BOORT","VIC","3537","-36.111748","143.727371",2103315,14394,"",23/04/2025,23/04/2025,"14:00","15:30"
"3","VIC","Mallee                          ",30,"Special Hospital Team 6                                         ","Glenarm Nursing Home","13-15 Burgoyne St","","","KERANG","VIC","3579","-35.724815784957","143.916915345474",2140213,14400,"",22/04/2025,22/04/2025,"14:00","16:00"
"3","VIC","Mallee                          ",30,"Special Hospital Team 6                                         ","Grandview Lodge","19 Grandview St","","","WYCHEPROOF","VIC","3527","-36.0792352845172","143.234007953103",2140006,14477,"",24/04/2025,24/04/2025,"9:30","11:00"
"3","VIC","Mallee                          ",30,"Special Hospital Team 6                                         ","Hope Aged Care Swan Hill","39 Acacia St","","","SWAN HILL","VIC","3585","-35.34391","143.52531",2140420,123079,"",29/04/2025,29/04/2025,"9:00","12:30"
"3","VIC","Mallee                          ",30,"Special Hospital Team 6                                         ","Logan Lodge","29 High St","","","SWAN HILL","VIC","3585","-35.3411391397132","143.55693108947",2140401,72533,"",29/04/2025,29/04/2025,"14:00","16:00"
"3","VIC","Mallee                          ",30,"Special Hospital Team 6                                         ","Mallee Track - Sea Lake MPS","33-43 McClelland Ave","","","SEA LAKE","VIC","3533","-35.5008693180908","142.857722216824",2140015,14465,"",28/04/2025,28/04/2025,"14:00","15:00"
"3","VIC","Mallee                          ",30,"Special Hospital Team 6                                         ","Respect Cohuna Village","38 Augustine St","","","COHUNA","VIC","3568","-35.800136764716","144.215356509975",2140121,14398,"",23/04/2025,23/04/2025,"9:30","11:30"
"3","VIC","Mallee                          ",30,"Special Hospital Team 6                                         ","Swan Hill District Health - Nyah Campus Jacaranda Lodge","5 Monash Ave","","","NYAH WEST","VIC","3595","-35.1857432662164","143.35568522577",2140517,34924,"",28/04/2025,28/04/2025,"9:30","11:00"
"3","VIC","Maribyrnong                     ",31,"Special Hospital Team 1                                         ","Arcare Essendon","33-35 Raleigh St","","","ESSENDON","VIC","3040","-37.75363274","144.92242481",2150203,123098,"",22/04/2025,22/04/2025,"10:30","14:30"
"3","VIC","Maribyrnong                     ",31,"Special Hospital Team 1                                         ","Arcare Essendon","33-35 Raleigh St","","","ESSENDON","VIC","3040","-37.75363274","144.92242481",2150203,123098,"",23/04/2025,23/04/2025,"10:00","13:30"
"3","VIC","Maribyrnong                     ",31,"Special Hospital Team 1                                         ","BlueCross Riverlea","57 Intervale Dr","","","AVONDALE HEIGHTS","VIC","3034","-37.7527368295928","144.853905962202",2153329,105533,"",24/04/2025,24/04/2025,"10:00","12:00"
"3","VIC","Maribyrnong                     ",31,"Special Hospital Team 1                                         ","Churches of Christ Arcadia Aged Care Service ","120 McCracken St","","","ESSENDON","VIC","3040","-37.742972","144.90515",2150109,72558,"",28/04/2025,28/04/2025,"10:30","14:00"
"3","VIC","Maribyrnong                     ",31,"Special Hospital Team 1                                         ","Churches of Christ Arcadia Aged Care Service ","120 McCracken St","","","ESSENDON","VIC","3040","-37.742972","144.90515",2150109,72558,"",29/04/2025,29/04/2025,"10:00","13:30"
"3","VIC","Maribyrnong                     ",31,"Special Hospital Team 1                                         ","Corandirk House","74A Maribyrnong Rd","","","MOONEE PONDS","VIC","3039","-37.772035","144.921481",2111626,126276,"",30/04/2025,30/04/2025,"9:30","13:00"
"3","VIC","Maribyrnong                     ",31,"Special Hospital Team 1                                         ","Mekong Vietnamese Aged Care","8 Trott Pl","","","KEILOR EAST","VIC","3033","-37.7361142","144.85729224",2153424,141888,"",24/04/2025,24/04/2025,"14:30","16:00"
"3","VIC","Maribyrnong                     ",31,"Special Hospital Team 1                                         ","Villa Del Sole","73 William St","","","GLENROY","VIC","3046","-37.70537122","144.90777496",2153604,123096,"",01/05/2025,01/05/2025,"10:00","14:00"
"3","VIC","Maribyrnong                     ",31,"Special Hospital Team 2                                         ","CraigCare Moonee Ponds","88 Holmes Rd","","","MOONEE PONDS","VIC","3039","-37.7652250336145","144.911891910802",2111631,72559,"",22/04/2025,22/04/2025,"10:30","14:00"
"3","VIC","Maribyrnong                     ",31,"Special Hospital Team 2                                         ","CraigCare Moonee Ponds","88 Holmes Rd","","","MOONEE PONDS","VIC","3039","-37.7652250336145","144.911891910802",2111631,72559,"",23/04/2025,23/04/2025,"10:00","13:30"
"3","VIC","Maribyrnong                     ",31,"Special Hospital Team 2                                         ","Doutta Galla Avondale Heights Aged Care Facility","120 North Rd","","","AVONDALE HEIGHTS","VIC","3034","-37.7572636194934","144.85202759204",2153325,72572,"",01/05/2025,01/05/2025,"10:00","14:30"
"3","VIC","Maribyrnong                     ",31,"Special Hospital Team 2                                         ","Doutta Galla Lynch's Bridge Aged Care Facility","44 Market St","","","KENSINGTON","VIC","3031","-37.7898694347797","144.92674192556",2112113,70156,"",24/04/2025,24/04/2025,"10:00","15:30"
"3","VIC","Maribyrnong                     ",31,"Special Hospital Team 2                                         ","Doutta Galla Queens Park Aged Care Facility","13 The Strand","","","MOONEE PONDS","VIC","3039","-37.7599975044255","144.924265419223",2111602,72573,"",28/04/2025,28/04/2025,"10:30","14:00"
"3","VIC","Maribyrnong                     ",31,"Special Hospital Team 2                                         ","Holloway Aged Care Services","1 Rotary Dr","","","KEILOR EAST","VIC","3033","-37.7477208900856","144.861619301406",2153403,105534,"",29/04/2025,29/04/2025,"10:00","15:00"
"3","VIC","Maribyrnong                     ",31,"Special Hospital Team 2                                         ","Holloway Aged Care Services","1 Rotary Dr","","","KEILOR EAST","VIC","3033","-37.7477208900856","144.861619301406",2153403,105534,"",30/04/2025,30/04/2025,"10:00","14:00"
"3","VIC","Maribyrnong                     ",31,"Special Hospital Team 3                                         ","Hope Aged Care Gladstone Park","14 South Circular Rd","","","GLADSTONE PARK","VIC","3043","-37.6869736813775","144.8861739337",2124525,72628,"",22/04/2025,22/04/2025,"10:30","14:30"
"3","VIC","Maribyrnong                     ",31,"Special Hospital Team 3                                         ","Hope Aged Care Gladstone Park","14 South Circular Rd","","","GLADSTONE PARK","VIC","3043","-37.6869736813775","144.8861739337",2124525,72628,"",23/04/2025,23/04/2025,"10:00","14:30"
"3","VIC","Maribyrnong                     ",31,"Special Hospital Team 3                                         ","Keilor East Manor Care Community ","188A Sterling Dr","","","KEILOR EAST","VIC","3033","-37.74490563","144.84905537",2153430,123107,"",01/05/2025,01/05/2025,"10:00","12:30"
"3","VIC","Maribyrnong                     ",31,"Special Hospital Team 3                                         ","Raelene Boyle Retirement Village","2 Vida St","","","ABERFELDIE","VIC","3040","-37.75555887","144.89846853",2150120,123223,"",30/04/2025,30/04/2025,"10:00","14:00"
"3","VIC","Maribyrnong                     ",31,"Special Hospital Team 3                                         ","Wintringham McLean Lodge Flemington","1 Little Princes St","","","TRAVANCORE","VIC","3032","-37.78322201","144.9361569",2111522,123108,"",28/04/2025,28/04/2025,"10:30","12:00"
"3","VIC","Maribyrnong                     ",31,"Special Hospital Team 3                                         ","Wintringham Ron Conn Nursing Home","33 Westminster Dr","","","AVONDALE HEIGHTS","VIC","3034","-37.7651207400476","144.859471589903",2153311,105535,"",29/04/2025,29/04/2025,"13:00","15:30"
"3","VIC","Maribyrnong                     ",31,"Special Hospital Team 4                                         ","Benetas Colton Close","1-19 York St","","","GLENROY","VIC","3046","-37.705451","144.910476",2153605,72844,"",28/04/2025,28/04/2025,"10:00","17:00"
"3","VIC","Maribyrnong                     ",31,"Special Hospital Team 4                                         ","Benetas Gladswood Lodge","15 Waxman Pde","","","BRUNSWICK WEST","VIC","3055","-37.75866","144.93443",2110715,72578,"",30/04/2025,30/04/2025,"10:00","13:00"
"3","VIC","Maribyrnong                     ",31,"Special Hospital Team 4                                         ","Cyril Jewell House","68 Hassett Cres","","","KEILOR EAST","VIC","3033","-37.7372283","144.85756744",2153424,123109,"",23/04/2025,23/04/2025,"10:00","13:00"
"3","VIC","Maribyrnong                     ",31,"Special Hospital Team 4                                         ","Embracia Moonee Valley","76-86 North Rd","","","AVONDALE HEIGHTS","VIC","3034","-37.75533995","144.8554162",2153325,122893,"",24/04/2025,24/04/2025,"10:00","14:00"
"3","VIC","Maribyrnong                     ",31,"Special Hospital Team 4                                         ","Essendon Private Clinic","35 Rosehill Rd","","","ESSENDON WEST","VIC","3040","-37.74846709","144.88538144",2123011,141887,"",22/04/2025,22/04/2025,"10:30","13:00"
"3","VIC","Maribyrnong                     ",31,"Special Hospital Team 4                                         ","Glenville Lodge","36 Lytton St","","","GLENROY","VIC","3046","-37.70668783","144.91093696",2153607,141892,"",24/04/2025,24/04/2025,"15:30","16:30"
"3","VIC","Maribyrnong                     ",31,"Special Hospital Team 4                                         ","Mecwacare Gregory Lodge","2-58 Newmarket St","","","FLEMINGTON","VIC","3031","-37.787048","144.927156",2111514,89732,"",29/04/2025,29/04/2025,"10:00","14:30"
"3","VIC","Maribyrnong                     ",31,"Special Hospital Team 4                                         ","Trevi Court Aged Care","95 Bulla Rd","","","ESSENDON NORTH","VIC","3041","-37.736465","144.904165",2150107,123102,"",01/05/2025,01/05/2025,"10:00","14:00"
"3","VIC","Melbourne                       ",32,"Other Mobile Team 1                                             ","Melbourne Assessment Prison","317-353 Spencer St","","","WEST MELBOURNE","VIC","3003","-37.8126711865728","144.950942828887",2151013,123809,"",23/04/2025,23/04/2025,"9:30","14:30"
"3","VIC","Melbourne                       ",32,"Other Mobile Team 1                                             ","Melbourne Assessment Prison","317-353 Spencer St","","","WEST MELBOURNE","VIC","3003","-37.8126711865728","144.950942828887",2151013,123809,"",24/04/2025,24/04/2025,"9:30","14:30"
"3","VIC","Melbourne                       ",32,"Other Mobile Team 1                                             ","Salvation Army - Flagstaff","9 Roden St","","","WEST MELBOURNE","VIC","3003","-37.80610683","144.95043685",2151009,124831,"",28/04/2025,28/04/2025,"9:30","15:00"
"3","VIC","Melbourne                       ",32,"Other Mobile Team 1                                             ","Salvation Army Bourke St","69 Bourke St","","","MELBOURNE","VIC","3000","-37.8120534979644","144.971361785409",2150315,143446,"",29/04/2025,29/04/2025,"9:30","13:30"
"3","VIC","Melbourne                       ",32,"Other Mobile Team 1                                             ","Salvation Army Bourke St","69 Bourke St","","","MELBOURNE","VIC","3000","-37.8120534979644","144.971361785409",2150315,143446,"",30/04/2025,30/04/2025,"9:30","13:30"
"3","VIC","Melbourne                       ",32,"Other Mobile Team 1                                             ","Salvation Army Open Door","166 Boundary Rd","","","NORTH MELBOURNE","VIC","3051","-37.7900928356902","144.940066943224",2150608,124827,"",22/04/2025,22/04/2025,"9:30","11:30"
"3","VIC","Melbourne                       ",32,"Special Hospital Team 1                                         ","Mecwacare Trescowthick Centre","70 Charles St","","","PRAHRAN","VIC","3181","-37.848306","144.98953",2113618,35095,"",01/05/2025,01/05/2025,"9:30","11:30"
"3","VIC","Melbourne                       ",32,"Special Hospital Team 1                                         ","Mercy Place East Melbourne","22 Verona La","","","EAST MELBOURNE","VIC","3002","-37.8123724788432","144.984179083149",2111908,123129,"",30/04/2025,30/04/2025,"9:30","16:30"
"3","VIC","Melbourne                       ",32,"Special Hospital Team 1                                         ","Royal Freemasons Home Coppin Centre","45 Moubray St","","","MELBOURNE","VIC","3004","-37.847613","144.983395",2112515,36291,"",23/04/2025,23/04/2025,"9:30","16:00"
"3","VIC","Melbourne                       ",32,"Special Hospital Team 1                                         ","Royal Freemasons Home Coppin Centre","45 Moubray St","","","MELBOURNE","VIC","3004","-37.847613","144.983395",2112515,36291,"",24/04/2025,24/04/2025,"9:30","15:30"
"3","VIC","Melbourne                       ",32,"Special Hospital Team 1                                         ","The Melbourne Clinic","130 Church St","","","RICHMOND","VIC","3121","-37.814693","144.998969",2151808,141925,"",22/04/2025,22/04/2025,"9:30","16:00"
"3","VIC","Melbourne                       ",32,"Special Hospital Team 1                                         ","VMCH O'Neill","101 Lewisham Rd North","","","PRAHRAN","VIC","3181","-37.85099197","144.99940869",2113612,123149,"",29/04/2025,29/04/2025,"9:30","12:30"
"3","VIC","Melbourne                       ",32,"Special Hospital Team 2                                         ","Anglicare St Marks Community Centre","250 George St","","","FITZROY","VIC","3065","-37.8018266386036","144.981632524737",2114219,141931,"",01/05/2025,01/05/2025,"9:30","12:00"
"3","VIC","Melbourne                       ",32,"Special Hospital Team 2                                         ","Australian Unity Rathdowne Place Aged Care","497-513 Rathdowne St","","","CARLTON","VIC","3053","-37.7935903","144.97091248",2111739,123128,"",29/04/2025,29/04/2025,"9:30","17:00"
"3","VIC","Melbourne                       ",32,"Special Hospital Team 2                                         ","Frontyard Youth Services (operated by Melbourne City Mission)","19 King St","","","MELBOURNE","VIC","3000","-37.81992281","144.9570824",2150506,141929,"",24/04/2025,24/04/2025,"9:30","15:30"
"3","VIC","Melbourne                       ",32,"Special Hospital Team 2                                         ","Mercy Place Parkville","1 Willam St","","","PARKVILLE","VIC","3052","-37.7766712655302","144.938942264873",2112418,70147,"",22/04/2025,22/04/2025,"9:30","17:00"
"3","VIC","Melbourne                       ",32,"Special Hospital Team 2                                         ","Mercy Place Parkville","1 Willam St","","","PARKVILLE","VIC","3052","-37.7766712655302","144.938942264873",2112418,70147,"",23/04/2025,23/04/2025,"9:30","17:00"
"3","VIC","Melbourne                       ",32,"Special Hospital Team 2                                         ","Ozanam House ","179/191 Flemington Rd","","","NORTH MELBOURNE","VIC","3051","-37.79494679372437","144.9487989220892",2150636,141930,"",30/04/2025,30/04/2025,"9:30","15:30"
"3","VIC","Melbourne                       ",32,"Special Hospital Team 2                                         ","The Royal Women's Hospital","20 Flemington Rd","","","PARKVILLE","VIC","3052","-37.7995486","144.9551273",2112411,141928,"",28/04/2025,28/04/2025,"9:30","16:00"
"3","VIC","Menzies                         ",33,"Special Hospital Team 1                                         ","Bolton Clarke Newmans on the Park","33 Newmans Rd","","","TEMPLESTOWE","VIC","3106","-37.7517178500794","145.153015910508",2115919,122861,"",23/04/2025,23/04/2025,"9:30","14:30"
"3","VIC","Menzies                         ",33,"Special Hospital Team 1                                         ","Elgar Home SRS","610-614 Elgar Rd","","","BOX HILL NORTH","VIC","3129","-37.8024948479678","145.11786991103",2116434,141953,"",28/04/2025,28/04/2025,"9:30","13:00"
"3","VIC","Menzies                         ",33,"Special Hospital Team 1                                         ","Fronditha Care Templestowe","11 Omar St","","","TEMPLESTOWE LOWER","VIC","3107","-37.755841","145.11588437",2116019,122857,"",24/04/2025,24/04/2025,"9:30","12:00"
"3","VIC","Menzies                         ",33,"Special Hospital Team 1                                         ","Mont Albert Manor SRS","401-403 Elgar Rd","","","MONT ALBERT","VIC","3127","-37.8214297","145.1141525",2116703,141952,"",24/04/2025,24/04/2025,"14:00","15:00"
"3","VIC","Menzies                         ",33,"Special Hospital Team 1                                         ","TLC Aged Care - The Heights","39-41 Mitcham Rd","","","DONVALE","VIC","3111","-37.7939198520114","145.177153901694",2126109,143251,"",01/05/2025,01/05/2025,"9:30","14:30"
"3","VIC","Menzies                         ",33,"Special Hospital Team 1                                         ","Templestowe Grove Care Community","1 Chivers Rd","","","TEMPLESTOWE","VIC","3106","-37.76070987","145.14606843",2115920,126085,"",30/04/2025,30/04/2025,"9:30","13:30"
"3","VIC","Menzies                         ",33,"Special Hospital Team 1                                         ","Templestowe Views","23-31 Ashford St","","","TEMPLESTOWE LOWER","VIC","3107","-37.7613238878651","145.120086565155",2116017,122847,"",22/04/2025,22/04/2025,"9:30","13:00"
"3","VIC","Menzies                         ",33,"Special Hospital Team 2                                         ","Allity Greenview Aged Care","33-37 Mitcham Rd","","","DONVALE","VIC","3111","-37.7933258","145.1769156",2126109,122839,"",23/04/2025,23/04/2025,"9:30","14:00"
"3","VIC","Menzies                         ",33,"Special Hospital Team 2                                         ","Arcare Templestowe","75 King St","","","TEMPLESTOWE","VIC","3106","-37.77347625","145.15424009",2115901,122874,"",22/04/2025,22/04/2025,"9:30","13:00"
"3","VIC","Menzies                         ",33,"Special Hospital Team 2                                         ","Box Hill Hospital ","8 Arnold St","","","BOX HILL","VIC","3128","-37.8137477","145.11980532",2116354,141946,"",28/04/2025,28/04/2025,"9:30","14:30"
"3","VIC","Menzies                         ",33,"Special Hospital Team 2                                         ","Box Hill Hospital ","8 Arnold St","","","BOX HILL","VIC","3128","-37.8137477","145.11980532",2116354,141946,"",29/04/2025,29/04/2025,"9:30","14:30"
"3","VIC","Menzies                         ",33,"Special Hospital Team 2                                         ","Box Hill Hospital ","8 Arnold St","","","BOX HILL","VIC","3128","-37.8137477","145.11980532",2116354,141946,"",30/04/2025,30/04/2025,"9:30","14:30"
"3","VIC","Menzies                         ",33,"Special Hospital Team 2                                         ","Box Hill Upton House - Mental Health","131 Thames St ","","","BOX HILL","VIC","3128","-37.813664","145.118963",2116354,141951,"",01/05/2025,01/05/2025,"9:30","11:30"
"3","VIC","Menzies                         ",33,"Special Hospital Team 2                                         ","Menarock LIFE Willowbrae Templestowe","81-85 Porter St","","","TEMPLESTOWE","VIC","3106","-37.7521788487612","145.133893913766",2115914,122862,"",24/04/2025,24/04/2025,"9:30","12:00"
"3","VIC","Menzies                         ",33,"Special Hospital Team 3                                         ","Calvary Millward","31 Blackburn Rd","","","DONCASTER EAST","VIC","3109","-37.799012","145.1600338",2142532,72726,"",28/04/2025,28/04/2025,"9:30","16:30"
"3","VIC","Menzies                         ",33,"Special Hospital Team 3                                         ","Doncaster Manor","52-54 George St","","","DONCASTER EAST","VIC","3109","-37.782107","145.156796",2142534,141948,"",23/04/2025,23/04/2025,"9:30","11:30"
"3","VIC","Menzies                         ",33,"Special Hospital Team 3                                         ","MannaCare Cassia House","371 Manningham Rd","","","DONCASTER","VIC","3108","-37.77595719","145.11825876",2116010,122858,"",22/04/2025,22/04/2025,"9:30","12:30"
"3","VIC","Menzies                         ",33,"Special Hospital Team 3                                         ","MannaCare Doncaster Melaleuca Lodge","383 Manningham Rd","","","DONCASTER","VIC","3108","-37.7765564978813","145.118949513684",2116010,122859,"",22/04/2025,22/04/2025,"14:30","16:30"
"3","VIC","Menzies                         ",33,"Special Hospital Team 3                                         ","Mercy Place Templestowe","16 Herlihys Rd","","","TEMPLESTOWE LOWER","VIC","3107","-37.7605601680441","145.122750494777",2116018,122863,"",29/04/2025,29/04/2025,"9:30","13:00"
"3","VIC","Menzies                         ",33,"Special Hospital Team 3                                         ","On Luck Chinese Nursing Home","177-179 Tindals Rd","","","DONVALE","VIC","3111","-37.77214585","145.1977859",2126211,122864,"",30/04/2025,30/04/2025,"9:30","12:30"
"3","VIC","Menzies                         ",33,"Special Hospital Team 3                                         ","Templestowe Manor Aged Care","410-418 Thompsons Rd","","","TEMPLESTOWE LOWER","VIC","3107","-37.7583119","145.1130177",2116002,122866,"",01/05/2025,01/05/2025,"9:30","13:30"
"3","VIC","Menzies                         ",33,"Special Hospital Team 3                                         ","Warranvale Gardens","314-318 Reynolds Rd","","","DONVALE","VIC","3111","-37.766245072775","145.190662872397",2126211,141949,"",23/04/2025,23/04/2025,"13:00","15:00"
"3","VIC","Menzies                         ",33,"Special Hospital Team 4                                         ","Arcare Surrey Hills","18 Florence Rd","","","SURREY HILLS","VIC","3127","-37.82805","145.10192",2116715,123183,"",30/04/2025,30/04/2025,"9:30","13:30"
"3","VIC","Menzies                         ",33,"Special Hospital Team 4                                         ","Baptcare The Orchards Community","107 Andersons Creek Rd","","","DONCASTER EAST","VIC","3109","-37.7668215714544","145.171538655644",2142438,141868,"",28/04/2025,28/04/2025,"9:30","13:30"
"3","VIC","Menzies                         ",33,"Special Hospital Team 4                                         ","Charlesbrook Aged Care","1 Innisfallen Ave","","","TEMPLESTOWE","VIC","3106","-37.75367","145.151907",2115927,141870,"",29/04/2025,29/04/2025,"9:30","12:30"
"3","VIC","Menzies                         ",33,"Special Hospital Team 4                                         ","Mecwacare Simon Price Centre","13-25 Strabane Ave","","","MONT ALBERT NORTH","VIC","3129","-37.80751031","145.1130636",2116428,141860,"",22/04/2025,22/04/2025,"9:30","13:00"
"3","VIC","Menzies                         ",33,"Special Hospital Team 4                                         ","Mecwacare Simon Price Centre","13-25 Strabane Ave","","","MONT ALBERT NORTH","VIC","3129","-37.80751031","145.1130636",2116428,141860,"",23/04/2025,23/04/2025,"9:30","13:00"
"3","VIC","Menzies                         ",33,"Special Hospital Team 4                                         ","Surrey Hills Garden, Opal Health Care","9-17 Broughton Rd","","","SURREY HILLS","VIC","3127","-37.8277988471858","145.104251910621",2116713,41563,"",24/04/2025,24/04/2025,"9:30","15:00"
"3","VIC","Menzies                         ",33,"Special Hospital Team 5                                         ","Box Hill Views Care Community ","48 Dorking Rd","","","BOX HILL","VIC","3128","-37.816395","145.131322",2116301,122848,"",28/04/2025,28/04/2025,"9:30","14:00"
"3","VIC","Menzies                         ",33,"Special Hospital Team 5                                         ","Box Hill Views Care Community ","48 Dorking Rd","","","BOX HILL","VIC","3128","-37.816395","145.131322",2116301,122848,"",29/04/2025,29/04/2025,"9:30","13:00"
"3","VIC","Menzies                         ",33,"Special Hospital Team 5                                         ","Bupa Templestowe","222-228 Serpells Rd","","","TEMPLESTOWE","VIC","3106","-37.7675173302207","145.153638878667",2115944,122853,"",24/04/2025,24/04/2025,"9:30","16:00"
"3","VIC","Menzies                         ",33,"Special Hospital Team 5                                         ","Regis Alawarra Lodge","220 Middleborough Rd","","","BLACKBURN SOUTH","VIC","3130","-37.8364414","145.135257",2116217,122813,"",23/04/2025,23/04/2025,"9:30","13:30"
"3","VIC","Menzies                         ",33,"Special Hospital Team 5                                         ","Regis Inala Lodge","220 Middleborough Rd","","","BLACKBURN SOUTH","VIC","3130","-37.8364414","145.135257",2116217,121698,"",22/04/2025,22/04/2025,"9:30","14:00"
"3","VIC","Menzies                         ",33,"Special Hospital Team 5                                         ","Templestowe Woodlands","105 Porter St","","","TEMPLESTOWE","VIC","3106","-37.75216175","145.13639979",2115936,122850,"",30/04/2025,30/04/2025,"9:30","12:30"
"3","VIC","Monash                          ",34,"Special Hospital Team 1                                         ","Baptcare Abbey Gardens Community","15 Tarwin St","","","WARRAGUL","VIC","3820","-38.1517093","145.9197257",2107929,90109,"",23/04/2025,23/04/2025,"9:00","13:00"
"3","VIC","Monash                          ",34,"Special Hospital Team 1                                         ","Baptcare Amberlea Community","5 Pearson Rd","","","DROUIN","VIC","3818","-38.138858491907","145.853465285094",2107644,72603,"",22/04/2025,22/04/2025,"9:00","13:00"
"3","VIC","Monash                          ",34,"Special Hospital Team 1                                         ","Carinya Lodge Hostel","35 Carinya Cres","","","KORUMBURRA","VIC","3950","-38.4381443","145.8110232",2108921,14565,"",28/04/2025,28/04/2025,"9:00","12:00"
"3","VIC","Monash                          ",34,"Special Hospital Team 1                                         ","Hillside Lodge Hostel","77 Bridge St","","","KORUMBURRA","VIC","3950","-38.4303717919739","145.829445655552",2108905,72242,"",28/04/2025,28/04/2025,"14:00","15:30"
"3","VIC","Monash                          ",34,"Special Hospital Team 1                                         ","Lyrebird Village for the Aged","8 Neerim St","","","DROUIN","VIC","3818","-38.134672992689","145.864682163616",2107630,14291,"",29/04/2025,29/04/2025,"9:00","12:00"
"3","VIC","Monash                          ",34,"Special Hospital Team 2                                         ","Andrews House","42 School Rd","","","TRAFALGAR","VIC","3824","-38.2137706","146.1499875",2107809,35122,"",29/04/2025,29/04/2025,"15:00","17:00"
"3","VIC","Monash                          ",34,"Special Hospital Team 2                                         ","Baw Baw Views","1C Haigh St","","","MOE","VIC","3825","-38.1739715024135","146.269239078329",2109507,106115,"",29/04/2025,29/04/2025,"9:00","13:00"
"3","VIC","Monash                          ",34,"Special Hospital Team 2                                         ","Calvary Narracan Gardens","17 Amaroo Way","","","NEWBOROUGH","VIC","3825","-38.176818","146.275014",2109522,34536,"",01/05/2025,01/05/2025,"9:00","13:30"
"3","VIC","Monash                          ",34,"Special Hospital Team 2                                         ","Cooinda Lodge Nursing Home","41 Landsborough St","","","WARRAGUL","VIC","3820","-38.1724787","145.9291846",2107925,35124,"",28/04/2025,28/04/2025,"10:30","12:00"
"3","VIC","Monash                          ",34,"Special Hospital Team 2                                         ","Fairview Inc","30 Sargeant St","","","WARRAGUL","VIC","3820","-38.1736147","145.930124",2107925,14270,"",28/04/2025,28/04/2025,"14:00","16:00"
"3","VIC","Monash                          ",34,"Special Hospital Team 2                                         ","Latrobe Valley Village Hostel","5 Ollerton Ave","","","NEWBOROUGH","VIC","3825","-38.179047383315","146.281041085667",2109511,14289,"",30/04/2025,30/04/2025,"9:00","13:30"
"3","VIC","Monash                          ",34,"Special Hospital Team 3                                         ","Calvary Strzelecki House","27 Giles St","","","MIRBOO NORTH","VIC","3871","-38.4021856354945","146.155892921226",2109009,50592,"",23/04/2025,23/04/2025,"9:00","11:30"
"3","VIC","Monash                          ",34,"Special Hospital Team 3                                         ","Inverloch Coast Care Community","119 Cashin St","","","INVERLOCH","VIC","3996","-38.6284847951143","145.71685891252",2109356,38974,"",22/04/2025,22/04/2025,"9:00","13:00"
"3","VIC","Monash                          ",34,"Special Hospital Team 3                                         ","Koorooman House Nursing Home","66 Koonwarra Rd","","","LEONGATHA","VIC","3953","-38.487646","145.950554",2109002,72243,"",24/04/2025,24/04/2025,"9:00","11:00"
"3","VIC","Monash                          ",34,"Special Hospital Team 3                                         ","Prom Country Aged Care","9 O'Connell Rd","","","FOSTER","VIC","3960","-38.6594059609024","146.208114151397",2108707,72458,"",23/04/2025,23/04/2025,"13:30","16:30"
"3","VIC","Monash                          ",34,"Special Hospital Team 4                                         ","Banfields Aged Care","192 Thompson Ave","","","COWES","VIC","3922","-38.4595293803812","145.238715086898",2109126,72245,"",30/04/2025,30/04/2025,"9:00","12:30"
"3","VIC","Monash                          ",34,"Special Hospital Team 4                                         ","Griffiths Point Lodge Hostel","20 Davis Point Rd","","","SAN REMO","VIC","3925","-38.5256425499535","145.370120006072",2109328,14598,"",29/04/2025,29/04/2025,"13:00","15:00"
"3","VIC","Monash                          ",34,"Special Hospital Team 4                                         ","Kirrak House","Baillieu St W","","","WONTHAGGI","VIC","3995","-38.6089692","145.586687",2109345,72240,"",28/04/2025,28/04/2025,"13:30","14:30"
"3","VIC","Monash                          ",34,"Special Hospital Team 4                                         ","Melaleuca Aged Care","1 Watchorn Rd","","","COWES","VIC","3922","-38.4552217906014","145.242261566752",2109101,34014,"",29/04/2025,29/04/2025,"9:00","11:00"
"3","VIC","Monash                          ",34,"Special Hospital Team 4                                         ","Phillip Island Care Community","1A Leslie Ave","","","COWES","VIC","3922","-38.4599033599173","145.232007048047",2109126,70155,"",01/05/2025,01/05/2025,"9:00","12:00"
"3","VIC","Monash                          ",34,"Special Hospital Team 4                                         ","Rose Lodge","225-233 Graham St","","","WONTHAGGI","VIC","3995","-38.6075137354366","145.582714218854",2109316,14606,"",28/04/2025,28/04/2025,"9:00","11:30"
"3","VIC","Nicholls                        ",35,"Other Mobile Team 1                                             ","Aldara Yenara Aboriginal Corporation","1A Warramunda Dr","","","KYABRAM","VIC","3620","-36.31552007","145.04238261",2140724,122146,"",30/04/2025,30/04/2025,"14:30","15:30"
"3","VIC","Nicholls                        ",35,"Other Mobile Team 1                                             ","Beyond Housing - Shepparton","2 McLennan St","","","MOOROOPNA","VIC","3629","-36.3919141","145.36555057",2141515,141927,"",30/04/2025,30/04/2025,"9:00","12:00"
"3","VIC","Nicholls                        ",35,"Special Hospital Team 1                                         ","Lakeview Lodge Hostel","22 Church St","","","NAGAMBIE","VIC","3608","-36.7809910337724","145.150150146012",2105805,69599,"",22/04/2025,22/04/2025,"9:30","12:30"
"3","VIC","Nicholls                        ",35,"Special Hospital Team 1                                         ","Maculata Place","124 Maculata Dr","","","SHEPPARTON","VIC","3630","-36.36443","145.39211",2141629,14403,"",24/04/2025,24/04/2025,"9:00","16:00"
"3","VIC","Nicholls                        ",35,"Special Hospital Team 1                                         ","Maculata Place","124 Maculata Dr","","","SHEPPARTON","VIC","3630","-36.36443","145.39211",2141629,14403,"",28/04/2025,28/04/2025,"9:00","12:00"
"3","VIC","Nicholls                        ",35,"Special Hospital Team 1                                         ","Mercy Place Shepparton (Ava Maria)","25 Graham St","","","SHEPPARTON","VIC","3630","-36.3624566","145.4052059",2141605,32556,"",29/04/2025,29/04/2025,"9:00","11:30"
"3","VIC","Nicholls                        ",35,"Special Hospital Team 1                                         ","Mercy Place Shepparton (South)","351-359 Archer St","","","SHEPPARTON","VIC","3630","-36.406697","145.409059",2159435,50239,"",30/04/2025,30/04/2025,"9:00","12:30"
"3","VIC","Nicholls                        ",35,"Special Hospital Team 1                                         ","Rumbalara Elders Facility","95 Ford Rd","","","SHEPPARTON NORTH","VIC","3631","-36.3473857393017","145.413184858901",2141645,72444,"",01/05/2025,01/05/2025,"9:00","11:00"
"3","VIC","Nicholls                        ",35,"Special Hospital Team 1                                         ","Waranga Aged Care Hostel","14 High St","","","RUSHWORTH","VIC","3612","-36.5872472133717","145.016938508709",2141008,72222,"",23/04/2025,23/04/2025,"9:30","12:00"
"3","VIC","Nicholls                        ",35,"Special Hospital Team 2                                         ","Banawah NCN Health Nathalia","36 McDonell St","","","NATHALIA","VIC","3638","-36.0562234524089","145.19777601491",2141332,126297,"",01/05/2025,01/05/2025,"9:30","11:30"
"3","VIC","Nicholls                        ",35,"Special Hospital Team 2                                         ","Cobram Regional Care","16 Campbell Rd","","","COBRAM","VIC","3644","-35.919809","145.661072",2141106,50242,"",22/04/2025,22/04/2025,"13:30","16:00"
"3","VIC","Nicholls                        ",35,"Special Hospital Team 2                                         ","Harmony Village Aged Care Facility","20 Zurcas La","","","SHEPPARTON","VIC","3630","-36.3775176","145.4000439",2141633,34209,"",30/04/2025,30/04/2025,"9:30","13:30"
"3","VIC","Nicholls                        ",35,"Special Hospital Team 2                                         ","Irvin House - NCN Health Cobram","1 O'Dwyer Ave","","","COBRAM","VIC","3644","-35.91469","145.64876",2141110,72445,"",22/04/2025,22/04/2025,"10:00","11:00"
"3","VIC","Nicholls                        ",35,"Special Hospital Team 2                                         ","Karana Warrina & Allawah Aged Care","cnr Piper & Hume Sts","","","YARRAWONGA","VIC","3730","-36.011930509427","146.006152688939",2141405,63485,"",24/04/2025,24/04/2025,"9:30","15:30"
"3","VIC","Nicholls                        ",35,"Special Hospital Team 2                                         ","Karinya NCN Health Numurkah","2 Katamatite-Nathalia Rd","","","NUMURKAH","VIC","3636","-36.09947","145.4453514",2141319,14406,"",29/04/2025,29/04/2025,"9:30","13:30"
"3","VIC","Nicholls                        ",35,"Special Hospital Team 2                                         ","Pioneer Lodge","13-15 Katamatite-Nathalia Rd","","","NUMURKAH","VIC","3636","-36.0990375","145.4451363",2141319,90508,"",28/04/2025,28/04/2025,"9:30","12:00"
"3","VIC","Nicholls                        ",35,"Special Hospital Team 2                                         ","Woods Point Aged Care","75-85 Orr St","","","YARRAWONGA","VIC","3730","-36.0138370900591","146.014692397353",2141413,50249,"",23/04/2025,23/04/2025,"9:30","15:00"
"3","VIC","Nicholls                        ",35,"Special Hospital Team 3                                         ","Banksia Lodge Residential Aged Care","15 Waranga Dr","","","KIALLA","VIC","3631","-36.4167938488285","145.400057963612",2159313,51955,"",01/05/2025,01/05/2025,"9:30","11:30"
"3","VIC","Nicholls                        ",35,"Special Hospital Team 3                                         ","Goulburn Valley Health - Shepparton Campus","2-48 Graham St","","","SHEPPARTON","VIC","3630","-36.3624693","145.4085595",2141606,141902,"",28/04/2025,28/04/2025,"9:00","17:00"
"3","VIC","Nicholls                        ",35,"Special Hospital Team 3                                         ","Goulburn Valley Health - Shepparton Campus","2-48 Graham St","","","SHEPPARTON","VIC","3630","-36.3624693","145.4085595",2141606,141902,"",29/04/2025,29/04/2025,"9:00","17:00"
"3","VIC","Nicholls                        ",35,"Special Hospital Team 3                                         ","Menarock Life Shepparton","29 Pine Rd","","","SHEPPARTON","VIC","3630","-36.3572752589555","145.407337428799",2141604,63480,"",24/04/2025,24/04/2025,"10:00","16:00"
"3","VIC","Nicholls                        ",35,"Special Hospital Team 3                                         ","Mooroopna Place Residential Aged Care","30-50 Knight St","","","MOOROOPNA","VIC","3629","-36.38741806","145.35046244",2141513,122923,"",22/04/2025,22/04/2025,"9:30","15:30"
"3","VIC","Nicholls                        ",35,"Special Hospital Team 3                                         ","Moyola Lodge - Tatura","60 Hunter St","","","TATURA","VIC","3616","-36.438465","145.22548",2141928,122925,"",23/04/2025,23/04/2025,"9:30","12:30"
"3","VIC","Nicholls                        ",35,"Special Hospital Team 4                                         ","Bupa Echuca","7 Fehring La","","","ECHUCA","VIC","3564","-36.1277236","144.7494973",2140609,72442,"",24/04/2025,24/04/2025,"10:00","16:30"
"3","VIC","Nicholls                        ",35,"Special Hospital Team 4                                         ","Echuca Community for the Aged","21 Hartshorn Dr","","","ECHUCA","VIC","3564","-36.1313933","144.7220099",2140620,89344,"",23/04/2025,23/04/2025,"9:30","14:30"
"3","VIC","Nicholls                        ",35,"Special Hospital Team 4                                         ","Glanville Village","cnr Haverfield & Service Sts","","","ECHUCA","VIC","3564","-36.1386604921084","144.746422539796",2140611,32554,"",22/04/2025,22/04/2025,"9:30","15:00"
"3","VIC","Nicholls                        ",35,"Special Hospital Team 4                                         ","Sheridan Aged Care","88 Fenaughty St","","","KYABRAM","VIC","3620","-36.3147725633688","145.042387583139",2140724,36177,"",28/04/2025,28/04/2025,"9:30","13:00"
"3","VIC","Nicholls                        ",35,"Special Hospital Team 4                                         ","Tongala Memorial Aged Care - R M McHale and Coraleith","18 Purdey St","","","TONGALA","VIC","3621","-36.2510711","144.9577215",2140721,32555,"",29/04/2025,29/04/2025,"9:30","12:30"
"3","VIC","Nicholls                        ",35,"Special Hospital Team 4                                         ","Warramunda Village","5 Warramunda Dr","","","KYABRAM","VIC","3620","-36.3178154","145.0433612",2140724,14392,"",30/04/2025,30/04/2025,"9:30","15:30"
"3","VIC","Nicholls                        ",35,"Special Hospital Team 5                                         ","Bluecross Willowmeade","70 Kilmore-Lancefield Rd","","","KILMORE","VIC","3764","-37.2941581929065","144.944630675827",2105633,69616,"",22/04/2025,22/04/2025,"10:00","16:30"
"3","VIC","Nicholls                        ",35,"Special Hospital Team 5                                         ","Caladenia Nursing Home","1 Anderson Rd","","","KILMORE","VIC","3764","-37.30232","144.95821",2105619,34081,"",23/04/2025,23/04/2025,"10:00","14:30"
"3","VIC","Nicholls                        ",35,"Special Hospital Team 5                                         ","Dianella Hostel","1 Anderson Rd","","","KILMORE","VIC","3764","-37.30118642","144.95738654",2105619,34080,"",24/04/2025,24/04/2025,"10:00","14:30"
"3","VIC","Nicholls                        ",35,"Special Hospital Team 5                                         ","Karingal Hostel","3 Brettoneaux St","","","SEYMOUR","VIC","3660","-37.01839","145.14018",2105906,34490,"",29/04/2025,29/04/2025,"9:30","11:30"
"3","VIC","Nicholls                        ",35,"Special Hospital Team 5                                         ","Seymour Health Nursing Home Barrabill  House","1 Bretonneux St","","","SEYMOUR","VIC","3660","-37.01855","145.13877",2105906,34492,"",28/04/2025,28/04/2025,"10:00","15:00"
"3","VIC","Scullin                         ",36,"Other Mobile Team 1                                             ","Estia Health Plenty Valley","806 Plenty Rd","","","SOUTH MORANG","VIC","3752","-37.652668","145.087743",2143616,143366,"",23/04/2025,23/04/2025,"10:00","14:00"
"3","VIC","Scullin                         ",36,"Other Mobile Team 1                                             ","First People's Health and Well-being","258 Settlement Rd","","","THOMASTOWN","VIC","3074","-37.69279927","145.03007806",2122325,122922,"",22/04/2025,22/04/2025,"11:00","14:00"
"3","VIC","Scullin                         ",36,"Other Mobile Team 1                                             ","Grace Of Mary Greek Cypriot Elderly Hostel","190-200 McDonalds Rd","","","EPPING","VIC","3076","-37.64705939","145.06008725",2143107,143368,"",29/04/2025,29/04/2025,"10:00","12:30"
"3","VIC","Scullin                         ",36,"Other Mobile Team 1                                             ","Oxa Care Epping","513 High St","","","EPPING","VIC","3076","-37.65848","145.01907",2143217,143371,"",30/04/2025,30/04/2025,"10:00","16:00"
"3","VIC","Scullin                         ",36,"Other Mobile Team 1                                             ","Queens Lodge SRS","5 Queen St","","","LALOR","VIC","3075","-37.66789372","145.02591591",2152921,143361,"",28/04/2025,28/04/2025,"10:00","12:30"
"3","VIC","Scullin                         ",36,"Special Hospital Team 1                                         ","Arcare Civic Manor","7 Civic Dr","","","EPPING","VIC","3076","-37.6484296433765","145.065115396972",2143107,62866,"",23/04/2025,23/04/2025,"10:00","16:00"
"3","VIC","Scullin                         ",36,"Special Hospital Team 1                                         ","Arcare Civic Manor","7 Civic Dr","","","EPPING","VIC","3076","-37.6484296433765","145.065115396972",2143107,62866,"",01/05/2025,01/05/2025,"13:30","15:30"
"3","VIC","Scullin                         ",36,"Special Hospital Team 1                                         ","BlueCross The Boulevard","70 Heaths Ct","","","MILL PARK","VIC","3082","-37.6574560346377","145.082630922969",2122028,70235,"",28/04/2025,28/04/2025,"10:00","15:00"
"3","VIC","Scullin                         ",36,"Special Hospital Team 1                                         ","Bupa South Morang","18-22 McGlynn Ave","","","SOUTH MORANG","VIC","3752","-37.6542492","145.08819073",2143612,122887,"",22/04/2025,22/04/2025,"11:00","14:30"
"3","VIC","Scullin                         ",36,"Special Hospital Team 1                                         ","Epping Meadows Care Community","202 McDonalds Rd","","","EPPING","VIC","3076","-37.64789045","145.06076752",2143107,122903,"",29/04/2025,29/04/2025,"10:00","14:30"
"3","VIC","Scullin                         ",36,"Special Hospital Team 1                                         ","Epping Meadows Care Community","202 McDonalds Rd","","","EPPING","VIC","3076","-37.64789045","145.06076752",2143107,122903,"",30/04/2025,30/04/2025,"10:00","14:30"
"3","VIC","Scullin                         ",36,"Special Hospital Team 2                                         ","Aeralife Northpoint","25 Willandra Dr","","","EPPING","VIC","3076","-37.64717065","145.00853424",2143215,143364,"",28/04/2025,28/04/2025,"10:00","13:30"
"3","VIC","Scullin                         ",36,"Special Hospital Team 2                                         ","Aeralife Northpoint","25 Willandra Dr","","","EPPING","VIC","3076","-37.64717065","145.00853424",2143215,143364,"",29/04/2025,29/04/2025,"10:00","14:00"
"3","VIC","Scullin                         ",36,"Special Hospital Team 2                                         ","Bethel Aged Care","600 Plenty Rd","","","MILL PARK","VIC","3082","-37.6552733845915","145.082156763288",2122028,70234,"",30/04/2025,30/04/2025,"10:00","15:30"
"3","VIC","Scullin                         ",36,"Special Hospital Team 2                                         ","Estia Health South Morang","879 Plenty Rd","","","SOUTH MORANG","VIC","3752","-37.647138","145.089876",2143626,89481,"",24/04/2025,24/04/2025,"10:00","15:00"
"3","VIC","Scullin                         ",36,"Special Hospital Team 2                                         ","San Carlo Homes for the Aged","970 Plenty Rd","","","SOUTH MORANG","VIC","3752","-37.6395486156751","145.099314952043",2143618,70236,"",22/04/2025,22/04/2025,"10:30","14:00"
"3","VIC","Scullin                         ",36,"Special Hospital Team 2                                         ","San Carlo Homes for the Aged","970 Plenty Rd","","","SOUTH MORANG","VIC","3752","-37.6395486156751","145.099314952043",2143618,70236,"",23/04/2025,23/04/2025,"10:00","14:00"
"3","VIC","Scullin                         ",36,"Special Hospital Team 3                                         ","The Northern Hospital","185 Cooper St","","","EPPING","VIC","3076","-37.653056959961","145.014950445124",2143217,141889,"",22/04/2025,22/04/2025,"10:30","16:00"
"3","VIC","Scullin                         ",36,"Special Hospital Team 3                                         ","The Northern Hospital","185 Cooper St","","","EPPING","VIC","3076","-37.653056959961","145.014950445124",2143217,141889,"",23/04/2025,23/04/2025,"10:00","15:00"
"3","VIC","Scullin                         ",36,"Special Hospital Team 3                                         ","The Northern Hospital","185 Cooper St","","","EPPING","VIC","3076","-37.653056959961","145.014950445124",2143217,141889,"",24/04/2025,24/04/2025,"10:00","15:00"
"3","VIC","Scullin                         ",36,"Special Hospital Team 3                                         ","The Northern Hospital","185 Cooper St","","","EPPING","VIC","3076","-37.653056959961","145.014950445124",2143217,141889,"",28/04/2025,28/04/2025,"10:30","16:00"
"3","VIC","Scullin                         ",36,"Special Hospital Team 3                                         ","The Northern Hospital","185 Cooper St","","","EPPING","VIC","3076","-37.653056959961","145.014950445124",2143217,141889,"",29/04/2025,29/04/2025,"10:00","15:30"
"3","VIC","Scullin                         ",36,"Special Hospital Team 3                                         ","The Northern Hospital","185 Cooper St","","","EPPING","VIC","3076","-37.653056959961","145.014950445124",2143217,141889,"",30/04/2025,30/04/2025,"10:00","14:30"
"3","VIC","Wannon                          ",37,"Other Mobile Team 1                                             ","Hopkins Correctional Centre","156A Warrak Rd","","","ARARAT","VIC","3377","-37.274981","142.98258",2138624,123802,"",22/04/2025,22/04/2025,"13:00","16:30"
"3","VIC","Wannon                          ",37,"Other Mobile Team 1                                             ","Hopkins Correctional Centre","156A Warrak Rd","","","ARARAT","VIC","3377","-37.274981","142.98258",2138624,123802,"",22/04/2025,22/04/2025,"9:30","12:30"
"3","VIC","Wannon                          ",37,"Other Mobile Team 1                                             ","Langi Kal Kal Prison","194 Langi Kal Kal Rd","","","LANGI KAL KAL","VIC","3352","-37.424483","143.474764",2101406,123804,"",23/04/2025,23/04/2025,"10:30","12:30"
"3","VIC","Wannon                          ",37,"Other Mobile Team 1                                             ","Langi Kal Kal Prison","194 Langi Kal Kal Rd","","","LANGI KAL KAL","VIC","3352","-37.424483","143.474764",2101406,123804,"",23/04/2025,23/04/2025,"13:00","16:00"
"3","VIC","Wannon                          ",37,"Special Hospital Team 1                                         ","Cobden Health","5 Victoria St","","","COBDEN","VIC","3266","-38.332221238912","143.07630590568",2147509,34558,"",29/04/2025,29/04/2025,"9:00","11:00"
"3","VIC","Wannon                          ",37,"Special Hospital Team 1                                         ","Lyndoch Swinton Wing","Hopkins Rd","","","WARRNAMBOOL","VIC","3280","-38.3945301","142.5072688",2148006,35947,"",24/04/2025,24/04/2025,"9:00","16:00"
"3","VIC","Wannon                          ",37,"Special Hospital Team 1                                         ","Lyndoch Tomlinson and Riverside","Hopkins Rd","","","WARRNAMBOOL","VIC","3280","-38.3945348","142.5072834",2148006,105509,"",29/04/2025,29/04/2025,"13:00","16:00"
"3","VIC","Wannon                          ",37,"Special Hospital Team 1                                         ","Mercy Place Warrnambool","16 Hopetoun Rd","","","WARRNAMBOOL","VIC","3280","-38.3690517633595","142.473675220147",2147908,63551,"",22/04/2025,22/04/2025,"12:30","16:00"
"3","VIC","Wannon                          ",37,"Special Hospital Team 1                                         ","Mercy Place Warrnambool","16 Hopetoun Rd","","","WARRNAMBOOL","VIC","3280","-38.3690517633595","142.473675220147",2147908,63551,"",22/04/2025,22/04/2025,"9:00","12:00"
"3","VIC","Wannon                          ",37,"Special Hospital Team 2                                         ","Garden View Court Hostel","Lowe St","","","ARARAT","VIC","3377","-37.2793270938087","142.932525541742",2138602,14750,"",29/04/2025,29/04/2025,"10:00","12:00"
"3","VIC","Wannon                          ",37,"Special Hospital Team 2                                         ","Willaura Health Care and Parkland House Hostel","Delacombe Way","","","WILLAURA","VIC","3379","-37.5452043","142.7946447",2138705,69761,"",30/04/2025,30/04/2025,"10:00","11:00"
"3","VIC","Wannon                          ",37,"Special Hospital Team 3                                         ","Coleraine Hospital, Valley View Nursing Home and Wannon Hostels","Valley View Nursing Home","71 McLeod St","","COLERAINE","VIC","3315","-37.5997695945945","141.692472928063",2142302,141904,"",30/04/2025,30/04/2025,"10:30","12:30"
"3","VIC","Wannon                          ",37,"Special Hospital Team 3                                         ","Edgarley Homes Inc","85 Jackson St","","","CASTERTON","VIC","3311","-37.590603","141.397034",2142019,69755,"",29/04/2025,29/04/2025,"10:30","12:30"
"3","VIC","Wannon                          ",37,"Special Hospital Team 3                                         ","Eventide Lutheran Homes","72 Ballarat Rd","","","HAMILTON","VIC","3300","-37.743957","142.042015",2142106,34562,"",28/04/2025,28/04/2025,"10:30","12:30"
"3","VIC","Wannon                          ",37,"Special Hospital Team 3                                         ","Glenelg House","Casterton Memorial Hospital","63-69 Russell St","","CASTERTON","VIC","3311","-37.5903550483118","141.393172231313",2142010,141907,"",29/04/2025,29/04/2025,"14:00","15:30"
"3","VIC","Wannon                          ",37,"Special Hospital Team 3                                         ","The Birches","Tyers St","","","HAMILTON","VIC","3300","-37.7377136","142.0301018",2142112,34561,"",28/04/2025,28/04/2025,"14:00","15:30"
"3","VIC","Wannon                          ",37,"Special Hospital Team 4                                         ","Calvary Anglesea ","Cordelia Grove ","5 Weir St","","ANGLESEA","VIC","3230","-38.40533","144.180911",2104905,69473,"",28/04/2025,28/04/2025,"10:30","12:30"
"3","VIC","Wannon                          ",37,"Special Hospital Team 4                                         ","Calvary Barongarook Gardens","Barongarook Lodge","8 Murray St E","","COLAC","VIC","3250","-38.3386792","143.5942982",2147222,72438,"",23/04/2025,23/04/2025,"9:30","12:00"
"3","VIC","Wannon                          ",37,"Special Hospital Team 4                                         ","Corangamarah","2-28 Connor St","","","COLAC","VIC","3250","-38.3409432701974","143.582881334331",2147205,38985,"",23/04/2025,23/04/2025,"14:00","16:30"
"3","VIC","Wannon                          ",37,"Special Hospital Team 4                                         ","Hesse Rural Health Service","Winchelsea District Hospital","8 Gosney St","","WINCHELSEA","VIC","3241","-38.2434222851505","143.984999922767",2103601,69470,"",24/04/2025,24/04/2025,"10:30","12:30"
"3","VIC","Wannon                          ",37,"Special Hospital Team 4                                         ","Mercy Place Colac","83-99 Queen St","","","COLAC","VIC","3250","-38.3428097107858","143.592081882501",2147226,121554,"",22/04/2025,22/04/2025,"10:30","13:30"
"3","VIC","Wannon                          ",37,"Special Hospital Team 4                                         ","Mercy Place Colac","83-99 Queen St","","","COLAC","VIC","3250","-38.3428097107858","143.592081882501",2147226,121554,"",22/04/2025,22/04/2025,"14:00","16:00"
"3","VIC","Wannon                          ",37,"Special Hospital Team 5                                         ","Belfast House","Villiers St","","","PORT FAIRY","VIC","3284","-38.383259479256","142.227372063096",2147815,69765,"",30/04/2025,30/04/2025,"10:30","12:00"
"3","VIC","Wannon                          ",37,"Special Hospital Team 5                                         ","Bupa Portland","83 Wellington Rd","","","PORTLAND","VIC","3305","-38.363397","141.615042",2142222,89485,"",28/04/2025,28/04/2025,"10:30","16:00"
"3","VIC","Wannon                          ",37,"Special Hospital Team 5                                         ","Harbourside Lodge","155 Bentinck St","","","PORTLAND","VIC","3305","-38.3403","141.6066634",2142232,142175,"",29/04/2025,29/04/2025,"10:00","12:00"
"3","VIC","Wannon                          ",37,"Special Hospital Team 5                                         ","Moyneyana House","Villiers St","","","PORT FAIRY","VIC","3284","-38.3833722","142.2274943",2147815,106057,"",30/04/2025,30/04/2025,"13:00","15:00"
"3","VIC","Wills                           ",38,"Special Hospital Team 1                                         ","Bethel Aged Care - Anzac Lodge","2-12 Anzac Ave","","","COBURG NORTH","VIC","3058","-37.72257057","144.96474121",2123601,122872,"",22/04/2025,22/04/2025,"10:30","15:30"
"3","VIC","Wills                           ",38,"Special Hospital Team 1                                         ","Brunswick Lodge","17 Loyola Ave","","","BRUNSWICK","VIC","3056","-37.771126","144.969629",2149611,126271,"",29/04/2025,29/04/2025,"10:00","14:30"
"3","VIC","Wills                           ",38,"Special Hospital Team 1                                         ","Bupa Coburg","24 Sutherland St","","","COBURG","VIC","3058","-37.73894407","144.96143719",2149829,122883,"",30/04/2025,30/04/2025,"10:00","14:00"
"3","VIC","Wills                           ",38,"Special Hospital Team 1                                         ","Glenroy Terrace Care Community (formally BlueCross Monterey)","858 Pascoe Vale Rd","","","GLENROY","VIC","3046","-37.701583","144.9151603",2153616,72843,"",28/04/2025,28/04/2025,"10:30","14:30"
"3","VIC","Wills                           ",38,"Special Hospital Team 1                                         ","TLC Aged Care - Clifton Views","217-241 Queens Pde","","","FITZROY NORTH","VIC","3068","-37.78648752","144.99432124",2114319,123127,"",23/04/2025,23/04/2025,"10:00","15:00"
"3","VIC","Wills                           ",38,"Special Hospital Team 1                                         ","TLC Aged Care - Clifton Views","217-241 Queens Pde","","","FITZROY NORTH","VIC","3068","-37.78648752","144.99432124",2114319,123127,"",24/04/2025,24/04/2025,"10:00","14:30"
"3","VIC","Wills                           ",38,"Special Hospital Team 2                                         ","Aboriginal Community Elders Services Incorporated","5 Parkview Ave","","","BRUNSWICK EAST","VIC","3057","-37.76381586","144.98147321",2110615,122881,"",24/04/2025,24/04/2025,"10:00","13:30"
"3","VIC","Wills                           ",38,"Special Hospital Team 2                                         ","CraigCare Plumpton Villa","7 Lewis St","","","GLENROY","VIC","3046","-37.709379813924","144.92152074517",2153503,72583,"",22/04/2025,22/04/2025,"10:00","16:30"
"3","VIC","Wills                           ",38,"Special Hospital Team 2                                         ","Dorothy Impey Home","317A O'Hea St","","","PASCOE VALE SOUTH","VIC","3044","-37.7347562751226","144.936782879785",2110919,72589,"",23/04/2025,23/04/2025,"10:00","15:00"
"3","VIC","Wills                           ",38,"Special Hospital Team 2                                         ","Estia Health Brunswick (Formerly Aurrum Brunswick)","17 Egginton St","","","BRUNSWICK WEST","VIC","3055","-37.75992803","144.93897536",2110735,122882,"",30/04/2025,30/04/2025,"10:00","14:30"
"3","VIC","Wills                           ",38,"Special Hospital Team 2                                         ","Hope Aged Care Brunswick","34 Lux Way","","","BRUNSWICK","VIC","3056","-37.765562266874","144.95962967249",2149624,72581,"",28/04/2025,28/04/2025,"10:30","14:30"
"3","VIC","Wills                           ",38,"Special Hospital Team 2                                         ","Northern Gardens Aged Care","827-867 Sydney Rd","","","COBURG NORTH","VIC","3058","-37.729251","144.9635",2123612,126273,"",29/04/2025,29/04/2025,"10:00","13:30"
"3","VIC","Wills                           ",38,"Special Hospital Team 3                                         ","BlueCross Glengowrie","54 Box Forest Rd","","","GLENROY","VIC","3046","-37.7038271661981","144.955349189919",2153530,72587,"",29/04/2025,29/04/2025,"10:00","11:30"
"3","VIC","Wills                           ",38,"Special Hospital Team 3                                         ","CraigCare Pascoe Vale","1a Virginia St","","","PASCOE VALE","VIC","3044","-37.715482","144.944175",2153813,72586,"",24/04/2025,24/04/2025,"10:30","14:30"
"3","VIC","Wills                           ",38,"Special Hospital Team 3                                         ","Gilgunya (Wintringham) Village","23 Harding St","","","COBURG","VIC","3058","-37.7453321","144.9691388",2149706,72577,"",22/04/2025,22/04/2025,"10:30","12:30"
"3","VIC","Wills                           ",38,"Special Hospital Team 3                                         ","Mayflower Edith Bendall ","11 Park St","","","PASCOE VALE","VIC","3044","-37.72904851","144.92538596",2153710,122875,"",28/04/2025,28/04/2025,"10:00","17:00"
"3","VIC","Wills                           ",38,"Special Hospital Team 3                                         ","Regis Fawkner","101F Major Rd","","","FAWKNER","VIC","3060","-37.70703126","144.96343451",2123723,122878,"",23/04/2025,23/04/2025,"10:30","13:30"
"3","VIC","Wills                           ",38,"Special Hospital Team 3                                         ","St Basil's Homes for the Aged in Victoria","24-36 Lorne St","","","FAWKNER","VIC","3060","-37.71605268","144.97578022",2123706,122879,"",30/04/2025,30/04/2025,"10:00","13:00"
"3","VIC","Wills                           ",38,"Special Hospital Team 4                                         ","John Fawkner Private Hospital","275 Moreland Rd","","","COBURG","VIC","3058","-37.7542176667255","144.958487113918",2149820,141891,"",22/04/2025,22/04/2025,"10:30","16:30"
"3","VIC","Wills                           ",38,"Special Hospital Team 4                                         ","John Fawkner Private Hospital","275 Moreland Rd","","","COBURG","VIC","3058","-37.7542176667255","144.958487113918",2149820,141891,"",23/04/2025,23/04/2025,"10:30","16:30"
"3","VIC","Wills                           ",38,"Special Hospital Team 4                                         ","John Fawkner Private Hospital","275 Moreland Rd","","","COBURG","VIC","3058","-37.7542176667255","144.958487113918",2149820,141891,"",24/04/2025,24/04/2025,"10:00","16:30"
"3","VIC","Wills                           ",38,"Special Hospital Team 4                                         ","John Fawkner Private Hospital","275 Moreland Rd","","","COBURG","VIC","3058","-37.7542176667255","144.958487113918",2149820,141891,"",28/04/2025,28/04/2025,"10:00","16:00"
"3","VIC","Wills                           ",38,"Special Hospital Team 4                                         ","John Fawkner Private Hospital","275 Moreland Rd","","","COBURG","VIC","3058","-37.7542176667255","144.958487113918",2149820,141891,"",29/04/2025,29/04/2025,"10:00","16:00"
"4","QLD","Blair                           ",1,"Other Mobile Team 1                                             ","Borallon Training and Correctional Centre","Borallon Correctional Ctr","75 Ivan La","","IRONBARK","QLD","4306","-27.54952367","152.67469753",3128233,123757,"",22/04/2025,22/04/2025,"13:00","16:00"
"4","QLD","Blair                           ",1,"Other Mobile Team 1                                             ","Borallon Training and Correctional Centre","Borallon Correctional Ctr","75 Ivan La","","IRONBARK","QLD","4306","-27.54952367","152.67469753",3128233,123757,"",22/04/2025,22/04/2025,"8:00","12:00"
"4","QLD","Blair                           ",1,"Other Mobile Team 1                                             ","Borallon Training and Correctional Centre","Borallon Correctional Ctr","75 Ivan La","","IRONBARK","QLD","4306","-27.54952367","152.67469753",3128233,123757,"",29/04/2025,29/04/2025,"8:00","12:00"
"4","QLD","Blair                           ",1,"Special Hospital Team 1                                         ","Blue Care Flinders View Nowlanvil Aged Care Facility","205-215 Ripley Rd","","","FLINDERS VIEW","QLD","4305","-27.6480728911624","152.772760569012",3129324,13635,"",22/04/2025,22/04/2025,"10:00","12:00"
"4","QLD","Blair                           ",1,"Special Hospital Team 1                                         ","Blue Care Flinders View Nowlanvil Aged Care Facility","205-215 Ripley Rd","","","FLINDERS VIEW","QLD","4305","-27.6480728911624","152.772760569012",3129324,13635,"",22/04/2025,22/04/2025,"12:30","14:30"
"4","QLD","Blair                           ",1,"Special Hospital Team 1                                         ","Blue Care Flinders View Nowlanvil Aged Care Facility","205-215 Ripley Rd","","","FLINDERS VIEW","QLD","4305","-27.6480728911624","152.772760569012",3129324,13635,"",23/04/2025,23/04/2025,"10:00","12:00"
"4","QLD","Blair                           ",1,"Special Hospital Team 1                                         ","Blue Care Flinders View Nowlanvil Aged Care Facility","205-215 Ripley Rd","","","FLINDERS VIEW","QLD","4305","-27.6480728911624","152.772760569012",3129324,13635,"",23/04/2025,23/04/2025,"12:30","14:30"
"4","QLD","Blair                           ",1,"Special Hospital Team 1                                         ","Bundaleer Lodge Nursing Home","114 Holdsworth Rd","","","NORTH IPSWICH","QLD","4305","-27.581911","152.763309",3129206,13623,"",28/04/2025,28/04/2025,"12:00","13:30"
"4","QLD","Blair                           ",1,"Special Hospital Team 1                                         ","Bundaleer Lodge Nursing Home","114 Holdsworth Rd","","","NORTH IPSWICH","QLD","4305","-27.581911","152.763309",3129206,13623,"",28/04/2025,28/04/2025,"9:30","11:30"
"4","QLD","Blair                           ",1,"Special Hospital Team 1                                         ","Cabanda Aged Care","59 John St","","","ROSEWOOD","QLD","4340","-27.63548662","152.59153211",3128207,31432,"",24/04/2025,24/04/2025,"12:30","14:30"
"4","QLD","Blair                           ",1,"Special Hospital Team 1                                         ","Cabanda Aged Care","59 John St","","","ROSEWOOD","QLD","4340","-27.63548662","152.59153211",3128207,31432,"",24/04/2025,24/04/2025,"9:30","12:00"
"4","QLD","Blair                           ",1,"Special Hospital Team 1                                         ","Southern Cross Care Raceview - St Mary's","129 Wildey St","","","RACEVIEW","QLD","4305","-27.64251","152.78108",3129312,13643,"",30/04/2025,30/04/2025,"10:00","13:00"
"4","QLD","Blair                           ",1,"Special Hospital Team 1                                         ","Southern Cross Care Raceview - St Mary's","129 Wildey St","","","RACEVIEW","QLD","4305","-27.64251","152.78108",3129312,13643,"",30/04/2025,30/04/2025,"13:30","15:30"
"4","QLD","Blair                           ",1,"Special Hospital Team 1                                         ","Sundale Aloaka Care Centre","46-52 Taylor St","","","KILCOY","QLD","4515","-26.93802","152.56485",3137001,121842,"",29/04/2025,29/04/2025,"10:00","12:00"
"4","QLD","Blair                           ",1,"Special Hospital Team 2                                         ","Blue Care Brassall Aged Care Facility","9 Charles St","","","BRASSALL","QLD","4305","-27.5944363971349","152.736466939658",3128323,13621,"",22/04/2025,22/04/2025,"13:00","15:00"
"4","QLD","Blair                           ",1,"Special Hospital Team 2                                         ","Blue Care Brassall Aged Care Facility","9 Charles St","","","BRASSALL","QLD","4305","-27.5944363971349","152.736466939658",3128323,13621,"",22/04/2025,22/04/2025,"9:30","12:30"
"4","QLD","Blair                           ",1,"Special Hospital Team 2                                         ","Blue Care Brassall Aged Care Facility","9 Charles St","","","BRASSALL","QLD","4305","-27.5944363971349","152.736466939658",3128323,13621,"",23/04/2025,23/04/2025,"13:00","14:00"
"4","QLD","Blair                           ",1,"Special Hospital Team 2                                         ","Blue Care Brassall Aged Care Facility","9 Charles St","","","BRASSALL","QLD","4305","-27.5944363971349","152.736466939658",3128323,13621,"",23/04/2025,23/04/2025,"9:30","12:30"
"4","QLD","Blair                           ",1,"Special Hospital Team 2                                         ","Bolton Clarke Milford Grange","32 Grange Rd","","","EASTERN HEIGHTS","QLD","4305","-27.6248004216885","152.779897041155",3128734,63443,"",28/04/2025,28/04/2025,"12:30","14:30"
"4","QLD","Blair                           ",1,"Special Hospital Team 2                                         ","Bolton Clarke Milford Grange","32 Grange Rd","","","EASTERN HEIGHTS","QLD","4305","-27.6248004216885","152.779897041155",3128734,63443,"",28/04/2025,28/04/2025,"9:30","12:00"
"4","QLD","Blair                           ",1,"Special Hospital Team 2                                         ","Villa Maria Centre Eastern Heights","33B Robertson Rd","","","EASTERN HEIGHTS","QLD","4305","-27.628426","152.774864",3128742,13652,"",24/04/2025,24/04/2025,"12:30","14:30"
"4","QLD","Blair                           ",1,"Special Hospital Team 2                                         ","Villa Maria Centre Eastern Heights","33B Robertson Rd","","","EASTERN HEIGHTS","QLD","4305","-27.628426","152.774864",3128742,13652,"",24/04/2025,24/04/2025,"9:30","12:00"
"4","QLD","Blair                           ",1,"Special Hospital Team 3                                         ","Ipswich Hospital","Chelmsford Ave","","","IPSWICH","QLD","4305","-26.937579","152.564574",3137001,126963,"Team 3",28/04/2025,28/04/2025,"13:00","16:30"
"4","QLD","Blair                           ",1,"Special Hospital Team 3                                         ","Ipswich Hospital","Chelmsford Ave","","","IPSWICH","QLD","4305","-26.937579","152.564574",3137001,126963,"Team 3",28/04/2025,28/04/2025,"9:00","12:30"
"4","QLD","Blair                           ",1,"Special Hospital Team 3                                         ","Ipswich Hospital","Chelmsford Ave","","","IPSWICH","QLD","4305","-26.937579","152.564574",3137001,126963,"Team 3",29/04/2025,29/04/2025,"13:00","16:30"
"4","QLD","Blair                           ",1,"Special Hospital Team 3                                         ","Ipswich Hospital","Chelmsford Ave","","","IPSWICH","QLD","4305","-26.937579","152.564574",3137001,126963,"Team 3",29/04/2025,29/04/2025,"9:00","12:30"
"4","QLD","Blair                           ",1,"Special Hospital Team 3                                         ","Ipswich Hospital","Chelmsford Ave","","","IPSWICH","QLD","4305","-26.937579","152.564574",3137001,126963,"Team 3",30/04/2025,30/04/2025,"13:00","16:30"
"4","QLD","Blair                           ",1,"Special Hospital Team 3                                         ","Ipswich Hospital","Chelmsford Ave","","","IPSWICH","QLD","4305","-26.937579","152.564574",3137001,126963,"Team 3",30/04/2025,30/04/2025,"9:00","12:30"
"4","QLD","Blair                           ",1,"Special Hospital Team 3                                         ","Ipswich Hospital","Chelmsford Ave","","","IPSWICH","QLD","4305","-26.937579","152.564574",3137001,126963,"Team 3",01/05/2025,01/05/2025,"13:00","16:30"
"4","QLD","Blair                           ",1,"Special Hospital Team 3                                         ","Ipswich Hospital","Chelmsford Ave","","","IPSWICH","QLD","4305","-26.937579","152.564574",3137001,126963,"Team 3",01/05/2025,01/05/2025,"9:00","12:30"
"4","QLD","Blair                           ",1,"Special Hospital Team 3                                         ","Thomas Henry House","8 Wearne St","","","BOOVAL","QLD","4304","-27.61407711","152.8008592",3128705,130595,"",24/04/2025,24/04/2025,"9:30","12:00"
"4","QLD","Blair                           ",1,"Special Hospital Team 4                                         ","Christine Court","13-21 Christine St","","","NORTH BOOVAL","QLD","4304","-27.60422146","152.79528104",3128718,130590,"",24/04/2025,24/04/2025,"9:30","11:00"
"4","QLD","Blair                           ",1,"Special Hospital Team 4                                         ","Ipswich Hospital","Chelmsford Ave","","","IPSWICH","QLD","4305","-26.937579","152.564574",3137001,126963,"Team 4",29/04/2025,29/04/2025,"13:00","16:30"
"4","QLD","Blair                           ",1,"Special Hospital Team 4                                         ","Ipswich Hospital","Chelmsford Ave","","","IPSWICH","QLD","4305","-26.937579","152.564574",3137001,126963,"Team 4",29/04/2025,29/04/2025,"9:00","12:30"
"4","QLD","Blair                           ",1,"Special Hospital Team 4                                         ","Ipswich Hospital","Chelmsford Ave","","","IPSWICH","QLD","4305","-26.937579","152.564574",3137001,126963,"Team 4",30/04/2025,30/04/2025,"13:00","16:30"
"4","QLD","Blair                           ",1,"Special Hospital Team 4                                         ","Ipswich Hospital","Chelmsford Ave","","","IPSWICH","QLD","4305","-26.937579","152.564574",3137001,126963,"Team 4",30/04/2025,30/04/2025,"9:00","12:30"
"4","QLD","Blair                           ",1,"Special Hospital Team 4                                         ","Ipswich Hospital","Chelmsford Ave","","","IPSWICH","QLD","4305","-26.937579","152.564574",3137001,126963,"Team 4",01/05/2025,01/05/2025,"13:00","16:30"
"4","QLD","Blair                           ",1,"Special Hospital Team 4                                         ","Ipswich Hospital","Chelmsford Ave","","","IPSWICH","QLD","4305","-26.937579","152.564574",3137001,126963,"Team 4",01/05/2025,01/05/2025,"9:00","12:30"
"4","QLD","Blair                           ",1,"Special Hospital Team 4                                         ","Ipswich Hospital - Mental Health Unit","Chelmsford Ave","","","IPSWICH","QLD","4305","-27.62054638","152.76019655",3128608,126966,"",28/04/2025,28/04/2025,"13:00","16:30"
"4","QLD","Blair                           ",1,"Special Hospital Team 4                                         ","Ipswich Hospital - Mental Health Unit","Chelmsford Ave","","","IPSWICH","QLD","4305","-27.62054638","152.76019655",3128608,126966,"",28/04/2025,28/04/2025,"9:00","12:30"
"4","QLD","Blair                           ",1,"Special Hospital Team 4                                         ","Leichhardt One Mile Community Centre","1-17 Denman St","","","LEICHHARDT","QLD","4305","-27.62663466","152.74191263",3129112,130594,"",23/04/2025,23/04/2025,"9:30","12:00"
"4","QLD","Blair                           ",1,"Special Hospital Team 5                                         ","Carinity Colthup Manor","39 Thorn St","","","IPSWICH","QLD","4305","-27.617853","152.763933",3128601,13627,"",28/04/2025,28/04/2025,"9:30","12:30"
"4","QLD","Blair                           ",1,"Special Hospital Team 5                                         ","Infinite Care Ipswich","43 South St","","","IPSWICH","QLD","4305","-27.61595028","152.75912162",3128601,121839,"",29/04/2025,29/04/2025,"13:00","15:00"
"4","QLD","Blair                           ",1,"Special Hospital Team 5                                         ","Infinite Care Ipswich","43 South St","","","IPSWICH","QLD","4305","-27.61595028","152.75912162",3128601,121839,"",29/04/2025,29/04/2025,"9:30","12:30"
"4","QLD","Blair                           ",1,"Special Hospital Team 5                                         ","Riverview Gardens Aged Care Centre","Moggill Ferry Rd","","","RIVERVIEW","QLD","4303","-27.594007","152.849946",3129501,121841,"",22/04/2025,22/04/2025,"12:30","16:00"
"4","QLD","Blair                           ",1,"Special Hospital Team 5                                         ","Riverview Gardens Aged Care Centre","Moggill Ferry Rd","","","RIVERVIEW","QLD","4303","-27.594007","152.849946",3129501,121841,"",22/04/2025,22/04/2025,"9:30","12:00"
"4","QLD","Blair                           ",1,"Special Hospital Team 5                                         ","Riverview Gardens Aged Care Centre","Moggill Ferry Rd","","","RIVERVIEW","QLD","4303","-27.594007","152.849946",3129501,121841,"",23/04/2025,23/04/2025,"12:30","16:00"
"4","QLD","Blair                           ",1,"Special Hospital Team 5                                         ","Riverview Gardens Aged Care Centre","Moggill Ferry Rd","","","RIVERVIEW","QLD","4303","-27.594007","152.849946",3129501,121841,"",23/04/2025,23/04/2025,"9:00","12:00"
"4","QLD","Blair                           ",1,"Special Hospital Team 5                                         ","Riverview Gardens Aged Care Centre","Moggill Ferry Rd","","","RIVERVIEW","QLD","4303","-27.594007","152.849946",3129501,121841,"",24/04/2025,24/04/2025,"12:30","15:00"
"4","QLD","Blair                           ",1,"Special Hospital Team 5                                         ","Riverview Gardens Aged Care Centre","Moggill Ferry Rd","","","RIVERVIEW","QLD","4303","-27.594007","152.849946",3129501,121841,"",24/04/2025,24/04/2025,"9:00","12:00"
"4","QLD","Blair                           ",1,"Special Hospital Team 6                                         ","Blue Care Glenwood Hostel","49 Main St","","","LOWOOD","QLD","4311","-27.45957423","152.57965039",3128130,72302,"",29/04/2025,29/04/2025,"10:30","12:30"
"4","QLD","Blair                           ",1,"Special Hospital Team 6                                         ","Blue Care Toogoolawah Alkira Aged Care Facility","2 Charles St","","","TOOGOOLAWAH","QLD","4313","-27.079898","152.375622",3127801,72301,"",28/04/2025,28/04/2025,"10:00","12:30"
"4","QLD","Blair                           ",1,"Special Hospital Team 6                                         ","Kambu Aboriginal & Torres Strait Islander Corporation for Health","27 Roderick St","","","IPSWICH","QLD","4305","-27.61746028","152.76108169",3128601,130591,"",01/05/2025,01/05/2025,"9:30","12:30"
"4","QLD","Blair                           ",1,"Special Hospital Team 6                                         ","St Andrew's Ipswich Private Hospital","cnr Roderick & Pring St","","","IPSWICH","QLD","4305","-27.6190138999868","152.763234843685",3128605,126964,"",22/04/2025,22/04/2025,"13:00","17:00"
"4","QLD","Blair                           ",1,"Special Hospital Team 6                                         ","St Andrew's Ipswich Private Hospital","cnr Roderick & Pring St","","","IPSWICH","QLD","4305","-27.6190138999868","152.763234843685",3128605,126964,"",22/04/2025,22/04/2025,"9:00","12:30"
"4","QLD","Blair                           ",1,"Special Hospital Team 6                                         ","St Andrew's Ipswich Private Hospital","cnr Roderick & Pring St","","","IPSWICH","QLD","4305","-27.6190138999868","152.763234843685",3128605,126964,"",23/04/2025,23/04/2025,"13:00","17:00"
"4","QLD","Blair                           ",1,"Special Hospital Team 6                                         ","St Andrew's Ipswich Private Hospital","cnr Roderick & Pring St","","","IPSWICH","QLD","4305","-27.6190138999868","152.763234843685",3128605,126964,"",23/04/2025,23/04/2025,"9:00","12:30"
"4","QLD","Blair                           ",1,"Special Hospital Team 6                                         ","Tarampa Lodge","449 Lowood Minden Rd","","","TARAMPA","QLD","4311","-27.505025","152.5562594",3128105,130593,"",30/04/2025,30/04/2025,"10:00","12:00"
"4","QLD","Bonner                          ",2,"Special Hospital Team 1                                         ","Blue Care Wynnum Aged Care Facility","166 Sibley Rd","","","WYNNUM WEST","QLD","4178","-27.443199478268888","153.14896921119453",3102111,12659,"",22/04/2025,22/04/2025,"9:30","15:00"
"4","QLD","Bonner                          ",2,"Special Hospital Team 1                                         ","Blue Care Wynnum Aged Care Facility","166 Sibley Rd","","","WYNNUM WEST","QLD","4178","-27.443199478268888","153.14896921119453",3102111,12659,"",23/04/2025,23/04/2025,"9:30","15:00"
"4","QLD","Bonner                          ",2,"Special Hospital Team 1                                         ","Edwin Marsden Tooth Residential Aged Care","162 Oceana Tce","","","LOTA","QLD","4179","-27.4628525","153.1891629",3101508,90017,"",24/04/2025,24/04/2025,"9:00","16:30"
"4","QLD","Bonner                          ",2,"Special Hospital Team 1                                         ","Lorocco","40 Scrub Rd","","","CARINDALE","QLD","4152","-27.501534989153665","153.11712885478434",3105106,122537,"",01/05/2025,01/05/2025,"9:00","12:00"
"4","QLD","Bonner                          ",2,"Special Hospital Team 1                                         ","TriCare Mt Gravatt Aged Care Residence","20 Somerfield St","","","UPPER MOUNT GRAVATT","QLD","4122","-27.5467120513555","153.082679598303",3106504,12743,"",29/04/2025,29/04/2025,"9:00","14:30"
"4","QLD","Bonner                          ",2,"Special Hospital Team 1                                         ","TriCare Mt Gravatt Aged Care Residence","20 Somerfield St","","","UPPER MOUNT GRAVATT","QLD","4122","-27.5467120513555","153.082679598303",3106504,12743,"",30/04/2025,30/04/2025,"9:00","14:30"
"4","QLD","Bonner                          ",2,"Special Hospital Team 1                                         ","TriCare Upper Mt Gravatt Aged Care Residence","20 Agay St","","","UPPER MOUNT GRAVATT","QLD","4122","-27.55100996126474","153.08366315380366",3106512,35981,"",28/04/2025,28/04/2025,"9:00","14:30"
"4","QLD","Bonner                          ",2,"Special Hospital Team 2                                         ","Carinity Wishart Gardens","14 Glasford St","","","WISHART","QLD","4122","-27.54644418486282","153.09376814313796",3106613,34553,"",28/04/2025,28/04/2025,"9:00","16:00"
"4","QLD","Bonner                          ",2,"Special Hospital Team 2                                         ","Carinity Wishart Gardens","14 Glasford St","","","WISHART","QLD","4122","-27.54644418486282","153.09376814313796",3106613,34553,"",29/04/2025,29/04/2025,"9:00","15:00"
"4","QLD","Bonner                          ",2,"Special Hospital Team 2                                         ","Nazareth House Wynnum","272 Wynnum North Rd","","","WYNNUM","QLD","4178","-27.430457980606064","153.15871034921307",3102025,12658,"",30/04/2025,30/04/2025,"9:00","16:30"
"4","QLD","Bonner                          ",2,"Special Hospital Team 2                                         ","Regis Wynnum","261 Preston Rd","","","WYNNUM WEST","QLD","4178","-27.453154709405048","153.162042666551",3102130,36289,"",22/04/2025,22/04/2025,"9:00","14:30"
"4","QLD","Bonner                          ",2,"Special Hospital Team 2                                         ","Regis Wynnum","261 Preston Rd","","","WYNNUM WEST","QLD","4178","-27.453154709405048","153.162042666551",3102130,36289,"",23/04/2025,23/04/2025,"9:00","13:00"
"4","QLD","Bonner                          ",2,"Special Hospital Team 3                                         ","Esida","79 Foxglove St","","","MOUNT GRAVATT EAST","QLD","4122","-27.5285945","153.0904705",3106338,106245,"",23/04/2025,23/04/2025,"9:00","13:30"
"4","QLD","Bonner                          ",2,"Special Hospital Team 3                                         ","Janoah Gardens","11 Audell St","","","MANLY WEST","QLD","4179","-27.46800177740174","153.17052701029436",3101621,59190,"",22/04/2025,22/04/2025,"9:30","15:30"
"4","QLD","Bonner                          ",2,"Special Hospital Team 3                                         ","St Vincent's Care Services Carina","141 Fursden Rd","","","CARINA","QLD","4152","-27.48629900776247","153.10120030835833",3104914,63258,"",28/04/2025,28/04/2025,"9:00","16:30"
"4","QLD","Bonner                          ",2,"Special Hospital Team 3                                         ","St Vincent's Care Services Carina","141 Fursden Rd","","","CARINA","QLD","4152","-27.48629900776247","153.10120030835833",3104914,63258,"",29/04/2025,29/04/2025,"9:00","16:00"
"4","QLD","Bowman                          ",3,"Special Hospital Team 1                                         ","Adventist Retirement Village - Victoria Point","571 Cleveland-Redland Bay Rd","","","VICTORIA POINT","QLD","4165","-27.59595807831364","153.28416874765395",3101336,12738,"",28/04/2025,28/04/2025,"9:00","15:00"
"4","QLD","Bowman                          ",3,"Special Hospital Team 1                                         ","CapellaBay Aged Care","260 Old Cleveland Rd E","","","CAPALABA","QLD","4157","-27.5185185630976","153.201330139125",3100407,72705,"",30/04/2025,30/04/2025,"9:00","17:00"
"4","QLD","Bowman                          ",3,"Special Hospital Team 1                                         ","Churches of Christ Buckingham Gardens Aged Care Service","8 Buckingham St","","","ALEXANDRA HILLS","QLD","4161","-27.52000900876911","153.2292922362549",3100109,32602,"",24/04/2025,24/04/2025,"14:00","17:00"
"4","QLD","Bowman                          ",3,"Special Hospital Team 1                                         ","Finncare Aged Care","343 Cleveland-Redland Bay Rd","","","THORNLANDS","QLD","4164","-27.5747388","153.2779562",3101245,72707,"",01/05/2025,01/05/2025,"9:00","11:30"
"4","QLD","Bowman                          ",3,"Special Hospital Team 1                                         ","MiCare Prins Willem Alexander Lodge","62 Collingwood Rd","","","BIRKDALE","QLD","4159","-27.495985225592722","153.21871123565055",3100328,36288,"",22/04/2025,22/04/2025,"8:30","17:00"
"4","QLD","Bowman                          ",3,"Special Hospital Team 1                                         ","MiCare Prins Willem Alexander Lodge","62 Collingwood Rd","","","BIRKDALE","QLD","4159","-27.495985225592722","153.21871123565055",3100328,36288,"",23/04/2025,23/04/2025,"8:30","17:00"
"4","QLD","Bowman                          ",3,"Special Hospital Team 1                                         ","Redland Residential Care Facility","3 Weippin St","","","CLEVELAND","QLD","4163","-27.53990687351315","153.25391300762692",3100729,70538,"",29/04/2025,29/04/2025,"8:30","15:00"
"4","QLD","Bowman                          ",3,"Special Hospital Team 2                                         ","Arcare Thornlands","1-9 George Thorn Dr","","","THORNLANDS","QLD","4164","-27.55643030132748","153.275067250271",3101208,122018,"",24/04/2025,24/04/2025,"9:30","15:00"
"4","QLD","Bowman                          ",3,"Special Hospital Team 2                                         ","Infinite Care Cleveland","156-162 Bay St","","","CLEVELAND","QLD","4163","-27.539262225345492","153.25534418221196",3100712,122019,"",29/04/2025,29/04/2025,"9:30","15:30"
"4","QLD","Bowman                          ",3,"Special Hospital Team 2                                         ","Infinite Care Cleveland","156-162 Bay St","","","CLEVELAND","QLD","4163","-27.539262225345492","153.25534418221196",3100712,122019,"",01/05/2025,01/05/2025,"9:30","15:00"
"4","QLD","Bowman                          ",3,"Special Hospital Team 2                                         ","Nareeba Moopi Moopi PA Aged Care Hostel","28 Dickson Way","","","DUNWICH","QLD","4183","-27.49182510219561","153.40924263093257",3155003,126203,"",28/04/2025,28/04/2025,"11:00","12:30"
"4","QLD","Bowman                          ",3,"Special Hospital Team 2                                         ","Regis Birkdale","25 MacGregor Dr","","","BIRKDALE","QLD","4159","-27.4925566554649","153.226770259697",3100332,70540,"",22/04/2025,22/04/2025,"11:00","16:00"
"4","QLD","Bowman                          ",3,"Special Hospital Team 2                                         ","Wellington Park Private Care","16 Balmoral St","","","WELLINGTON POINT","QLD","4160","-27.512966012110297","153.23045370840376",3100616,12663,"",23/04/2025,23/04/2025,"9:00","16:00"
"4","QLD","Bowman                          ",3,"Special Hospital Team 3                                         ","Blue Care Alexandra Hills Nandeebie Aged Care Facility","87 Winchester Rd","","","ALEXANDRA HILLS","QLD","4161","-27.52829031764571","153.23366259899882",3100130,12657,"",22/04/2025,22/04/2025,"10:00","15:00"
"4","QLD","Bowman                          ",3,"Special Hospital Team 3                                         ","Bolton Clarke Moreton Shores","101 King St","","","THORNLANDS","QLD","4164","-27.562187095288465","153.27999488659327",3101244,122017,"",28/04/2025,28/04/2025,"9:00","15:30"
"4","QLD","Bowman                          ",3,"Special Hospital Team 3                                         ","Marebello","537 Cleveland-Redland Bay Rd","","","VICTORIA POINT","QLD","4165","-27.592762507494605","153.2829543930573",3101305,36314,"",23/04/2025,23/04/2025,"9:00","16:00"
"4","QLD","Bowman                          ",3,"Special Hospital Team 3                                         ","Marebello","537 Cleveland-Redland Bay Rd","","","VICTORIA POINT","QLD","4165","-27.592762507494605","153.2829543930573",3101305,36314,"",24/04/2025,24/04/2025,"9:00","11:00"
"4","QLD","Bowman                          ",3,"Special Hospital Team 3                                         ","Seaton Place Aged Care","111 Smith St","","","CLEVELAND","QLD","4163","-27.5393107","153.2583661",3100712,104551,"",29/04/2025,29/04/2025,"9:00","16:30"
"4","QLD","Bowman                          ",3,"Special Hospital Team 3                                         ","Seaton Place Aged Care","111 Smith St","","","CLEVELAND","QLD","4163","-27.5393107","153.2583661",3100712,104551,"",30/04/2025,30/04/2025,"9:00","16:30"
"4","QLD","Bowman                          ",3,"Special Hospital Team 3                                         ","Sylvan Woods Nursing Home","500 Old Cleveland Rd E","","","BIRKDALE","QLD","4159","-27.5058971241353","153.21764011879586",3100313,71581,"",01/05/2025,01/05/2025,"13:30","17:00"
"4","QLD","Brisbane                        ",4,"Other Mobile Team 1                                             ","3rd Space Brisbane","505 Brunswick St","","","FORTITUDE VALLEY","QLD","4006","-27.461344336670958","153.03828980203392",3110926,106058,"",29/04/2025,29/04/2025,"10:00","14:00"
"4","QLD","Brisbane                        ",4,"Other Mobile Team 1                                             ","Bric Housing","56 Little Edward St","","","SPRING HILL","QLD","4000","-27.46157344978741","153.0240966212941",3111101,120592,"",30/04/2025,30/04/2025,"10:00","14:00"
"4","QLD","Brisbane                        ",4,"Other Mobile Team 1                                             ","Clayfield House","8 London Rd","","","CLAYFIELD","QLD","4011","-27.420227853986344","153.0543903177888",3112223,143408,"",01/05/2025,01/05/2025,"9:00","12:30"
"4","QLD","Brisbane                        ",4,"Other Mobile Team 1                                             ","Herston Lodge","129 Butterfield St","","","HERSTON","QLD","4006","-27.44485511796435","153.02233083825652",3112614,126205,"",28/04/2025,28/04/2025,"10:00","15:00"
"4","QLD","Brisbane                        ",4,"Special Hospital Team 1                                         ","Bupa New Farm","193 Moray St","","","NEW FARM","QLD","4005","-27.47163153807676","153.04376722615345",3110914,12687,"",30/04/2025,30/04/2025,"9:00","16:00"
"4","QLD","Brisbane                        ",4,"Special Hospital Team 1                                         ","Carinity Clifford House","44 Jimbour St","","","KALINGA","QLD","4030","-27.41232664267551","153.0493631093762",3113101,12902,"",24/04/2025,24/04/2025,"9:00","13:30"
"4","QLD","Brisbane                        ",4,"Special Hospital Team 1                                         ","Carinity Hilltop","23 Rochester Tce","","","KELVIN GROVE","QLD","4059","-27.455968167955277","153.01494326276492",3112618,12686,"",23/04/2025,23/04/2025,"9:00","15:30"
"4","QLD","Brisbane                        ",4,"Special Hospital Team 1                                         ","Newstead Grand Care Community","50 Longland St","","","NEWSTEAD","QLD","4006","-27.450563046727613","153.04441607163886",3112825,104974,"",22/04/2025,22/04/2025,"9:30","15:30"
"4","QLD","Brisbane                        ",4,"Special Hospital Team 1                                         ","Ozcare Villa Rosalie","43 Evelyn St","","","NEWSTEAD","QLD","4006","-27.44744571717854","153.04533813997386",3110909,12681,"",01/05/2025,01/05/2025,"9:00","14:30"
"4","QLD","Brisbane                        ",4,"Special Hospital Team 1                                         ","Regis Lutwyche","8-10 Perry St","","","LUTWYCHE","QLD","4030","-27.415838025871402","153.03549399469435",3113108,123198,"",28/04/2025,28/04/2025,"9:00","16:30"
"4","QLD","Brisbane                        ",4,"Special Hospital Team 1                                         ","TriCare Ashgrove Aged Care Residence","31 Nathan Ave","","","ASHGROVE","QLD","4060","-27.448233660386922","152.99413569979484",3113231,126206,"",29/04/2025,29/04/2025,"9:00","16:30"
"4","QLD","Brisbane                        ",4,"Special Hospital Team 2                                         ","Portofino Hamilton","101-109 Allen St","","","HAMILTON","QLD","4007","-27.43706458","153.069719",3112408,104973,"",22/04/2025,22/04/2025,"9:00","15:30"
"4","QLD","Brisbane                        ",4,"Special Hospital Team 2                                         ","Portofino Hamilton","101-109 Allen St","","","HAMILTON","QLD","4007","-27.43706458","153.069719",3112408,104973,"",23/04/2025,23/04/2025,"9:00","15:00"
"4","QLD","Brisbane                        ",4,"Special Hospital Team 2                                         ","St Andrew's War Memorial Hospital","457 Wickham Tce","","","SPRING HILL","QLD","4000","-27.46131017599056","153.02100634972595",3111101,127331,"",29/04/2025,29/04/2025,"9:00","17:00"
"4","QLD","Brisbane                        ",4,"Special Hospital Team 2                                         ","St Andrew's War Memorial Hospital","457 Wickham Tce","","","SPRING HILL","QLD","4000","-27.46131017599056","153.02100634972595",3111101,127331,"",30/04/2025,30/04/2025,"9:30","17:00"
"4","QLD","Brisbane                        ",4,"Special Hospital Team 2                                         ","St Andrew's War Memorial Hospital","457 Wickham Tce","","","SPRING HILL","QLD","4000","-27.46131017599056","153.02100634972595",3111101,127331,"",01/05/2025,01/05/2025,"9:30","17:00"
"4","QLD","Brisbane                        ",4,"Special Hospital Team 2                                         ","Villa Maria Centre Fortitude Valley","171 St Pauls Tce","","","FORTITUDE VALLEY","QLD","4006","-27.458650255339","153.029740985122",3110621,31919,"",28/04/2025,28/04/2025,"9:00","14:30"
"4","QLD","Brisbane                        ",4,"Special Hospital Team 2                                         ","Woodlands Aged Care and NDIS Services","34 Free St","","","NEWMARKET","QLD","4051","-27.441633757294806","153.00413671758585",3112707,12690,"",24/04/2025,24/04/2025,"9:00","12:00"
"4","QLD","Capricornia                     ",5,"Other Mobile Team 1                                             ","Capricornia Correctional Centre","Bruce Hwy","","","ETNA CREEK","QLD","4702","-23.23135713751178","150.47042149263336",3120912,123795,"Farm Side",01/05/2025,01/05/2025,"8:30","10:30"
"4","QLD","Capricornia                     ",5,"Other Mobile Team 1                                             ","Capricornia Correctional Centre","Bruce Hwy","","","ETNA CREEK","QLD","4702","-23.23135713751178","150.47042149263336",3120912,123795,"Main",30/04/2025,30/04/2025,"13:00","16:00"
"4","QLD","Capricornia                     ",5,"Other Mobile Team 1                                             ","Capricornia Correctional Centre","Bruce Hwy","","","ETNA CREEK","QLD","4702","-23.23135713751178","150.47042149263336",3120912,123795,"Main",30/04/2025,30/04/2025,"9:00","12:00"
"4","QLD","Capricornia                     ",5,"Other Mobile Team 2                                             ","Capricornia Correctional Centre 2","Bruce Hwy","","","ETNA CREEK","QLD","4702","-23.23135713751178","150.47042149263336",3120912,143044,"Main 2",30/04/2025,30/04/2025,"13:00","16:00"
"4","QLD","Capricornia                     ",5,"Other Mobile Team 2                                             ","Capricornia Correctional Centre 2","Bruce Hwy","","","ETNA CREEK","QLD","4702","-23.23135713751178","150.47042149263336",3120912,143044,"Main 2",30/04/2025,30/04/2025,"9:00","12:00"
"4","QLD","Capricornia                     ",5,"Other Mobile Team 2                                             ","Capricornia Correctional Centre 2","Bruce Hwy","","","ETNA CREEK","QLD","4702","-23.23135713751178","150.47042149263336",3120912,143044,"Main 2",01/05/2025,01/05/2025,"8:30","10:30"
"4","QLD","Capricornia                     ",5,"Remote Mobile Team 1                                            ","Broadsound Centenary Hall","7 Railway Pde","","","ST LAWRENCE","QLD","4707","-22.3496596","149.52491693",3133821,123415,"",24/04/2025,24/04/2025,"13:30","16:30"
"4","QLD","Capricornia                     ",5,"Remote Mobile Team 1                                            ","Centenary Park","Dempsey St","","","OGMORE","QLD","4706","-22.619672566351035","149.65752890511237",3121903,123410,"",26/04/2025,26/04/2025,"8:30","11:30"
"4","QLD","Capricornia                     ",5,"Remote Mobile Team 1                                            ","Clairview Daytime Rest Area","96 Colonial Dr","","","CLAIRVIEW","QLD","4741","-22.1051262149546","149.526935594936",3133821,123408,"",24/04/2025,24/04/2025,"8:30","11:30"
"4","QLD","Capricornia                     ",5,"Remote Mobile Team 1                                            ","Glenden Recreation Centre","1 Ewan Dr","","","GLENDEN","QLD","4743","-21.35870154595273","148.11539312126536",3133806,123409,"",22/04/2025,22/04/2025,"14:00","17:00"
"4","QLD","Capricornia                     ",5,"Remote Mobile Team 1                                            ","Marlborough Public Hall","21-23 Milman St","","","MARLBOROUGH","QLD","4705","-22.812994458982615","149.89233118843978",3121903,124199,"",26/04/2025,26/04/2025,"14:00","17:00"
"4","QLD","Capricornia                     ",5,"Remote Mobile Team 1                                            ","Plumtree Store","253 Banksia Rd","","","STANAGE","QLD","4702","-22.135666928628645","150.0354589916211",3121903,123412,"",28/04/2025,28/04/2025,"10:30","13:30"
"4","QLD","Capricornia                     ",5,"Remote Mobile Team 1                                            ","The Homestead at Lotus Creek","12287 Marlborough Sarina Rd","","","LOTUS CREEK","QLD","4705","-22.347927234511396","149.10253682370168",3133812,123414,"",23/04/2025,23/04/2025,"10:30","13:30"
"4","QLD","Capricornia                     ",5,"Special Hospital Team 1                                         ","Blue Care Capricorn Aged Care Facility","26 Magpie Ave","","","YEPPOON","QLD","4703","-23.1397901291266","150.720396112179",3122347,50084,"",30/04/2025,30/04/2025,"13:30","16:00"
"4","QLD","Capricornia                     ",5,"Special Hospital Team 1                                         ","Bolton Clarke Sunset Ridge","44 Svendsen Rd","","","ZILZIE","QLD","4710","-23.2732928987751","150.813949859613",3120711,51935,"",22/04/2025,22/04/2025,"13:30","16:30"
"4","QLD","Capricornia                     ",5,"Special Hospital Team 1                                         ","Bolton Clarke Sunset Ridge","44 Svendsen Rd","","","ZILZIE","QLD","4710","-23.2732928987751","150.813949859613",3120711,51935,"",22/04/2025,22/04/2025,"9:00","12:30"
"4","QLD","Capricornia                     ",5,"Special Hospital Team 1                                         ","Capricorn Adventist Retirement Village","150 Rockhampton Rd","","","YEPPOON","QLD","4703","-23.1387638498926","150.728895431537",3122350,33817,"",01/05/2025,01/05/2025,"13:00","14:45"
"4","QLD","Capricornia                     ",5,"Special Hospital Team 1                                         ","Capricorn Adventist Retirement Village","150 Rockhampton Rd","","","YEPPOON","QLD","4703","-23.1387638498926","150.728895431537",3122350,33817,"",01/05/2025,01/05/2025,"15:00","17:00"
"4","QLD","Capricornia                     ",5,"Special Hospital Team 1                                         ","Capricorn Adventist Retirement Village","150 Rockhampton Rd","","","YEPPOON","QLD","4703","-23.1387638498926","150.728895431537",3122350,33817,"",01/05/2025,01/05/2025,"9:00","12:00"
"4","QLD","Capricornia                     ",5,"Special Hospital Team 1                                         ","Carinity Shalom","121 Maloney St","","","KAWANA","QLD","4701","-23.3383951606566","150.498545740832",3121502,40946,"",28/04/2025,28/04/2025,"13:00","17:00"
"4","QLD","Capricornia                     ",5,"Special Hospital Team 1                                         ","Carinity Shalom","121 Maloney St","","","KAWANA","QLD","4701","-23.3383951606566","150.498545740832",3121502,40946,"",28/04/2025,28/04/2025,"9:00","12:00"
"4","QLD","Capricornia                     ",5,"Special Hospital Team 1                                         ","Leinster Place","3 Pearce St","","","PARK AVENUE","QLD","4701","-23.3517612728154","150.521235547385",3121401,34506,"",29/04/2025,29/04/2025,"14:00","16:45"
"4","QLD","Capricornia                     ",5,"Special Hospital Team 1                                         ","Leinster Place","3 Pearce St","","","PARK AVENUE","QLD","4701","-23.3517612728154","150.521235547385",3121401,34506,"",29/04/2025,29/04/2025,"9:00","12:45"
"4","QLD","Capricornia                     ",5,"Special Hospital Team 1                                         ","Rockhampton Base Hospital - Mental Health Unit","8 Canning St","","","ROCKHAMPTON","QLD","4700","-23.38091","150.49645",3122204,128196,"",24/04/2025,24/04/2025,"10:00","13:00"
"4","QLD","Capricornia                     ",5,"Special Hospital Team 1                                         ","Rockhampton Base Hospital - Mental Health Unit","8 Canning St","","","ROCKHAMPTON","QLD","4700","-23.38091","150.49645",3122204,128196,"",24/04/2025,24/04/2025,"13:30","16:00"
"4","QLD","Capricornia                     ",5,"Special Hospital Team 1                                         ","Rockhampton Mental Health Community Care Unit","8 MacNevin St","","","NORMAN GARDENS","QLD","4701","-23.33634","150.52949",3121312,126351,"",30/04/2025,30/04/2025,"10:30","12:00"
"4","QLD","Capricornia                     ",5,"Special Hospital Team 2                                         ","Alexandra Gardens ","20 Withers St","","","KAWANA","QLD","4701","-23.339787","150.504266",3121507,12702,"",22/04/2025,22/04/2025,"13:00","17:00"
"4","QLD","Capricornia                     ",5,"Special Hospital Team 2                                         ","Alexandra Gardens ","20 Withers St","","","KAWANA","QLD","4701","-23.339787","150.504266",3121507,12702,"",22/04/2025,22/04/2025,"9:00","12:00"
"4","QLD","Capricornia                     ",5,"Special Hospital Team 2                                         ","Alexandra Gardens ","20 Withers St","","","KAWANA","QLD","4701","-23.339787","150.504266",3121507,12702,"",23/04/2025,23/04/2025,"10:00","12:00"
"4","QLD","Capricornia                     ",5,"Special Hospital Team 2                                         ","Alexandra Gardens ","20 Withers St","","","KAWANA","QLD","4701","-23.339787","150.504266",3121507,12702,"",23/04/2025,23/04/2025,"13:00","13:45"
"4","QLD","Capricornia                     ",5,"Special Hospital Team 2                                         ","Alexandra Gardens ","20 Withers St","","","KAWANA","QLD","4701","-23.339787","150.504266",3121507,12702,"",23/04/2025,23/04/2025,"9:00","9:45"
"4","QLD","Capricornia                     ",5,"Special Hospital Team 2                                         ","Benevolent Living","60 West St","","","THE RANGE","QLD","4700","-23.378237","150.499687",3122216,12696,"",29/04/2025,29/04/2025,"13:00","15:30"
"4","QLD","Capricornia                     ",5,"Special Hospital Team 2                                         ","Benevolent Living","60 West St","","","THE RANGE","QLD","4700","-23.378237","150.499687",3122216,12696,"",29/04/2025,29/04/2025,"9:00","12:00"
"4","QLD","Capricornia                     ",5,"Special Hospital Team 2                                         ","Benevolent Living","60 West St","","","THE RANGE","QLD","4700","-23.378237","150.499687",3122216,12696,"",30/04/2025,30/04/2025,"13:00","14:00"
"4","QLD","Capricornia                     ",5,"Special Hospital Team 2                                         ","Benevolent Living","60 West St","","","THE RANGE","QLD","4700","-23.378237","150.499687",3122216,12696,"",30/04/2025,30/04/2025,"9:00","12:00"
"4","QLD","Capricornia                     ",5,"Special Hospital Team 2                                         ","Bethesda Aged Care Centre","58 Talford St","","","THE RANGE","QLD","4700","-23.3795084408953","150.497424716581",3122216,12698,"",24/04/2025,24/04/2025,"13:00","16:45"
"4","QLD","Capricornia                     ",5,"Special Hospital Team 2                                         ","Bethesda Aged Care Centre","58 Talford St","","","THE RANGE","QLD","4700","-23.3795084408953","150.497424716581",3122216,12698,"",24/04/2025,24/04/2025,"9:00","12:00"
"4","QLD","Capricornia                     ",5,"Special Hospital Team 2                                         ","Eventide Home Rockhampton","97 Campbell St","","","WANDAL","QLD","4700","-23.37197","150.50177",3121602,12699,"",28/04/2025,28/04/2025,"13:00","14:15"
"4","QLD","Capricornia                     ",5,"Special Hospital Team 2                                         ","Eventide Home Rockhampton","97 Campbell St","","","WANDAL","QLD","4700","-23.37197","150.50177",3121602,12699,"",28/04/2025,28/04/2025,"9:00","11:45"
"4","QLD","Capricornia                     ",5,"Special Hospital Team 2                                         ","McAuley Place","263 Agnes St","","","THE RANGE","QLD","4700","-23.3932668508254","150.495389275307",3122212,33815,"",01/05/2025,01/05/2025,"13:00","14:15"
"4","QLD","Capricornia                     ",5,"Special Hospital Team 2                                         ","McAuley Place","263 Agnes St","","","THE RANGE","QLD","4700","-23.3932668508254","150.495389275307",3122212,33815,"",01/05/2025,01/05/2025,"9:00","11:45"
"4","QLD","Capricornia                     ",5,"Special Hospital Team 3                                         ","Emergency and Long Term Accommodation Moranbah Inc","2 Appleton St","","","MORANBAH","QLD","4744","-22.00083","148.05035",3134103,128204,"",23/04/2025,23/04/2025,"10:30","12:00"
"4","QLD","Capricornia                     ",5,"Special Hospital Team 3                                         ","Emergency and Long Term Accommodation Moranbah Inc","2 Appleton St","","","MORANBAH","QLD","4744","-22.00083","148.05035",3134103,128204,"",23/04/2025,23/04/2025,"12:30","14:30"
"4","QLD","Capricornia                     ",5,"Special Hospital Team 3                                         ","Nanyima Aged Care","61 Alexandra St","","","MIRANI","QLD","4754","-21.15927","148.87197",3135115,122092,"",22/04/2025,22/04/2025,"13:00","15:00"
"4","QLD","Capricornia                     ",5,"Special Hospital Team 3                                         ","Nanyima Aged Care","61 Alexandra St","","","MIRANI","QLD","4754","-21.15927","148.87197",3135115,122092,"",22/04/2025,22/04/2025,"9:00","12:00"
"4","QLD","Capricornia                     ",5,"Special Hospital Team 3                                         ","Sarina Aged Residential Home Inc","18-32 Hoey St","","","SARINA","QLD","4737","-21.421768","149.221252",3135207,12722,"",24/04/2025,24/04/2025,"13:00","14:00"
"4","QLD","Capricornia                     ",5,"Special Hospital Team 3                                         ","Sarina Aged Residential Home Inc","18-32 Hoey St","","","SARINA","QLD","4737","-21.421768","149.221252",3135207,12722,"",24/04/2025,24/04/2025,"9:00","12:00"
"4","QLD","Capricornia                     ",5,"Special Hospital Team 4                                         ","Bethany ","75 Ward St","","","THE RANGE","QLD","4700","-23.397857","150.495816",3122215,12697,"",28/04/2025,28/04/2025,"13:00","14:00"
"4","QLD","Capricornia                     ",5,"Special Hospital Team 4                                         ","Bethany ","75 Ward St","","","THE RANGE","QLD","4700","-23.397857","150.495816",3122215,12697,"",28/04/2025,28/04/2025,"14:15","17:00"
"4","QLD","Capricornia                     ",5,"Special Hospital Team 4                                         ","Bethany ","75 Ward St","","","THE RANGE","QLD","4700","-23.397857","150.495816",3122215,12697,"",28/04/2025,28/04/2025,"9:00","12:00"
"4","QLD","Capricornia                     ",5,"Special Hospital Team 4                                         ","Bidgerdii Community Health Service - Wellness Hub","115 Elphinstone Street ","","","BERSERKER","QLD","4701","-23.35901228","150.52722601",3120504,142978,"",23/04/2025,23/04/2025,"10:00","13:30"
"4","QLD","Capricornia                     ",5,"Special Hospital Team 4                                         ","Central Queensland Indigenous Development Ltd","Building 26","Darambal Rd","Central Queensland University","NORTH ROCKHAMPTON","QLD","4701","-23.32192","150.52187",3121322,142980,"",24/04/2025,24/04/2025,"9:00","12:30"
"4","QLD","Capricornia                     ",5,"Special Hospital Team 4                                         ","Hillcrest Rockhampton Private Hospital - Ramsay Clinic","4 Talford St","","","THE RANGE","QLD","4700","-23.37774911","150.4963245",3122216,142982,"",22/04/2025,22/04/2025,"10:00","13:00"
"4","QLD","Capricornia                     ",5,"Special Hospital Team 4                                         ","Hillcrest Rockhampton Private Hospital - Ramsay Clinic","4 Talford St","","","THE RANGE","QLD","4700","-23.37774911","150.4963245",3122216,142982,"",22/04/2025,22/04/2025,"13:30","16:00"
"4","QLD","Capricornia                     ",5,"Special Hospital Team 4                                         ","North Rockhampton Nursing Centre","691-711 Norman Rd","","","NORMAN GARDENS","QLD","4701","-23.3270410633839","150.529791679238",3121319,33824,"",29/04/2025,29/04/2025,"9:00","12:00"
"4","QLD","Capricornia                     ",5,"Special Hospital Team 4                                         ","Rockhampton Base Hospital","8 Canning St","","","THE RANGE","QLD","4700","-23.379975970676","150.494950416753",3122204,142985,"New Building 2",30/04/2025,30/04/2025,"12:00","17:00"
"4","QLD","Capricornia                     ",5,"Special Hospital Team 4                                         ","Rockhampton Base Hospital","8 Canning St","","","THE RANGE","QLD","4700","-23.379975970676","150.494950416753",3122204,142985,"New Building 2",01/05/2025,01/05/2025,"12:00","17:00"
"4","QLD","Dawson                          ",6,"Other Mobile Team 1                                             ","Townsville Correctional Centre ","22 Dwyer St","","","STUART","QLD","4811","-19.34994","146.84548",3149101,123790,"Men's Corrections",22/04/2025,22/04/2025,"13:00","16:30"
"4","QLD","Dawson                          ",6,"Other Mobile Team 1                                             ","Townsville Correctional Centre ","22 Dwyer St","","","STUART","QLD","4811","-19.34994","146.84548",3149101,123790,"Men's Corrections",22/04/2025,22/04/2025,"9:00","12:00"
"4","QLD","Dawson                          ",6,"Other Mobile Team 1                                             ","Townsville Correctional Centre ","22 Dwyer St","","","STUART","QLD","4811","-19.34994","146.84548",3149101,123790,"Men's Corrections",23/04/2025,23/04/2025,"13:00","16:30"
"4","QLD","Dawson                          ",6,"Other Mobile Team 1                                             ","Townsville Correctional Centre ","22 Dwyer St","","","STUART","QLD","4811","-19.34994","146.84548",3149101,123790,"Men's Corrections",23/04/2025,23/04/2025,"9:00","12:00"
"4","QLD","Dawson                          ",6,"Other Mobile Team 1                                             ","Townsville Correctional Centre ","22 Dwyer St","","","STUART","QLD","4811","-19.34994","146.84548",3149101,123790,"Men's Corrections",24/04/2025,24/04/2025,"13:00","16:30"
"4","QLD","Dawson                          ",6,"Other Mobile Team 1                                             ","Townsville Correctional Centre ","22 Dwyer St","","","STUART","QLD","4811","-19.34994","146.84548",3149101,123790,"Men's Corrections",24/04/2025,24/04/2025,"9:00","12:00"
"4","QLD","Dawson                          ",6,"Other Mobile Team 2                                             ","Townsville Correctional Centre ","22 Dwyer St","","","STUART","QLD","4811","-19.34994","146.84548",3149101,123790,"Women's Corrections",22/04/2025,22/04/2025,"13:00","16:30"
"4","QLD","Dawson                          ",6,"Other Mobile Team 2                                             ","Townsville Correctional Centre ","22 Dwyer St","","","STUART","QLD","4811","-19.34994","146.84548",3149101,123790,"Women's Corrections",22/04/2025,22/04/2025,"9:00","12:00"
"4","QLD","Dawson                          ",6,"Other Mobile Team 2                                             ","Townsville Correctional Centre ","22 Dwyer St","","","STUART","QLD","4811","-19.34994","146.84548",3149101,123790,"Women's Corrections",23/04/2025,23/04/2025,"13:00","16:30"
"4","QLD","Dawson                          ",6,"Other Mobile Team 2                                             ","Townsville Correctional Centre ","22 Dwyer St","","","STUART","QLD","4811","-19.34994","146.84548",3149101,123790,"Women's Corrections",23/04/2025,23/04/2025,"9:00","12:00"
"4","QLD","Dawson                          ",6,"Other Mobile Team 2                                             ","Townsville Correctional Centre ","22 Dwyer St","","","STUART","QLD","4811","-19.34994","146.84548",3149101,123790,"Women's Corrections",24/04/2025,24/04/2025,"13:00","16:30"
"4","QLD","Dawson                          ",6,"Other Mobile Team 2                                             ","Townsville Correctional Centre ","22 Dwyer St","","","STUART","QLD","4811","-19.34994","146.84548",3149101,123790,"Women's Corrections",24/04/2025,24/04/2025,"9:00","12:00"
"4","QLD","Dawson                          ",6,"Special Hospital Team 1                                         ","Blue Care Mackay Homefield Aged Care Facility","95-97 George St","","","WEST MACKAY","QLD","4740","-21.149885","149.1722933",3135804,123347,"",28/04/2025,28/04/2025,"9:00","14:00"
"4","QLD","Dawson                          ",6,"Special Hospital Team 1                                         ","Eureka Cascade Gardens Mackay","15-21 Oak St","","","ANDERGROVE","QLD","4740","-21.09800619","149.18720727",3134233,126348,"",22/04/2025,22/04/2025,"9:00","13:30"
"4","QLD","Dawson                          ",6,"Special Hospital Team 1                                         ","Francis of Assisi Home","2 Dupuy St","","","WEST MACKAY","QLD","4740","-21.1544916056249","149.16358901474",3135811,121775,"",24/04/2025,24/04/2025,"9:00","14:30"
"4","QLD","Dawson                          ",6,"Special Hospital Team 1                                         ","Glenella Care","35 Davey St","","","GLENELLA","QLD","4740","-21.1162584737478","149.145230059892",3134810,123346,"",23/04/2025,23/04/2025,"9:00","14:00"
"4","QLD","Dawson                          ",6,"Special Hospital Team 1                                         ","Mackay Hospital & Health Service - Mental Health Inpatient Unit","475 Bridge Rd","","","WEST MACKAY","QLD","4740","-21.14685418","149.15492884",3135809,129690,"",23/04/2025,23/04/2025,"15:00","17:30"
"4","QLD","Dawson                          ",6,"Special Hospital Team 1                                         ","Mackay Hospital and Health Service","475 Bridge Rd","","","WEST MACKAY","QLD","4740","-21.1468541848268","149.15492883617",3135809,129691,"",29/04/2025,29/04/2025,"9:00","15:00"
"4","QLD","Dawson                          ",6,"Special Hospital Team 1                                         ","Mackay Hospital and Health Service","475 Bridge Rd","","","WEST MACKAY","QLD","4740","-21.1468541848268","149.15492883617",3135809,129691,"",30/04/2025,30/04/2025,"9:00","15:00"
"4","QLD","Dawson                          ",6,"Special Hospital Team 2                                         ","Carinity Fairfield Grange","33 Kokoda St","","","IDALIA","QLD","4811","-19.3063864903221","146.80702438650576",3148719,123345,"",22/04/2025,22/04/2025,"10:30","15:00"
"4","QLD","Dawson                          ",6,"Special Hospital Team 2                                         ","The Good Shepherd Home","565 University Rd","","","ANNANDALE","QLD","4814","-19.3096096584493","146.763103444294",3146803,121777,"",23/04/2025,23/04/2025,"9:00","17:00"
"4","QLD","Dawson                          ",6,"Special Hospital Team 3                                         ","Bolton Clarke Cunningham Villas ","1A Tollington Rd","","","BOWEN","QLD","4805","-19.9930532794713","148.242174485018",3133710,123343,"",28/04/2025,28/04/2025,"10:00","14:00"
"4","QLD","Dawson                          ",6,"Special Hospital Team 3                                         ","Murroona Gardens","46 Wests La","","","BOWEN","QLD","4805","-19.9915586","148.2383645",3133721,121776,"",22/04/2025,22/04/2025,"9:00","16:00"
"4","QLD","Dawson                          ",6,"Special Hospital Team 3                                         ","Proserpine Nursing Home","42 Anzac Rd","","","PROSERPINE","QLD","4800","-20.403741","148.57349",3136110,122082,"",29/04/2025,29/04/2025,"10:00","15:00"
"4","QLD","Dawson                          ",6,"Special Hospital Team 3                                         ","Regis Ayr","9A-27A Chippendale St","","","AYR","QLD","4807","-19.5634045995499","147.405650465531",3146009,122083,"",23/04/2025,23/04/2025,"10:30","14:30"
"4","QLD","Dawson                          ",6,"Special Hospital Team 3                                         ","Regis Home Hill ","127-141 Tenth Ave","","","HOME HILL","QLD","4806","-19.65586","147.413903",3146124,123349,"",24/04/2025,24/04/2025,"10:00","14:00"
"4","QLD","Dawson                          ",6,"Special Hospital Team 4                                         ","Good Shepherd Lodge","15 McIntyre St","","","EAST MACKAY","QLD","4740","-21.1549932482507","149.194495592211",3134312,121707,"",22/04/2025,22/04/2025,"9:00","16:00"
"4","QLD","Dawson                          ",6,"Special Hospital Team 4                                         ","Good Shepherd Lodge","15 McIntyre St","","","EAST MACKAY","QLD","4740","-21.1549932482507","149.194495592211",3134312,121707,"",23/04/2025,23/04/2025,"9:00","14:00"
"4","QLD","Dawson                          ",6,"Special Hospital Team 4                                         ","Kerrisdale Gardens","35 Norwood Pde","","","BEACONSFIELD","QLD","4740","-21.0785252046814","149.16000085234",3134208,123348,"",24/04/2025,24/04/2025,"9:00","15:00"
"4","QLD","Dawson                          ",6,"Special Hospital Team 4                                         ","Ozcare Mackay","15 Charlotte St","","","WEST MACKAY","QLD","4740","-21.15338","149.15168",3135010,123356,"",29/04/2025,29/04/2025,"9:30","15:00"
"4","QLD","Dawson                          ",6,"Special Hospital Team 4                                         ","Resthaven on Quarry","15 Quarry St","","","NORTH MACKAY","QLD","4740","-21.1169718868419","149.181665516905",3134912,123350,"",30/04/2025,30/04/2025,"9:00","10:30"
"4","QLD","Dickson                         ",7,"Special Hospital Team 1                                         ","Anam Cara","52 Lavarack Rd","","","BRAY PARK","QLD","4500","-27.29895","152.961245",3139111,41858,"",30/04/2025,30/04/2025,"13:00","15:00"
"4","QLD","Dickson                         ",7,"Special Hospital Team 1                                         ","Anam Cara","52 Lavarack Rd","","","BRAY PARK","QLD","4500","-27.29895","152.961245",3139111,41858,"",30/04/2025,30/04/2025,"9:00","12:30"
"4","QLD","Dickson                         ",7,"Special Hospital Team 1                                         ","Bellevue Care Centre","53 Linkwood Dr","","","FERNY HILLS","QLD","4055","-27.3868835950231","152.932460234573",3138660,36303,"",23/04/2025,23/04/2025,"13:00","16:30"
"4","QLD","Dickson                         ",7,"Special Hospital Team 1                                         ","Blue Care Kallangur Pilgrim Aged Care Facility","40 Narangba Rd","","","KALLANGUR","QLD","4503","-27.251173","152.980054",3157711,122070,"",28/04/2025,28/04/2025,"9:00","12:00"
"4","QLD","Dickson                         ",7,"Special Hospital Team 1                                         ","Blue Care Lawnton Pine Woods Aged Care Facility","260 Francis Rd","","","LAWNTON","QLD","4501","-27.282356","152.956484",3139205,122069,"",29/04/2025,29/04/2025,"9:00","12:30"
"4","QLD","Dickson                         ",7,"Special Hospital Team 1                                         ","Bolton Clarke Inverpine","54 Ogg Rd","","","MURRUMBA DOWNS","QLD","4503","-27.262885","153.010649",3138931,33789,"",01/05/2025,01/05/2025,"9:00","12:30"
"4","QLD","Dickson                         ",7,"Special Hospital Team 1                                         ","Estia Health Albany Creek","55 Faheys Rd W","","","ALBANY CREEK","QLD","4035","-27.3500523980543","152.965660805649",3138219,122067,"",23/04/2025,23/04/2025,"8:30","11:00"
"4","QLD","Dickson                         ",7,"Special Hospital Team 1                                         ","Maranatha Aged Care","1582 Anzac Ave","","","KALLANGUR","QLD","4503","-27.2449674","153.0096978",3157702,70574,"",22/04/2025,22/04/2025,"13:00","14:00"
"4","QLD","Dickson                         ",7,"Special Hospital Team 1                                         ","Maranatha Aged Care","1582 Anzac Ave","","","KALLANGUR","QLD","4503","-27.2449674","153.0096978",3157702,70574,"",22/04/2025,22/04/2025,"9:00","12:30"
"4","QLD","Dickson                         ",7,"Special Hospital Team 1                                         ","Pine Rivers Private Hospital - Mental health unit","34 Dixon St","","","STRATHPINE","QLD","4500","-27.3084884","152.99490878",3139419,127288,"",28/04/2025,28/04/2025,"14:00","17:00"
"4","QLD","Dickson                         ",7,"Special Hospital Team 1                                         ","Strathpine Aged Care","5 Bland St","","","STRATHPINE","QLD","4500","-27.30330315","152.98502431",3139411,143038,"",24/04/2025,24/04/2025,"11:30","15:00"
"4","QLD","Dickson                         ",7,"Special Hospital Team 1                                         ","Strathpine Aged Care","5 Bland St","","","STRATHPINE","QLD","4500","-27.30330315","152.98502431",3139411,143038,"",24/04/2025,24/04/2025,"15:30","17:00"
"4","QLD","Fadden                          ",8,"Special Hospital Team 1                                         ","501 Care Centre","501 Pine Ridge Rd","","","BIGGERA WATERS","QLD","4216","-27.922144","153.384512",3123619,123213,"",29/04/2025,29/04/2025,"13:30","15:30"
"4","QLD","Fadden                          ",8,"Special Hospital Team 1                                         ","Arcare Helensvale","103 Lindfield Rd","","","HELENSVALE","QLD","4212","-27.9236719596451","153.333110363006",3125202,123207,"",01/05/2025,01/05/2025,"10:00","13:00"
"4","QLD","Fadden                          ",8,"Special Hospital Team 1                                         ","Arcare Helensvale St James","40-44 Helensvale Rd","","","HELENSVALE","QLD","4212","-27.901306","153.320228",3125231,123209,"",30/04/2025,30/04/2025,"10:00","14:00"
"4","QLD","Fadden                          ",8,"Special Hospital Team 1                                         ","Arcare Hope Island","10 Halcyon Way","","","HOPE ISLAND","QLD","4212","-27.878996029125584","153.3671209957228",3125335,123043,"",23/04/2025,23/04/2025,"9:30","13:30"
"4","QLD","Fadden                          ",8,"Special Hospital Team 1                                         ","Arcare Parkwood","2 Woodlands Way","","","PARKWOOD","QLD","4214","-27.9465971","153.3663565",3126501,123210,"",24/04/2025,24/04/2025,"9:00","12:00"
"4","QLD","Fadden                          ",8,"Special Hospital Team 1                                         ","Blue Care Arundel Woodlands Lodge Aged Care Facility","29 Melbourne Rd","","","ARUNDEL","QLD","4214","-27.942432","153.386257",3123522,121708,"",22/04/2025,22/04/2025,"9:30","15:00"
"4","QLD","Fadden                          ",8,"Special Hospital Team 1                                         ","Bupa Runaway Bay","376-378 Pine Ridge Rd","","","COOMBABAH","QLD","4216","-27.9155539849316","153.385717738307",3123712,123215,"",28/04/2025,28/04/2025,"8:30","11:30"
"4","QLD","Fadden                          ",8,"Special Hospital Team 1                                         ","Harbour Quays Residential Aged Care","36 Compass Dr","","","BIGGERA WATERS","QLD","4216","-27.926733","153.380539",3123620,123204,"",29/04/2025,29/04/2025,"8:30","12:00"
"4","QLD","Fadden                          ",8,"Special Hospital Team 1                                         ","St Vincent's Care Services Arundel","101 Allied Dr","","","ARUNDEL","QLD","4214","-27.9399769","153.3812933",3123522,133843,"",24/04/2025,24/04/2025,"14:00","15:00"
"4","QLD","Fadden                          ",8,"Special Hospital Team 1                                         ","TriCare Labrador Aged Care Residence","71 Brighton St","","","BIGGERA WATERS","QLD","4216","-27.932669","153.405175",3123606,123203,"",28/04/2025,28/04/2025,"13:30","16:30"
"4","QLD","Fadden                          ",8,"Special Hospital Team 2                                         ","Arcare Pimpama","2 Halcyon Dr","","","PIMPAMA","QLD","4209","-27.816851","153.3121",3155420,123212,"",29/04/2025,29/04/2025,"10:00","15:30"
"4","QLD","Fadden                          ",8,"Special Hospital Team 2                                         ","Arcare Sanctuary Manors","38-56 Caseys Rd","","","HOPE ISLAND","QLD","4212","-27.860639","153.354784",3125304,123208,"",01/05/2025,01/05/2025,"8:30","11:30"
"4","QLD","Fadden                          ",8,"Special Hospital Team 2                                         ","Blue Care Labrador Aged Care Facility","83 Muir St","","","LABRADOR","QLD","4215","-27.95026","153.406006",3123821,123214,"",28/04/2025,28/04/2025,"10:00","16:00"
"4","QLD","Fadden                          ",8,"Special Hospital Team 2                                         ","Lions Haven for the Aged","9 Pendraat Pde","","","HOPE ISLAND","QLD","4212","-27.873155","153.36026",3125336,123216,"",22/04/2025,22/04/2025,"10:00","14:00"
"4","QLD","Fadden                          ",8,"Special Hospital Team 2                                         ","OzCare Parkwood Gardens","100 Usher Ave","","","LABRADOR","QLD","4215","-27.943133","153.38961",3123814,123218,"",30/04/2025,30/04/2025,"8:30","11:30"
"4","QLD","Fadden                          ",8,"Special Hospital Team 2                                         ","Ozcare Keith Turnbull Place","52 Imperial Pde","","","LABRADOR","QLD","4215","-27.944264","153.40519",3123835,123217,"",23/04/2025,23/04/2025,"10:00","14:00"
"4","QLD","Fadden                          ",8,"Special Hospital Team 2                                         ","Paradise Lakes Care Centre","360 Oxley Dr","","","COOMBABAH","QLD","4216","-27.909151","153.387362",3123727,123205,"",01/05/2025,01/05/2025,"13:30","15:00"
"4","QLD","Fadden                          ",8,"Special Hospital Team 2                                         ","Tricare Bayview Place Aged Care Residence","86 Bayview St","","","RUNAWAY BAY","QLD","4216","-27.917903","153.403381",3124014,123202,"",30/04/2025,30/04/2025,"13:00","16:00"
"4","QLD","Fadden                          ",8,"Special Hospital Team 2                                         ","Tricare Pimpama Aged Care Residence","6 Anembo Ave","","","PIMPAMA","QLD","4209","-27.7969772825482","153.272996325834",3155407,123219,"",24/04/2025,24/04/2025,"10:00","12:00"
"4","QLD","Fairfax                         ",9,"Special Hospital Team 1                                         ","Estia Health Mount Coolum","15 Suncoast Beach Dr","","","MOUNT COOLUM","QLD","4573","-26.56740514","153.09084969",3142534,40903,"",24/04/2025,24/04/2025,"9:00","16:00"
"4","QLD","Fairfax                         ",9,"Special Hospital Team 1                                         ","Estia Health Nambour","27 Glenbrook Dr","","","NAMBOUR","QLD","4560","-26.6160151","152.9440833",3154829,71227,"",30/04/2025,30/04/2025,"9:00","16:30"
"4","QLD","Fairfax                         ",9,"Special Hospital Team 1                                         ","Estia Health Pacific Paradise","26 Menzies Dr","","","PACIFIC PARADISE","QLD","4564","-26.6137771","153.07871682",3142608,123070,"",23/04/2025,23/04/2025,"9:00","16:00"
"4","QLD","Fairfax                         ",9,"Special Hospital Team 1                                         ","Lutheran Services - Immanuel Gardens ","10 Magnetic Dr","","","BUDERIM","QLD","4556","-26.6769348","153.081965",3141312,34253,"",28/04/2025,28/04/2025,"9:30","14:00"
"4","QLD","Fairfax                         ",9,"Special Hospital Team 1                                         ","Regis Maroochydore","33 Allora Dr","","","MAROOCHYDORE","QLD","4558","-26.6605992","153.0708268",3142718,40906,"",01/05/2025,01/05/2025,"9:30","14:30"
"4","QLD","Fairfax                         ",9,"Special Hospital Team 1                                         ","St Mary's Aged Care Coolum Beach","17 Magenta Dr","","","COOLUM BEACH","QLD","4573","-26.5388488","153.0797595",3142510,72164,"",29/04/2025,29/04/2025,"9:00","14:00"
"4","QLD","Fairfax                         ",9,"Special Hospital Team 1                                         ","Sundale Coolum Beach Care Centre","4 Wembley Rd","","","COOLUM BEACH","QLD","4573","-26.5191624","153.0837372",3142502,40904,"",22/04/2025,22/04/2025,"10:30","12:00"
"4","QLD","Fairfax                         ",9,"Special Hospital Team 2                                         ","Arcare Maroochydore","54 Dalton Dr","","","MAROOCHYDORE","QLD","4558","-26.666957424763","153.086667248402",3142743,72432,"",29/04/2025,29/04/2025,"9:00","15:00"
"4","QLD","Fairfax                         ",9,"Special Hospital Team 2                                         ","Glenbrook Residential Aged Care","4 Jack St","","","NAMBOUR","QLD","4560","-26.6149202298928","152.942588679743",3154829,62775,"",28/04/2025,28/04/2025,"9:30","14:00"
"4","QLD","Fairfax                         ",9,"Special Hospital Team 2                                         ","Nambour Gardens Care Community","9 Princess Cres","","","NAMBOUR","QLD","4560","-26.61845670260061","152.952869373015",3154835,126340,"",23/04/2025,23/04/2025,"13:00","16:00"
"4","QLD","Fairfax                         ",9,"Special Hospital Team 2                                         ","Nangarin Lodge","26 Redmonds Rd","","","WEST WOOMBYE","QLD","4559","-26.65962803","152.95251591",3154809,123072,"",23/04/2025,23/04/2025,"9:00","11:00"
"4","QLD","Fairfax                         ",9,"Special Hospital Team 2                                         ","St Vincent's Care Services Maroochydore","37 Baden Powell St","","","MAROOCHYDORE","QLD","4558","-26.6512201","153.0881304",3142713,91426,"",30/04/2025,30/04/2025,"9:00","14:30"
"4","QLD","Fairfax                         ",9,"Special Hospital Team 2                                         ","St Vincent's Care Services Maroochydore","37 Baden Powell St","","","MAROOCHYDORE","QLD","4558","-26.6512201","153.0881304",3142713,91426,"",01/05/2025,01/05/2025,"10:30","13:30"
"4","QLD","Fairfax                         ",9,"Special Hospital Team 2                                         ","Sundale Bowder Care Centre ","35 Doolan St","","","NAMBOUR","QLD","4560","-26.6280766410374","152.952976737041",3154802,71140,"",24/04/2025,24/04/2025,"14:30","16:30"
"4","QLD","Fairfax                         ",9,"Special Hospital Team 2                                         ","Sundale James Grimes Care Centre","35 Doolan St","","","NAMBOUR","QLD","4560","-26.6280766410374","152.952976737041",3154802,12757,"",24/04/2025,24/04/2025,"9:30","14:00"
"4","QLD","Fairfax                         ",9,"Special Hospital Team 2                                         ","Sundale Rod Voller Care Centre ","98 Windsor Rd","","","BURNSIDE","QLD","4560","-26.6337998","152.9411012",3154826,12756,"",22/04/2025,22/04/2025,"10:30","15:30"
"4","QLD","Fairfax                         ",9,"Special Hospital Team 3                                         ","Blue Care Bli Bli Aged Care Facility ","20 Lefoes Rd","","","BLI BLI","QLD","4560","-26.6137340794706","153.038248440023",3154513,31213,"",29/04/2025,29/04/2025,"9:00","16:30"
"4","QLD","Fairfax                         ",9,"Special Hospital Team 3                                         ","Buderim Views Aged Care","383 Mooloolaba Rd","","","BUDERIM","QLD","4556","-26.678092955333","153.09144761652",3141303,63439,"",01/05/2025,01/05/2025,"9:30","13:30"
"4","QLD","Fairfax                         ",9,"Special Hospital Team 3                                         ","Estia Health Maroochydore","2 Amity Ave","","","MAROOCHYDORE","QLD","4558","-26.66106855","153.07950611",3142750,123069,"",22/04/2025,22/04/2025,"10:30","15:30"
"4","QLD","Fairfax                         ",9,"Special Hospital Team 3                                         ","Estia Health Twin Waters","190 Ocean Dr","","","TWIN WATERS","QLD","4564","-26.6306324146033","153.087970202793",3142627,90615,"",30/04/2025,30/04/2025,"9:00","15:00"
"4","QLD","Fairfax                         ",9,"Special Hospital Team 3                                         ","Regis Kuluin","354 Main Rd","","","KULUIN","QLD","4558","-26.6581632512094","153.052020673076",3142719,70730,"",28/04/2025,28/04/2025,"9:30","12:00"
"4","QLD","Fairfax                         ",9,"Special Hospital Team 3                                         ","The Ormsby","112 Burnett St","","","BUDERIM","QLD","4556","-26.689332","153.045906",3141327,123071,"",23/04/2025,23/04/2025,"10:00","15:30"
"4","QLD","Fairfax                         ",9,"Special Hospital Team 3                                         ","The Ormsby","112 Burnett St","","","BUDERIM","QLD","4556","-26.689332","153.045906",3141327,123071,"",24/04/2025,24/04/2025,"10:00","14:00"
"4","QLD","Fisher                          ",10,"Special Hospital Team 1                                         ","Blue Care Caloundra Aged Care Facility","10 West Tce","","","CALOUNDRA","QLD","4551","-26.797919","153.119993",3141913,63691,"",22/04/2025,22/04/2025,"10:30","16:30"
"4","QLD","Fisher                          ",10,"Special Hospital Team 1                                         ","Bolton Clarke Centaur ","21 West Tce","","","CALOUNDRA","QLD","4551","-26.7982988","153.1214785",3141913,12771,"",30/04/2025,30/04/2025,"9:00","14:30"
"4","QLD","Fisher                          ",10,"Special Hospital Team 1                                         ","Caloundra Adventist Retirement Village - Residential Care","64 Sunset Dr","","","LITTLE MOUNTAIN","QLD","4551","-26.7806652776744","153.106563472149",3158121,36334,"",23/04/2025,23/04/2025,"10:00","12:00"
"4","QLD","Fisher                          ",10,"Special Hospital Team 1                                         ","Caloundra House","11 Marlua Ave","","","MOFFAT BEACH","QLD","4551","-26.79775293","153.14094155",3142205,129653,"",28/04/2025,28/04/2025,"10:00","11:30"
"4","QLD","Fisher                          ",10,"Special Hospital Team 1                                         ","Ozcare Caroline Chisholm Aged Care Facility","28 Saffron Dr","","","CURRIMUNDI","QLD","4551","-26.7716187883769","153.114257202481",3141706,34261,"",01/05/2025,01/05/2025,"9:00","14:30"
"4","QLD","Fisher                          ",10,"Special Hospital Team 1                                         ","Rockpool Residential Aged Care","17 Spitfire Banks Drive","","","PELICAN WATERS","QLD","4551","-26.8390257","153.1068987",3142122,143458,"",28/04/2025,28/04/2025,"13:30","16:30"
"4","QLD","Fisher                          ",10,"Special Hospital Team 1                                         ","Southern Cross Care Facility Caloundra","57 Village Way","","","LITTLE MOUNTAIN","QLD","4551","-26.7764965353161","153.083461315069",3158120,50326,"",29/04/2025,29/04/2025,"9:00","14:30"
"4","QLD","Fisher                          ",10,"Special Hospital Team 1                                         ","St Mary's Aged Care ","31 Verdon St","","","PELICAN WATERS","QLD","4551","-26.8346825087414","153.112876224737",3142109,41680,"",24/04/2025,24/04/2025,"9:30","14:00"
"4","QLD","Fisher                          ",10,"Special Hospital Team 2                                         ","Arcare Birtinya ","14 Waterside Rtt","","","BIRTINYA","QLD","4575","-26.74452604","153.12165261",3142415,123406,"",28/04/2025,28/04/2025,"9:00","13:30"
"4","QLD","Fisher                          ",10,"Special Hospital Team 2                                         ","Blue Care Dicky Beach Aged Care Facility","55 Coolum St","","","DICKY BEACH","QLD","4551","-26.7850416905137","153.134401138711",3142220,12769,"",30/04/2025,30/04/2025,"10:00","14:00"
"4","QLD","Fisher                          ",10,"Special Hospital Team 2                                         ","Blue Care Warana Beachwood Aged Care Facility","124 Nicklin Way","","","WARANA","QLD","4575","-26.714589","153.128473",3142321,34259,"",24/04/2025,24/04/2025,"15:00","17:00"
"4","QLD","Fisher                          ",10,"Special Hospital Team 2                                         ","IRT Woodlands ","22 Lacebark St","","","MERIDAN PLAINS","QLD","4551","-26.7551628","153.1076298",3158114,91439,"Care Centre",01/05/2025,01/05/2025,"10:00","14:00"
"4","QLD","Fisher                          ",10,"Special Hospital Team 2                                         ","Kawana Waters Care Community","1 Reflection Cres","","","BIRTINYA","QLD","4575","-26.750435","153.114794",3142414,90495,"",29/04/2025,29/04/2025,"9:30","15:00"
"4","QLD","Fisher                          ",10,"Special Hospital Team 2                                         ","TriCare Kawana Waters Aged Care Residence","3 Riveraine Ave","","","WARANA","QLD","4575","-26.7128912093928","153.129001668292",3142321,34260,"",22/04/2025,22/04/2025,"10:30","15:30"
"4","QLD","Fisher                          ",10,"Special Hospital Team 2                                         ","TriCare Kawana Waters Aged Care Residence","3 Riveraine Ave","","","WARANA","QLD","4575","-26.7128912093928","153.129001668292",3142321,34260,"",23/04/2025,23/04/2025,"10:00","15:00"
"4","QLD","Fisher                          ",10,"Special Hospital Team 2                                         ","TriCare Kawana Waters Aged Care Residence","3 Riveraine Ave","","","WARANA","QLD","4575","-26.7128912093928","153.129001668292",3142321,34260,"",24/04/2025,24/04/2025,"9:00","13:30"
"4","QLD","Fisher                          ",10,"Special Hospital Team 3                                         ","Blue Care Maleny Erowal Aged Care Facility","1274 Landsborough Maleny Rd","","","MALENY","QLD","4552","-26.7662317430859","152.862329539327",3144020,34914,"",29/04/2025,29/04/2025,"9:30","16:30"
"4","QLD","Fisher                          ",10,"Special Hospital Team 3                                         ","Bolton Clarke Tantula Rise","96 Tantula Rd W","","","ALEXANDRA HEADLAND","QLD","4572","-26.673131","153.097087",3142821,50327,"",30/04/2025,30/04/2025,"9:00","16:00"
"4","QLD","Fisher                          ",10,"Special Hospital Team 3                                         ","Churches of Christ Little Mountain Aged Care","211 Parklands Bvd","","","LITTLE MOUNTAIN","QLD","4551","-26.775281","153.102945",3158115,123074,"",23/04/2025,23/04/2025,"10:00","14:30"
"4","QLD","Fisher                          ",10,"Special Hospital Team 3                                         ","Glasshouse Views ","96 Peachester Rd","","","BEERWAH","QLD","4519","-26.8576244323368","152.9476371191",3143922,50283,"",01/05/2025,01/05/2025,"9:30","15:00"
"4","QLD","Fisher                          ",10,"Special Hospital Team 3                                         ","Palm Lake Care Caloundra","95 Village Way","","","LITTLE MOUNTAIN","QLD","4551","-26.77548357","153.08165278",3158120,123075,"",24/04/2025,24/04/2025,"8:30","15:30"
"4","QLD","Fisher                          ",10,"Special Hospital Team 3                                         ","Regis Sippy Downs","94 University Way","","","SIPPY DOWNS","QLD","4556","-26.722967","153.056608",3141603,49850,"",22/04/2025,22/04/2025,"10:30","15:30"
"4","QLD","Fisher                          ",10,"Special Hospital Team 3                                         ","Sundale Palmwoods Care Centre","61 Jubilee Dr","","","PALMWOODS","QLD","4555","-26.682286","152.956271",3144426,71131,"",28/04/2025,28/04/2025,"8:30","12:00"
"4","QLD","Fisher                          ",10,"Special Hospital Team 3                                         ","The North Coast Aboriginal Corporation for Community Health","Innovation House","8/8 Innovation Pkwy","","BIRTINYA","QLD","4575","-26.7335926","153.12139072",3142415,129654,"",28/04/2025,28/04/2025,"14:00","16:00"
"4","QLD","Flynn                           ",11,"Remote Mobile Team 1                                            ","Cracow Community Hall","57 Tenth Ave","","","CRACOW","QLD","4719","-25.2952019778771","150.301851116047",3152801,124011,"",29/04/2025,29/04/2025,"10:00","13:00"
"4","QLD","Flynn                           ",11,"Remote Mobile Team 1                                            ","Dingo Community Hall","10 Normanby St","","","DINGO","QLD","4702","-23.6469840943711","149.332612855674",3119006,123418,"",22/04/2025,22/04/2025,"10:30","13:30"
"4","QLD","Flynn                           ",11,"Remote Mobile Team 1                                            ","Gindie State School Carpark ","Old Cullen-La-Ringo Rd","Gregory Hwy Junction","","GINDIE","QLD","4702","-23.7240382089727","148.140827523349",3119111,123429,"",26/04/2025,26/04/2025,"8:00","11:00"
"4","QLD","Flynn                           ",11,"Remote Mobile Team 1                                            ","Lochington State School","Glenlee Rd","","","LOCHINGTON","QLD","4720","-23.943774778134596","147.52452452921295",3119112,123430,"",23/04/2025,23/04/2025,"10:00","13:00"
"4","QLD","Flynn                           ",11,"Remote Mobile Team 1                                            ","Rolleston Memorial Hall","17 Warrijo St","","","ROLLESTON","QLD","4702","-24.4620383909756","148.623486111497",3119101,123417,"",28/04/2025,28/04/2025,"9:00","12:00"
"4","QLD","Flynn                           ",11,"Remote Mobile Team 1                                            ","Springsure Multipurpose Health Service","21 Woodbine St","","","SPRINGSURE","QLD","4722","-24.120156578998323","148.0850328093577",3119107,126372,"",26/04/2025,26/04/2025,"13:00","16:00"
"4","QLD","Flynn                           ",11,"Remote Mobile Team 1                                            ","Willows Recreational Centre ","Willows Rd Cnr Cabochon St","","","WILLOWS","QLD","4702","-23.73854167361108","147.5379765402358",3119126,123437,"",24/04/2025,24/04/2025,"9:30","12:30"
"4","QLD","Flynn                           ",11,"Special Hospital Team 1                                         ","Blue Care Gladstone Edenvale Aged Care Facility","41 Glen Eden Dr","","","GLEN EDEN","QLD","4680","-23.8995471","151.2737161",3153802,90460,"",24/04/2025,24/04/2025,"12:30","13:45"
"4","QLD","Flynn                           ",11,"Special Hospital Team 1                                         ","Blue Care Gladstone Edenvale Aged Care Facility","41 Glen Eden Dr","","","GLEN EDEN","QLD","4680","-23.8995471","151.2737161",3153802,90460,"",24/04/2025,24/04/2025,"14:00","15:15"
"4","QLD","Flynn                           ",11,"Special Hospital Team 1                                         ","Blue Care Gladstone Edenvale Aged Care Facility","41 Glen Eden Dr","","","GLEN EDEN","QLD","4680","-23.8995471","151.2737161",3153802,90460,"",24/04/2025,24/04/2025,"9:00","11:30"
"4","QLD","Flynn                           ",11,"Special Hospital Team 1                                         ","New Auckland Place","18 Wicks St","","","NEW AUCKLAND","QLD","4680","-23.877582","151.238332",3153326,70531,"",23/04/2025,23/04/2025,"13:00","14:30"
"4","QLD","Flynn                           ",11,"Special Hospital Team 1                                         ","New Auckland Place","18 Wicks St","","","NEW AUCKLAND","QLD","4680","-23.877582","151.238332",3153326,70531,"",23/04/2025,23/04/2025,"14:45","16:15"
"4","QLD","Flynn                           ",11,"Special Hospital Team 1                                         ","New Auckland Place","18 Wicks St","","","NEW AUCKLAND","QLD","4680","-23.877582","151.238332",3153326,70531,"",23/04/2025,23/04/2025,"9:00","12:00"
"4","QLD","Flynn                           ",11,"Special Hospital Team 1                                         ","Roseberry Community Services Limited","21 Dawson Rd","","","WEST GLADSTONE","QLD","4680","-23.84947","151.25199",3153909,129626,"",28/04/2025,28/04/2025,"9:00","13:30"
"4","QLD","Flynn                           ",11,"Special Hospital Team 1                                         ","Sundale Bindaree Care Centre","1 Beacon Ave","","","BOYNE ISLAND","QLD","4680","-23.94064227","151.35186812",3153112,34533,"",22/04/2025,22/04/2025,"11:30","12:30"
"4","QLD","Flynn                           ",11,"Special Hospital Team 1                                         ","Sundale Bindaree Care Centre","1 Beacon Ave","","","BOYNE ISLAND","QLD","4680","-23.94064227","151.35186812",3153112,34533,"",22/04/2025,22/04/2025,"9:00","11:00"
"4","QLD","Flynn                           ",11,"Special Hospital Team 2                                         ","Bidgerdii Community Health Service - Mount Morgan Medical Clinic","63 Morgan St","","","MOUNT MORGAN","QLD","4714","-23.64495774","150.38835886",3121210,129627,"",22/04/2025,22/04/2025,"9:00","12:30"
"4","QLD","Flynn                           ",11,"Special Hospital Team 2                                         ","Blue Care Gracemere Aged Care Facility","27 Conaghan St","","","GRACEMERE","QLD","4702","-23.4450053979027","150.458225243172",3121013,12700,"",23/04/2025,23/04/2025,"11:00","11:45"
"4","QLD","Flynn                           ",11,"Special Hospital Team 2                                         ","Blue Care Gracemere Aged Care Facility","27 Conaghan St","","","GRACEMERE","QLD","4702","-23.4450053979027","150.458225243172",3121013,12700,"",23/04/2025,23/04/2025,"9:00","10:45"
"4","QLD","Flynn                           ",11,"Special Hospital Team 2                                         ","Blue Care Gracemere Aged Care Facility","27 Conaghan St","","","GRACEMERE","QLD","4702","-23.4450053979027","150.458225243172",3121013,12700,"",24/04/2025,24/04/2025,"13:00","16:00"
"4","QLD","Flynn                           ",11,"Special Hospital Team 2                                         ","Blue Care Gracemere Aged Care Facility","27 Conaghan St","","","GRACEMERE","QLD","4702","-23.4450053979027","150.458225243172",3121013,12700,"",24/04/2025,24/04/2025,"9:00","12:00"
"4","QLD","Flynn                           ",11,"Special Hospital Team 2                                         ","Duaringa Community Centre","William St","","","DUARINGA","QLD","4712","-23.717710952122","149.671366825586",3119002,129630,"",28/04/2025,28/04/2025,"12:00","13:30"
"4","QLD","Flynn                           ",11,"Special Hospital Team 2                                         ","Duaringa Community Centre","William St","","","DUARINGA","QLD","4712","-23.717710952122","149.671366825586",3119002,129630,"",28/04/2025,28/04/2025,"9:30","11:30"
"4","QLD","Flynn                           ",11,"Special Hospital Team 2                                         ","Mount Morgan Multipurpose Health Service","15 Black St","","","MOUNT MORGAN","QLD","4714","-23.6452063","150.3918346",3121209,40916,"",23/04/2025,23/04/2025,"13:30","15:15"
"4","QLD","Flynn                           ",11,"Special Hospital Team 2                                         ","Mount Morgan Multipurpose Health Service","15 Black St","","","MOUNT MORGAN","QLD","4714","-23.6452063","150.3918346",3121209,40916,"",23/04/2025,23/04/2025,"15:30","16:15"
"4","QLD","Flynn                           ",11,"Special Hospital Team 2                                         ","Yoonthalla Services Woorabinda","112 Munns Dr","","","WOORABINDA","QLD","4713","-24.13385009","149.45618277",3119008,129628,"",01/05/2025,01/05/2025,"10:30","12:30"
"4","QLD","Flynn                           ",11,"Special Hospital Team 2                                         ","Yoonthalla Services Woorabinda","112 Munns Dr","","","WOORABINDA","QLD","4713","-24.13385009","149.45618277",3119008,129628,"",01/05/2025,01/05/2025,"13:00","14:30"
"4","QLD","Flynn                           ",11,"Special Hospital Team 3                                         ","Bidgerdii Community Health Service - Blackwater Medical Clinic","2 Seeman St","","","BLACKWATER","QLD","4717","-23.58107769","148.87900203",3119010,129631,"",23/04/2025,23/04/2025,"9:30","13:00"
"4","QLD","Flynn                           ",11,"Special Hospital Team 3                                         ","Blue Care Emerald Avalon Aged Care Facility","126 Borilla St","","","EMERALD","QLD","4720","-23.517085432687","148.166852634533",3119218,49828,"",22/04/2025,22/04/2025,"13:00","14:30"
"4","QLD","Flynn                           ",11,"Special Hospital Team 3                                         ","Blue Care Emerald Avalon Aged Care Facility","126 Borilla St","","","EMERALD","QLD","4720","-23.517085432687","148.166852634533",3119218,49828,"",22/04/2025,22/04/2025,"14:45","15:45"
"4","QLD","Flynn                           ",11,"Special Hospital Team 3                                         ","Blue Care Emerald Avalon Aged Care Facility","126 Borilla St","","","EMERALD","QLD","4720","-23.517085432687","148.166852634533",3119218,49828,"",22/04/2025,22/04/2025,"9:00","12:00"
"4","QLD","Flynn                           ",11,"Special Hospital Team 4                                         ","Lutheran Services - Wahroonga Aged Care","1 Wahroonga St","","","BILOELA","QLD","4715","-24.4096491809261","150.514791644964",3152907,72703,"",22/04/2025,22/04/2025,"13:30","15:00"
"4","QLD","Flynn                           ",11,"Special Hospital Team 4                                         ","Lutheran Services - Wahroonga Aged Care","1 Wahroonga St","","","BILOELA","QLD","4715","-24.4096491809261","150.514791644964",3152907,72703,"",22/04/2025,22/04/2025,"15:15","16:30"
"4","QLD","Flynn                           ",11,"Special Hospital Team 5                                         ","Biggenden Multipurpose Health Service RACF","57 Alice St","","","BIGGENDEN","QLD","4621","-25.50577","152.05073",3150311,122103,"",23/04/2025,23/04/2025,"11:00","11:30"
"4","QLD","Flynn                           ",11,"Special Hospital Team 5                                         ","Biggenden Multipurpose Health Service RACF","57 Alice St","","","BIGGENDEN","QLD","4621","-25.50577","152.05073",3150311,122103,"",23/04/2025,23/04/2025,"13:00","15:00"
"4","QLD","Flynn                           ",11,"Special Hospital Team 5                                         ","Churches of Christ Care Kolan Gardens Aged Care Service","6C Mulgrave St","","","GIN GIN","QLD","4671","-24.98577","151.95339",3150407,122104,"",24/04/2025,24/04/2025,"11:30","12:30"
"4","QLD","Flynn                           ",11,"Special Hospital Team 5                                         ","Churches of Christ Care Kolan Gardens Aged Care Service","6C Mulgrave St","","","GIN GIN","QLD","4671","-24.98577","151.95339",3150407,122104,"",24/04/2025,24/04/2025,"14:00","15:15"
"4","QLD","Flynn                           ",11,"Special Hospital Team 5                                         ","Mundubbera Multipurpose Health Service","96 Leichhardt St","","","MUNDUBBERA","QLD","4626","-25.58837","151.29427",3150303,122110,"",22/04/2025,22/04/2025,"13:00","14:00"
"4","QLD","Flynn                           ",11,"Special Hospital Team 5                                         ","Mundubbera Multipurpose Health Service","96 Leichhardt St","","","MUNDUBBERA","QLD","4626","-25.58837","151.29427",3150303,122110,"",22/04/2025,22/04/2025,"14:15","14:45"
"4","QLD","Flynn                           ",11,"Special Hospital Team 6                                         ","Central & Upper Burnett District Home for the Aged Hostel","46-48 Capper St","","","GAYNDAH","QLD","4625","-25.62616","151.61158",3150309,122117,"",23/04/2025,23/04/2025,"9:00","12:00"
"4","QLD","Flynn                           ",11,"Special Hospital Team 6                                         ","Forest View Residential Care Facility","78 Bramston St","","","WONDAI","QLD","4606","-26.32198","151.87897",3150614,122118,"",22/04/2025,22/04/2025,"13:00","15:00"
"4","QLD","Flynn                           ",11,"Special Hospital Team 6                                         ","Forest View Residential Care Facility","78 Bramston St","","","WONDAI","QLD","4606","-26.32198","151.87897",3150614,122118,"",22/04/2025,22/04/2025,"9:30","12:00"
"4","QLD","Forde                           ",12,"Special Hospital Team 1                                         ","Arcare Logan Reserve","17-27 Halcyon Way","","","LOGAN RESERVE","QLD","4133","-27.70757218","153.11898804",3131316,123232,"",24/04/2025,24/04/2025,"10:00","14:30"
"4","QLD","Forde                           ",12,"Special Hospital Team 1                                         ","Bethania Parklands Care Community","27 Clarendon Ave","","","BETHANIA","QLD","4205","-27.6919378392758","153.149923872603",3132303,123237,"",22/04/2025,22/04/2025,"10:00","14:30"
"4","QLD","Forde                           ",12,"Special Hospital Team 1                                         ","Bethania Parklands Care Community","27 Clarendon Ave","","","BETHANIA","QLD","4205","-27.6919378392758","153.149923872603",3132303,123237,"",30/04/2025,30/04/2025,"10:00","14:30"
"4","QLD","Forde                           ",12,"Special Hospital Team 1                                         ","Blue Care Beenleigh Bethania Haven Aged Care Facility","67-71 Station Rd","","","BETHANIA","QLD","4205","-27.689506","153.158312",3132312,123233,"",28/04/2025,28/04/2025,"13:00","15:30"
"4","QLD","Forde                           ",12,"Special Hospital Team 1                                         ","Blue Care Carbrook Wirunya Aged Care Facility","559 Beenleigh Redland Bay Rd","","","CARBROOK","QLD","4130","-27.68156877","153.23897669",3132417,123234,"",28/04/2025,28/04/2025,"8:30","11:00"
"4","QLD","Forde                           ",12,"Special Hospital Team 1                                         ","Palm Lake Bethania Aged Care Facility","3 Goodooga Dr","","","BETHANIA","QLD","4205","-27.6964233","153.1540406",3132325,123240,"",23/04/2025,23/04/2025,"10:00","14:30"
"4","QLD","Forde                           ",12,"Special Hospital Team 1                                         ","Regis Greenbank","271 Middle Rd","","","GREENBANK","QLD","4124","-27.6853211851468","153.009998008602",3131117,123044,"",29/04/2025,29/04/2025,"10:00","14:30"
"4","QLD","Forde                           ",12,"Special Hospital Team 1                                         ","Regis Magnolia Aged Care Coomera","142 Reserve Rd","","","UPPER COOMERA","QLD","4209","-27.8689895","153.2988694",3155720,123239,"",01/05/2025,01/05/2025,"9:00","14:30"
"4","QLD","Forde                           ",12,"Special Hospital Team 2                                         ","Bethania Gardens","87-91 Station Rd","","","BETHANIA","QLD","4205","-27.6867208","153.1584185",3132336,123244,"",23/04/2025,23/04/2025,"10:00","14:30"
"4","QLD","Forde                           ",12,"Special Hospital Team 2                                         ","Bolton Clarke Talbarra","130-150 Old Logan Village Rd","","","WATERFORD","QLD","4133","-27.703589","153.152716",3132310,121709,"",24/04/2025,24/04/2025,"8:30","10:30"
"4","QLD","Forde                           ",12,"Special Hospital Team 2                                         ","Infinite Care Cornubia","144 Beenleigh Redland Bay Rd","","","CORNUBIA","QLD","4130","-27.66912994","153.20011304",3132404,123235,"",22/04/2025,22/04/2025,"10:00","15:30"
"4","QLD","Forde                           ",12,"Special Hospital Team 2                                         ","Infinite Care Cornubia","144 Beenleigh Redland Bay Rd","","","CORNUBIA","QLD","4130","-27.66912994","153.20011304",3132404,123235,"",30/04/2025,30/04/2025,"10:00","15:30"
"4","QLD","Forde                           ",12,"Special Hospital Team 2                                         ","Jimbelunga Nursing Centre","259-269 River Hills Rd","","","EAGLEBY","QLD","4207","-27.705515","153.225833",3130716,123238,"",01/05/2025,01/05/2025,"10:00","12:30"
"4","QLD","Forde                           ",12,"Special Hospital Team 2                                         ","Palm Lake Care Mt Warren Park","33 Mount Warren Blvd","","","MOUNT WARREN PARK","QLD","4207","-27.72411857","153.19666212",3130908,123241,"",29/04/2025,29/04/2025,"10:00","14:30"
"4","QLD","Forde                           ",12,"Special Hospital Team 2                                         ","Southern Cross Care Edens Landing - Connolly Court","20-24 Loane Dr","","","EDENS LANDING","QLD","4207","-27.699119","153.173142",3130813,123242,"",24/04/2025,24/04/2025,"12:00","15:30"
"4","QLD","Forde                           ",12,"Special Hospital Team 2                                         ","St Paul de Chartres Residential Aged Care","12 Fedrick St","","","BORONIA HEIGHTS","QLD","4124","-27.6886771271552","153.029745466037",3131133,123243,"",28/04/2025,28/04/2025,"8:30","16:00"
"4","QLD","Griffith                        ",13,"Special Hospital Team 1                                         ","Arcare Seven Hills","31 Griffith Pl","","","SEVEN HILLS","QLD","4170","-27.477815826946948","153.073114706441",3111734,122080,"",23/04/2025,23/04/2025,"9:00","17:00"
"4","QLD","Griffith                        ",13,"Special Hospital Team 1                                         ","Casa D'amore Apartments","34 Park St","","","COORPAROO","QLD","4151","-27.5074855392895","153.065219135144",3105342,72115,"",30/04/2025,30/04/2025,"9:00","17:00"
"4","QLD","Griffith                        ",13,"Special Hospital Team 1                                         ","Greenslopes House","691 Logan Rd","","","GREENSLOPES","QLD","4120","-27.51039224","153.05242241",3105510,143248,"",29/04/2025,29/04/2025,"9:00","13:00"
"4","QLD","Griffith                        ",13,"Special Hospital Team 1                                         ","Holland Park Aged Care","21 Birdwood Rd","","","HOLLAND PARK WEST","QLD","4121","-27.514942","153.05474",3105703,71244,"",01/05/2025,01/05/2025,"9:00","16:00"
"4","QLD","Griffith                        ",13,"Special Hospital Team 1                                         ","Southern Cross Care Holland Park - Duhig Village","85 Seville Rd","","","HOLLAND PARK","QLD","4121","-27.522266869416832","153.0731762898384",3105618,13563,"",28/04/2025,28/04/2025,"9:00","17:00"
"4","QLD","Griffith                        ",13,"Special Hospital Team 1                                         ","St Luke's Green Residential Care","43-46 Taylor St","","","WOOLLOONGABBA","QLD","4102","-27.4943975","153.0383955",3105807,90424,"",24/04/2025,24/04/2025,"10:00","13:30"
"4","QLD","Griffith                        ",13,"Special Hospital Team 2                                         ","Blue Care Carina Aged Care Facility","455 Richmond Rd","","","CARINA","QLD","4152","-27.4754125317701","153.092399296283",3104905,105909,"",28/04/2025,28/04/2025,"9:00","15:00"
"4","QLD","Griffith                        ",13,"Special Hospital Team 2                                         ","Blue Care Carina Aged Care Facility","455 Richmond Rd","","","CARINA","QLD","4152","-27.4754125317701","153.092399296283",3104905,105909,"",29/04/2025,29/04/2025,"9:00","14:30"
"4","QLD","Griffith                        ",13,"Special Hospital Team 2                                         ","Camp Hill Aged Care","15 Orwell St","","","CAMP HILL","QLD","4152","-27.49226851","153.08399397",3104712,122075,"",22/04/2025,22/04/2025,"9:00","15:30"
"4","QLD","Griffith                        ",13,"Special Hospital Team 2                                         ","Camp Hill Aged Care","15 Orwell St","","","CAMP HILL","QLD","4152","-27.49226851","153.08399397",3104712,122075,"",23/04/2025,23/04/2025,"9:00","15:00"
"4","QLD","Griffith                        ",13,"Special Hospital Team 2                                         ","Georgina Margaret Davidson-Thompson Hostel","694 Wynnum Rd","","","MORNINGSIDE","QLD","4170","-27.46649387103365","153.07393070036522",3111724,124256,"",24/04/2025,24/04/2025,"9:00","11:00"
"4","QLD","Griffith                        ",13,"Special Hospital Team 2                                         ","Nazareth Residential Aged Care","23 Hawthorne St","","","WOOLLOONGABBA","QLD","4102","-27.487985","153.034313",3105816,69665,"",24/04/2025,24/04/2025,"13:00","14:30"
"4","QLD","Griffith                        ",13,"Special Hospital Team 2                                         ","Regis Bulimba","50 Brisbane St","","","BULIMBA","QLD","4171","-27.446734","153.05333",3111401,34750,"",30/04/2025,30/04/2025,"8:30","16:30"
"4","QLD","Griffith                        ",13,"Special Hospital Team 3                                         ","Belmont Private Hospital - Mental Health Facility","1220 Creek Rd","","","CARINA HEIGHTS","QLD","4152","-27.5007123126421","153.099074932365",3105010,125970,"",28/04/2025,28/04/2025,"9:00","15:30"
"4","QLD","Griffith                        ",13,"Special Hospital Team 3                                         ","Belmont Private Hospital - Mental Health Facility","1220 Creek Rd","","","CARINA HEIGHTS","QLD","4152","-27.5007123126421","153.099074932365",3105010,125970,"",29/04/2025,29/04/2025,"9:00","11:00"
"4","QLD","Griffith                        ",13,"Special Hospital Team 3                                         ","Greenslopes Private Hospital - Mental Health Facility","Gate 3","67 Nicholson St","","GREENSLOPES","QLD","4120","-27.51402433276701","153.04690392367613",3105517,125969,"",29/04/2025,29/04/2025,"12:30","14:30"
"4","QLD","Griffith                        ",13,"Special Hospital Team 3                                         ","St Nicholas Aged Care","19 Hampstead Rd","","","HIGHGATE HILL","QLD","4101","-27.482235474133","153.015868193635",3110705,12802,"",24/04/2025,24/04/2025,"9:00","17:30"
"4","QLD","Griffith                        ",13,"Special Hospital Team 3                                         ","St Vincent's Care Kangaroo Point ","411 Main St","","","KANGAROO POINT","QLD","4169","-27.4736042659845","153.034991592671",3110804,33100,"Lillian Cooper",22/04/2025,22/04/2025,"9:30","15:00"
"4","QLD","Griffith                        ",13,"Special Hospital Team 3                                         ","St Vincent's Care Kangaroo Point ","411 Main St","","","KANGAROO POINT","QLD","4169","-27.4736042659845","153.034991592671",3110804,33100,"Marycrest",23/04/2025,23/04/2025,"8:30","14:00"
"4","QLD","Griffith                        ",13,"Special Hospital Team 3                                         ","Village Coorparoo Aged Care","388 Cavendish Rd","","","COORPAROO","QLD","4151","-27.507305713527455","153.06440013936364",3105342,122074,"",30/04/2025,30/04/2025,"10:00","14:30"
"4","QLD","Griffith                        ",13,"Special Hospital Team 3                                         ","Village Coorparoo Aged Care","388 Cavendish Rd","","","COORPAROO","QLD","4151","-27.507305713527455","153.06440013936364",3105342,122074,"",01/05/2025,01/05/2025,"10:00","14:30"
"4","QLD","Groom                           ",14,"Other Mobile Team 1                                             ","Carbal Aboriginal and Torres Strait Islander Health Services Ltd","18 Charnley St","","","KEARNEYS SPRING","QLD","4350","-27.59098","151.94345",3144623,129632,"",23/04/2025,23/04/2025,"13:00","15:30"
"4","QLD","Groom                           ",14,"Other Mobile Team 1                                             ","Carbal Aboriginal and Torres Strait Islander Health Services Ltd","18 Charnley St","","","KEARNEYS SPRING","QLD","4350","-27.59098","151.94345",3144623,129632,"",23/04/2025,23/04/2025,"9:30","12:30"
"4","QLD","Groom                           ",14,"Other Mobile Team 1                                             ","Toowoomba Housing Hub","8-10 Russell St","","","TOOWOOMBA CITY","QLD","4350","-27.55965397","151.954963",3145605,130601,"",28/04/2025,28/04/2025,"13:00","16:30"
"4","QLD","Groom                           ",14,"Other Mobile Team 1                                             ","Toowoomba Housing Hub","8-10 Russell St","","","TOOWOOMBA CITY","QLD","4350","-27.55965397","151.954963",3145605,130601,"",28/04/2025,28/04/2025,"9:30","12:30"
"4","QLD","Groom                           ",14,"Other Mobile Team 1                                             ","Toowoomba Housing Hub","8-10 Russell St","","","TOOWOOMBA CITY","QLD","4350","-27.55965397","151.954963",3145605,130601,"",29/04/2025,29/04/2025,"13:00","16:30"
"4","QLD","Groom                           ",14,"Other Mobile Team 1                                             ","Toowoomba Housing Hub","8-10 Russell St","","","TOOWOOMBA CITY","QLD","4350","-27.55965397","151.954963",3145605,130601,"",29/04/2025,29/04/2025,"9:30","12:30"
"4","QLD","Groom                           ",14,"Special Hospital Team 1                                         ","Beauaraba Lodge","10 Weale St","","","PITTSWORTH","QLD","4356","-27.72074686","151.64099596",3118215,126176,"",22/04/2025,22/04/2025,"10:00","12:30"
"4","QLD","Groom                           ",14,"Special Hospital Team 1                                         ","Beauaraba Lodge","10 Weale St","","","PITTSWORTH","QLD","4356","-27.72074686","151.64099596",3118215,126176,"",22/04/2025,22/04/2025,"13:00","15:00"
"4","QLD","Groom                           ",14,"Special Hospital Team 1                                         ","Infinite Care Mount Lofty","69 Stuart St","","","HARLAXTON","QLD","4350","-27.5420996","151.9645368",3145407,104589,"",23/04/2025,23/04/2025,"13:00","14:30"
"4","QLD","Groom                           ",14,"Special Hospital Team 1                                         ","Infinite Care Mount Lofty","69 Stuart St","","","HARLAXTON","QLD","4350","-27.5420996","151.9645368",3145407,104589,"",23/04/2025,23/04/2025,"9:30","12:30"
"4","QLD","Groom                           ",14,"Special Hospital Team 1                                         ","Ozcare - Toowoomba","631-651 Greenwattle St","","","GLENVALE","QLD","4350","-27.565721","151.9140268",3145838,104590,"",24/04/2025,24/04/2025,"13:00","14:00"
"4","QLD","Groom                           ",14,"Special Hospital Team 1                                         ","Ozcare - Toowoomba","631-651 Greenwattle St","","","GLENVALE","QLD","4350","-27.565721","151.9140268",3145838,104590,"",24/04/2025,24/04/2025,"9:30","12:30"
"4","QLD","Groom                           ",14,"Special Hospital Team 1                                         ","Symes Thorpe Residential Aged Care","69 Stenner St","","","RANGEVILLE","QLD","4350","-27.5975926","151.9811506",3145503,12819,"",30/04/2025,30/04/2025,"13:00","14:30"
"4","QLD","Groom                           ",14,"Special Hospital Team 1                                         ","Symes Thorpe Residential Aged Care","69 Stenner St","","","RANGEVILLE","QLD","4350","-27.5975926","151.9811506",3145503,12819,"",30/04/2025,30/04/2025,"9:30","12:30"
"4","QLD","Groom                           ",14,"Special Hospital Team 1                                         ","The Brodribb Home","13 Goggs St","","","TOOWOOMBA CITY","QLD","4350","-27.5657579494588","151.943642189201",3145606,12809,"",28/04/2025,28/04/2025,"13:00","15:00"
"4","QLD","Groom                           ",14,"Special Hospital Team 1                                         ","The Brodribb Home","13 Goggs St","","","TOOWOOMBA CITY","QLD","4350","-27.5657579494588","151.943642189201",3145606,12809,"",28/04/2025,28/04/2025,"9:30","12:30"
"4","QLD","Groom                           ",14,"Special Hospital Team 1                                         ","Toowoomba Base Hospital","154 Pechey St","","","SOUTH TOOWOOMBA","QLD","4350","-27.5736182","151.9410179",3145626,143388,"Team 1",01/05/2025,01/05/2025,"13:00","16:30"
"4","QLD","Groom                           ",14,"Special Hospital Team 1                                         ","Toowoomba Base Hospital","154 Pechey St","","","SOUTH TOOWOOMBA","QLD","4350","-27.5736182","151.9410179",3145626,143388,"Team 1",01/05/2025,01/05/2025,"9:00","12:30"
"4","QLD","Groom                           ",14,"Special Hospital Team 1                                         ","Tricare Toowoomba Aged Care Residence","15 Curzon St","","","MOUNT LOFTY","QLD","4350","-27.552546","151.974395",3145721,12823,"",29/04/2025,29/04/2025,"13:00","14:00"
"4","QLD","Groom                           ",14,"Special Hospital Team 1                                         ","Tricare Toowoomba Aged Care Residence","15 Curzon St","","","MOUNT LOFTY","QLD","4350","-27.552546","151.974395",3145721,12823,"",29/04/2025,29/04/2025,"9:30","12:30"
"4","QLD","Groom                           ",14,"Special Hospital Team 2                                         ","Bolton Clarke Westhaven","55 Arabian St","","","HARRISTOWN","QLD","4350","-27.588289","151.92339",3144721,71632,"",22/04/2025,22/04/2025,"13:00","14:00"
"4","QLD","Groom                           ",14,"Special Hospital Team 2                                         ","Bolton Clarke Westhaven","55 Arabian St","","","HARRISTOWN","QLD","4350","-27.588289","151.92339",3144721,71632,"",22/04/2025,22/04/2025,"9:30","12:30"
"4","QLD","Groom                           ",14,"Special Hospital Team 2                                         ","Bupa Glenvale","357-383 McDougall St","","","GLENVALE","QLD","4350","-27.5616852558243","151.906136333774",3145836,71637,"",23/04/2025,23/04/2025,"13:00","14:30"
"4","QLD","Groom                           ",14,"Special Hospital Team 2                                         ","Bupa Glenvale","357-383 McDougall St","","","GLENVALE","QLD","4350","-27.5616852558243","151.906136333774",3145836,71637,"",23/04/2025,23/04/2025,"9:30","12:30"
"4","QLD","Groom                           ",14,"Special Hospital Team 2                                         ","Carinity Brownesholme Manor","Brownesholme Aged Care","131 Highfields Rd","","HIGHFIELDS","QLD","4352","-27.44629146","151.93492425",3145008,123372,"",30/04/2025,30/04/2025,"9:30","13:30"
"4","QLD","Groom                           ",14,"Special Hospital Team 2                                         ","Churches of Christ Toowoomba Aged Care Service","885 Ruthven St","","","KEARNEYS SPRING","QLD","4350","-27.5963313","151.9459791",3144627,125943,"",24/04/2025,24/04/2025,"13:30","15:00"
"4","QLD","Groom                           ",14,"Special Hospital Team 2                                         ","Churches of Christ Toowoomba Aged Care Service","885 Ruthven St","","","KEARNEYS SPRING","QLD","4350","-27.5963313","151.9459791",3144627,125943,"",24/04/2025,24/04/2025,"9:30","12:00"
"4","QLD","Groom                           ",14,"Special Hospital Team 2                                         ","Lutheran Services - Northridge Salem","44 Holberton St","","","ROCKVILLE","QLD","4350","-27.537391","151.937653",3145908,34142,"",29/04/2025,29/04/2025,"9:30","12:30"
"4","QLD","Groom                           ",14,"Special Hospital Team 2                                         ","Toowoomba Base Hospital","154 Pechey St","","","SOUTH TOOWOOMBA","QLD","4350","-27.5736182","151.9410179",3145626,143388,"Part 2",01/05/2025,01/05/2025,"13:00","16:30"
"4","QLD","Groom                           ",14,"Special Hospital Team 2                                         ","Toowoomba Base Hospital","154 Pechey St","","","SOUTH TOOWOOMBA","QLD","4350","-27.5736182","151.9410179",3145626,143388,"Part 2",01/05/2025,01/05/2025,"9:00","12:30"
"4","QLD","Groom                           ",14,"Special Hospital Team 2                                         ","Yukana Toowoomba","258 Spring St","","","KEARNEYS SPRING","QLD","4350","-27.602014","151.946821",3144610,71629,"",28/04/2025,28/04/2025,"13:00","15:30"
"4","QLD","Groom                           ",14,"Special Hospital Team 2                                         ","Yukana Toowoomba","258 Spring St","","","KEARNEYS SPRING","QLD","4350","-27.602014","151.946821",3144610,71629,"",28/04/2025,28/04/2025,"9:30","12:30"
"4","QLD","Groom                           ",14,"Special Hospital Team 3                                         ","Blue Care Toowoomba Residential Aged Care Facility","256 Stenner St","","","MIDDLE RIDGE","QLD","4350","-27.5948604","151.9605031",3145622,71631,"",30/04/2025,30/04/2025,"13:00","14:30"
"4","QLD","Groom                           ",14,"Special Hospital Team 3                                         ","Blue Care Toowoomba Residential Aged Care Facility","256 Stenner St","","","MIDDLE RIDGE","QLD","4350","-27.5948604","151.9605031",3145622,71631,"",30/04/2025,30/04/2025,"9:30","12:30"
"4","QLD","Groom                           ",14,"Special Hospital Team 3                                         ","Darling Downs Community Care Unit","346 Spring St","","","KEARNEYS SPRING","QLD","4350","-27.59960864","151.93748682",3144614,130599,"",24/04/2025,24/04/2025,"9:30","11:30"
"4","QLD","Groom                           ",14,"Special Hospital Team 3                                         ","Glenvale Villas Aged Care","182-184 Hursley Rd","","","GLENVALE","QLD","4350","-27.5592216861377","151.909603213694",3145830,106010,"",29/04/2025,29/04/2025,"13:00","14:30"
"4","QLD","Groom                           ",14,"Special Hospital Team 3                                         ","Glenvale Villas Aged Care","182-184 Hursley Rd","","","GLENVALE","QLD","4350","-27.5592216861377","151.909603213694",3145830,106010,"",29/04/2025,29/04/2025,"9:30","12:30"
"4","QLD","Groom                           ",14,"Special Hospital Team 3                                         ","Lutheran Services - Salem","280 Hume St","","","SOUTH TOOWOOMBA","QLD","4350","-27.578602","151.955436",3145629,34828,"",23/04/2025,23/04/2025,"13:00","15:00"
"4","QLD","Groom                           ",14,"Special Hospital Team 3                                         ","Lutheran Services - Salem","280 Hume St","","","SOUTH TOOWOOMBA","QLD","4350","-27.578602","151.955436",3145629,34828,"",23/04/2025,23/04/2025,"9:30","12:30"
"4","QLD","Groom                           ",14,"Special Hospital Team 3                                         ","McDonald Nursing Home Oakey","2-6 Beale St","","","OAKEY","QLD","4401","-27.426014","151.7203438",3118014,89761,"",22/04/2025,22/04/2025,"10:00","12:30"
"4","QLD","Groom                           ",14,"Special Hospital Team 3                                         ","McDonald Nursing Home Oakey","2-6 Beale St","","","OAKEY","QLD","4401","-27.426014","151.7203438",3118014,89761,"",22/04/2025,22/04/2025,"13:00","13:30"
"4","QLD","Groom                           ",14,"Special Hospital Team 3                                         ","St Vincent's Care Services Toowoomba","227 Spring St","","","MIDDLE RIDGE","QLD","4350","-27.600410900745","151.954186473857",3145220,12813,"",28/04/2025,28/04/2025,"13:00","15:30"
"4","QLD","Groom                           ",14,"Special Hospital Team 3                                         ","St Vincent's Care Services Toowoomba","227 Spring St","","","MIDDLE RIDGE","QLD","4350","-27.600410900745","151.954186473857",3145220,12813,"",28/04/2025,28/04/2025,"9:30","12:30"
"4","QLD","Groom                           ",14,"Special Hospital Team 3                                         ","Toowoomba Base Hospital","154 Pechey St","","","SOUTH TOOWOOMBA","QLD","4350","-27.5736182","151.9410179",3145626,143388,"Part 3",01/05/2025,01/05/2025,"13:00","16:30"
"4","QLD","Groom                           ",14,"Special Hospital Team 3                                         ","Toowoomba Base Hospital","154 Pechey St","","","SOUTH TOOWOOMBA","QLD","4350","-27.5736182","151.9410179",3145626,143388,"Part 3",01/05/2025,01/05/2025,"9:00","12:30"
"4","QLD","Groom                           ",14,"Special Hospital Team 4                                         ","Baillie Henderson Hospital","1-59 Hogg St","","","CRANLEY","QLD","4350","-27.52502045","151.9376319",3145922,130598,"",30/04/2025,30/04/2025,"9:00","12:00"
"4","QLD","Groom                           ",14,"Special Hospital Team 4                                         ","Baillie Henderson Hospital - Mental Health Unit","1-59 Hogg St","","","CRANLEY","QLD","4350","-27.52456139","151.93727016",3145922,126177,"",30/04/2025,30/04/2025,"13:00","16:00"
"4","QLD","Groom                           ",14,"Special Hospital Team 4                                         ","Bupa Rangeville","280 Mackenzie St","","","RANGEVILLE","QLD","4350","-27.586445","151.971738",3145518,89751,"",24/04/2025,24/04/2025,"13:00","14:00"
"4","QLD","Groom                           ",14,"Special Hospital Team 4                                         ","Bupa Rangeville","280 Mackenzie St","","","RANGEVILLE","QLD","4350","-27.586445","151.971738",3145518,89751,"",24/04/2025,24/04/2025,"9:30","12:30"
"4","QLD","Groom                           ",14,"Special Hospital Team 4                                         ","Mt Lofty Nursing Home","Mount Lofty Hospital","27-49 Rifle Range Rd","","MOUNT LOFTY","QLD","4350","-27.54297035","151.96517587",3145703,126178,"",22/04/2025,22/04/2025,"9:30","12:30"
"4","QLD","Groom                           ",14,"Special Hospital Team 4                                         ","Palm Lake Care Toowoomba","149 Hogg St","","","CRANLEY","QLD","4350","-27.52544","151.92642",3145938,106538,"",23/04/2025,23/04/2025,"13:00","18:00"
"4","QLD","Groom                           ",14,"Special Hospital Team 4                                         ","Palm Lake Care Toowoomba","149 Hogg St","","","CRANLEY","QLD","4350","-27.52544","151.92642",3145938,106538,"",23/04/2025,23/04/2025,"9:30","12:30"
"4","QLD","Groom                           ",14,"Special Hospital Team 4                                         ","Toowoomba Base Hospital","154 Pechey St","","","SOUTH TOOWOOMBA","QLD","4350","-27.5736182","151.9410179",3145626,143388,"Part 4",01/05/2025,01/05/2025,"13:00","16:30"
"4","QLD","Groom                           ",14,"Special Hospital Team 4                                         ","Toowoomba Base Hospital","154 Pechey St","","","SOUTH TOOWOOMBA","QLD","4350","-27.5736182","151.9410179",3145626,143388,"Part 4",01/05/2025,01/05/2025,"9:00","12:30"
"4","QLD","Groom                           ",14,"Special Hospital Team 4                                         ","Toowoomba Base Hospital - Mental Health Unit","154 Pechey St ","","","SOUTH TOOWOOMBA ","QLD","4350","-27.56929","151.94622",3145637,130600,"",29/04/2025,29/04/2025,"10:30","13:30"
"4","QLD","Herbert                         ",15,"Special Hospital Team 1                                         ","Arcare North Shore","77 Main St","","","BURDELL","QLD","4818","-19.2510025130781","146.697849173918",3158213,106469,"",01/05/2025,01/05/2025,"9:00","13:30"
"4","QLD","Herbert                         ",15,"Special Hospital Team 1                                         ","BlueCare Mount Louisa Aged Care Facility","489 Bayswater Rd","","","MOUNT LOUISA","QLD","4814","-19.270306016871","146.746446558773",3148418,104444,"",22/04/2025,22/04/2025,"9:00","14:30"
"4","QLD","Herbert                         ",15,"Special Hospital Team 1                                         ","BlueCare Shalom Elders Village","190 Hervey Range Rd","","","CONDON","QLD","4815","-19.32394458","146.71047967",3147115,123548,"",23/04/2025,23/04/2025,"14:00","15:30"
"4","QLD","Herbert                         ",15,"Special Hospital Team 1                                         ","Bolton Clarke Glendale","453 Dalrymple Rd","","","MOUNT LOUISA","QLD","4814","-19.2861409568156","146.743917677645",3148402,77504,"",24/04/2025,24/04/2025,"9:00","14:30"
"4","QLD","Herbert                         ",15,"Special Hospital Team 1                                         ","Bolton Clarke Rowes Bay","9 Havana St","","","ROWES BAY","QLD","4810","-19.2374708295431","146.785841448627",3146905,50255,"",30/04/2025,30/04/2025,"9:00","14:30"
"4","QLD","Herbert                         ",15,"Special Hospital Team 1                                         ","Parklands Residential Aged Care Facility","138 Thuringowa Dr","","","THURINGOWA CENTRAL","QLD","4817","-19.3042160360796","146.732030887015",3148212,70671,"",23/04/2025,23/04/2025,"9:00","12:00"
"4","QLD","Herbert                         ",15,"Special Hospital Team 1                                         ","Regis Kirwan","1 Emerald St","","","KIRWAN","QLD","4817","-19.30610389","146.73739441",3148120,123362,"",28/04/2025,28/04/2025,"9:00","14:30"
"4","QLD","Herbert                         ",15,"Special Hospital Team 1                                         ","St Vincent's Aged Care Douglas","291 Angus Smith Dr","","","DOUGLAS","QLD","4814","-19.3233562669069","146.740935664776",3147409,106470,"",29/04/2025,29/04/2025,"9:00","14:30"
"4","QLD","Herbert                         ",15,"Special Hospital Team 2                                         ","North Queensland Combined Women's Services","118 Charles St","","","AITKENVALE","QLD","4814","-19.29278885","146.76297561",3146702,127286,"",29/04/2025,29/04/2025,"9:00","13:30"
"4","QLD","Herbert                         ",15,"Special Hospital Team 2                                         ","Ozcare Villa Vincent Townsville","2 Acacia St","","","MUNDINGBURRA","QLD","4812","-19.289487","146.778777",3148504,12837,"",22/04/2025,22/04/2025,"9:00","14:30"
"4","QLD","Herbert                         ",15,"Special Hospital Team 2                                         ","Ozcare Villa Vincent Townsville","2 Acacia St","","","MUNDINGBURRA","QLD","4812","-19.289487","146.778777",3148504,12837,"",23/04/2025,23/04/2025,"9:00","14:30"
"4","QLD","Herbert                         ",15,"Special Hospital Team 2                                         ","Townsville Community Care Unit (Kirwan Rehabilitation Unit)","138-158 Thuringowa Dr","","","THURINGOWA CENTRAL","QLD","4817","-19.304185","146.732027",3148212,127287,"",28/04/2025,28/04/2025,"9:00","14:30"
"4","QLD","Herbert                         ",15,"Special Hospital Team 2                                         ","Yumba-Meta Limited - Dale Parker Place","107 Bowen Rd","","","ROSSLEA","QLD","4812","-19.301328940220365","146.7998963669219",3147804,126015,"",24/04/2025,24/04/2025,"9:00","13:30"
"4","QLD","Hinkler                         ",16,"Special Hospital Team 1                                         ","Anglicare SQ Meilene Home for the Aged","2 Meilene St","","","BUNDABERG EAST","QLD","4670","-24.85232","152.38902",3149606,34591,"",23/04/2025,23/04/2025,"13:00","14:30"
"4","QLD","Hinkler                         ",16,"Special Hospital Team 1                                         ","Anglicare SQ Meilene Home for the Aged","2 Meilene St","","","BUNDABERG EAST","QLD","4670","-24.85232","152.38902",3149606,34591,"",23/04/2025,23/04/2025,"9:30","12:00"
"4","QLD","Hinkler                         ",16,"Special Hospital Team 1                                         ","Argyle Lodge","90 Twyford St","","","AVOCA","QLD","4670","-24.888988152314436","152.314436",3150022,69689,"",29/04/2025,29/04/2025,"9:30","12:30"
"4","QLD","Hinkler                         ",16,"Special Hospital Team 1                                         ","Blue Care Bundaberg Riverlea Aged Care Facility","1 River Tce","","","MILLBANK","QLD","4670","-24.87067","152.32444",3150002,34997,"",28/04/2025,28/04/2025,"9:30","12:30"
"4","QLD","Hinkler                         ",16,"Special Hospital Team 1                                         ","Bolton Clarke Fairways - Residential Aged Care","59 Hanbury St","","","BUNDABERG NORTH","QLD","4670","-24.85918","152.32301",3149703,40907,"",24/04/2025,24/04/2025,"12:30","15:30"
"4","QLD","Hinkler                         ",16,"Special Hospital Team 1                                         ","Bolton Clarke Fairways - Residential Aged Care","59 Hanbury St","","","BUNDABERG NORTH","QLD","4670","-24.85918","152.32301",3149703,40907,"",24/04/2025,24/04/2025,"9:00","12:00"
"4","QLD","Hinkler                         ",16,"Special Hospital Team 1                                         ","Carinity Kepnock Grove","28 Jocumsen St","","","KEPNOCK","QLD","4670","-24.87546","152.37023",3149205,12848,"",22/04/2025,22/04/2025,"9:00","12:00"
"4","QLD","Hinkler                         ",16,"Special Hospital Team 1                                         ","Palm Lake Care Bargara","55 Wearing Rd","","","BARGARA","QLD","4670","-24.8446881882596","152.465115260884",3149302,73878,"",30/04/2025,30/04/2025,"10:00","12:00"
"4","QLD","Hinkler                         ",16,"Special Hospital Team 1                                         ","Palm Lake Care Bargara","55 Wearing Rd","","","BARGARA","QLD","4670","-24.8446881882596","152.465115260884",3149302,73878,"",30/04/2025,30/04/2025,"13:00","15:00"
"4","QLD","Hinkler                         ",16,"Special Hospital Team 1                                         ","Palm Lake Care Bargara","55 Wearing Rd","","","BARGARA","QLD","4670","-24.8446881882596","152.465115260884",3149302,73878,"",01/05/2025,01/05/2025,"10:00","12:00"
"4","QLD","Hinkler                         ",16,"Special Hospital Team 2                                         ","Blue Care Bundaberg Pioneer Aged Care Facility","195 Barolin St","","","AVENELL HEIGHTS","QLD","4670","-24.89412","152.35961",3150222,12852,"",28/04/2025,28/04/2025,"10:00","12:00"
"4","QLD","Hinkler                         ",16,"Special Hospital Team 2                                         ","Blue Care Bundaberg Pioneer Aged Care Facility","195 Barolin St","","","AVENELL HEIGHTS","QLD","4670","-24.89412","152.35961",3150222,12852,"",28/04/2025,28/04/2025,"13:00","15:00"
"4","QLD","Hinkler                         ",16,"Special Hospital Team 2                                         ","Blue Care Bundaberg Pioneer Aged Care Facility","195 Barolin St","","","AVENELL HEIGHTS","QLD","4670","-24.89412","152.35961",3150222,12852,"",29/04/2025,29/04/2025,"10:00","12:00"
"4","QLD","Hinkler                         ",16,"Special Hospital Team 2                                         ","Blue Care Bundaberg Pioneer Aged Care Facility","195 Barolin St","","","AVENELL HEIGHTS","QLD","4670","-24.89412","152.35961",3150222,12852,"",29/04/2025,29/04/2025,"13:00","14:00"
"4","QLD","Hinkler                         ",16,"Special Hospital Team 2                                         ","Churches of Christ Gracehaven Aged Care Service","71 Dr Mays Rd","","","SVENSSON HEIGHTS","QLD","4670","-24.886446","152.330656",3150114,12847,"",23/04/2025,23/04/2025,"13:00","15:30"
"4","QLD","Hinkler                         ",16,"Special Hospital Team 2                                         ","Churches of Christ Gracehaven Aged Care Service","71 Dr Mays Rd","","","SVENSSON HEIGHTS","QLD","4670","-24.886446","152.330656",3150114,12847,"",23/04/2025,23/04/2025,"9:30","12:00"
"4","QLD","Hinkler                         ",16,"Special Hospital Team 2                                         ","Churches of Christ Gracehaven Aged Care Service","71 Dr Mays Rd","","","SVENSSON HEIGHTS","QLD","4670","-24.886446","152.330656",3150114,12847,"",24/04/2025,24/04/2025,"9:30","12:00"
"4","QLD","Hinkler                         ",16,"Special Hospital Team 2                                         ","TriCare Bundaberg Aged Care Residence","12 FE Walker St","","","KEPNOCK","QLD","4670","-24.8751462","152.3676038",3149205,52026,"",22/04/2025,22/04/2025,"10:00","12:00"
"4","QLD","Hinkler                         ",16,"Special Hospital Team 2                                         ","TriCare Bundaberg Aged Care Residence","12 FE Walker St","","","KEPNOCK","QLD","4670","-24.8751462","152.3676038",3149205,52026,"",22/04/2025,22/04/2025,"13:00","16:00"
"4","QLD","Hinkler                         ",16,"Special Hospital Team 3                                         ","Anglicare SQ Kirami Home for the Aged","12 Banksia St","","","POINT VERNON","QLD","4655","-25.2634990271425","152.823980396571",3151908,13842,"",23/04/2025,23/04/2025,"13:00","14:30"
"4","QLD","Hinkler                         ",16,"Special Hospital Team 3                                         ","Anglicare SQ Kirami Home for the Aged","12 Banksia St","","","POINT VERNON","QLD","4655","-25.2634990271425","152.823980396571",3151908,13842,"",23/04/2025,23/04/2025,"9:30","12:00"
"4","QLD","Hinkler                         ",16,"Special Hospital Team 3                                         ","Blue Care Hervey Bay Masters Lodge Aged Care Facility","33 Jensen Dr","","","URRAWEEN","QLD","4655","-25.303388","152.831525",3151810,13855,"",24/04/2025,24/04/2025,"10:00","12:00"
"4","QLD","Hinkler                         ",16,"Special Hospital Team 3                                         ","Blue Care Hervey Bay Masters Lodge Aged Care Facility","33 Jensen Dr","","","URRAWEEN","QLD","4655","-25.303388","152.831525",3151810,13855,"",24/04/2025,24/04/2025,"13:00","14:30"
"4","QLD","Hinkler                         ",16,"Special Hospital Team 3                                         ","Estia Health Hervey Bay","6-8 Medical Pl","","","URRAWEEN","QLD","4655","-25.299308","152.8251896",3151827,91483,"",29/04/2025,29/04/2025,"13:00","15:00"
"4","QLD","Hinkler                         ",16,"Special Hospital Team 3                                         ","Estia Health Hervey Bay","6-8 Medical Pl","","","URRAWEEN","QLD","4655","-25.299308","152.8251896",3151827,91483,"",29/04/2025,29/04/2025,"9:30","12:00"
"4","QLD","Hinkler                         ",16,"Special Hospital Team 3                                         ","Hervey Bay Neighbourhood Centre","22-36 Charles St","","","PIALBA","QLD","4655","-25.28247182","152.83770169",3151803,126801,"",30/04/2025,30/04/2025,"15:30","17:30"
"4","QLD","Hinkler                         ",16,"Special Hospital Team 3                                         ","Parklands Aged Care Facility","74-98 Emerald Park Way","","","URANGAN","QLD","4655","-25.2976","152.88111",3152130,69699,"",22/04/2025,22/04/2025,"13:00","15:30"
"4","QLD","Hinkler                         ",16,"Special Hospital Team 3                                         ","Parklands Aged Care Facility","74-98 Emerald Park Way","","","URANGAN","QLD","4655","-25.2976","152.88111",3152130,69699,"",22/04/2025,22/04/2025,"9:30","12:00"
"4","QLD","Hinkler                         ",16,"Special Hospital Team 3                                         ","Torbay Lifestyles & Care - Residential Aged Care","43 Exeter St","","","TORQUAY","QLD","4655","-25.29412","152.86645",3152021,70368,"",28/04/2025,28/04/2025,"13:00","15:30"
"4","QLD","Hinkler                         ",16,"Special Hospital Team 3                                         ","Torbay Lifestyles & Care - Residential Aged Care","43 Exeter St","","","TORQUAY","QLD","4655","-25.29412","152.86645",3152021,70368,"",28/04/2025,28/04/2025,"9:30","12:00"
"4","QLD","Hinkler                         ",16,"Special Hospital Team 3                                         ","TriCare Pt Vernon Aged Care Residence","193 Esplanade","","","POINT VERNON","QLD","4655","-25.26859","152.82866",3151909,13867,"",01/05/2025,01/05/2025,"9:30","11:00"
"4","QLD","Hinkler                         ",16,"Special Hospital Team 4                                         ","Bolton Clarke Baycrest","99 Doolong Rd","","","KAWUNGAN","QLD","4655","-25.3063575295507","152.844658229405",3152031,34856,"",28/04/2025,28/04/2025,"13:00","14:30"
"4","QLD","Hinkler                         ",16,"Special Hospital Team 4                                         ","Bolton Clarke Baycrest","99 Doolong Rd","","","KAWUNGAN","QLD","4655","-25.3063575295507","152.844658229405",3152031,34856,"",28/04/2025,28/04/2025,"9:30","12:00"
"4","QLD","Hinkler                         ",16,"Special Hospital Team 4                                         ","Churches of Christ Care Fairhaven Aged Care Service Hervey Bay","130 Pantlins La","","","URRAWEEN","QLD","4655","-25.29414","152.81526",3151824,34189,"",24/04/2025,24/04/2025,"13:00","14:00"
"4","QLD","Hinkler                         ",16,"Special Hospital Team 4                                         ","Churches of Christ Care Fairhaven Aged Care Service Hervey Bay","130 Pantlins La","","","URRAWEEN","QLD","4655","-25.29414","152.81526",3151824,34189,"",24/04/2025,24/04/2025,"9:00","12:00"
"4","QLD","Hinkler                         ",16,"Special Hospital Team 4                                         ","Ozcare Aged Care Facility","20-35 Davis Dr","","","KAWUNGAN","QLD","4655","-25.2957800890255","152.840251051107",3152038,91484,"",23/04/2025,23/04/2025,"12:30","16:00"
"4","QLD","Hinkler                         ",16,"Special Hospital Team 4                                         ","Ozcare Aged Care Facility","20-35 Davis Dr","","","KAWUNGAN","QLD","4655","-25.2957800890255","152.840251051107",3152038,91484,"",23/04/2025,23/04/2025,"9:00","12:00"
"4","QLD","Kennedy                         ",17,"Other Mobile Team 1                                             ","Lotus Glen Correctional Centre ","729 Chettle Rd","","","ARRIGA","QLD","4880","-17.10883146","145.34959408",3140001,123791,"Mens Correction Centre",28/04/2025,28/04/2025,"13:00","16:00"
"4","QLD","Kennedy                         ",17,"Other Mobile Team 1                                             ","Lotus Glen Correctional Centre ","729 Chettle Rd","","","ARRIGA","QLD","4880","-17.10883146","145.34959408",3140001,123791,"Mens Correction Centre",28/04/2025,28/04/2025,"9:30","12:00"
"4","QLD","Kennedy                         ",17,"Other Mobile Team 1                                             ","Lotus Glen Correctional Centre ","729 Chettle Rd","","","ARRIGA","QLD","4880","-17.10883146","145.34959408",3140001,123791,"Mens Correction Centre",29/04/2025,29/04/2025,"13:00","16:00"
"4","QLD","Kennedy                         ",17,"Other Mobile Team 1                                             ","Lotus Glen Correctional Centre ","729 Chettle Rd","","","ARRIGA","QLD","4880","-17.10883146","145.34959408",3140001,123791,"Mens Correction Centre",29/04/2025,29/04/2025,"9:30","12:00"
"4","QLD","Kennedy                         ",17,"Other Mobile Team 1                                             ","Lotus Glen Correctional Centre ","729 Chettle Rd","","","ARRIGA","QLD","4880","-17.10883146","145.34959408",3140001,123791,"Mens Correction Centre",30/04/2025,30/04/2025,"13:00","16:00"
"4","QLD","Kennedy                         ",17,"Other Mobile Team 1                                             ","Lotus Glen Correctional Centre ","729 Chettle Rd","","","ARRIGA","QLD","4880","-17.10883146","145.34959408",3140001,123791,"Mens Correction Centre",30/04/2025,30/04/2025,"9:30","12:00"
"4","QLD","Kennedy                         ",17,"Other Mobile Team 1                                             ","Lotus Glen Correctional Centre ","729 Chettle Rd","","","ARRIGA","QLD","4880","-17.10883146","145.34959408",3140001,123791,"Mens Correction Centre",01/05/2025,01/05/2025,"13:00","16:00"
"4","QLD","Kennedy                         ",17,"Other Mobile Team 1                                             ","Lotus Glen Correctional Centre ","729 Chettle Rd","","","ARRIGA","QLD","4880","-17.10883146","145.34959408",3140001,123791,"Mens Correction Centre",01/05/2025,01/05/2025,"9:30","12:00"
"4","QLD","Kennedy                         ",17,"Other Mobile Team 2                                             ","Lotus Glen Correctional Centre ","729 Chettle Rd","","","ARRIGA","QLD","4880","-17.10883146","145.34959408",3140001,123791,"Mens Correctional Centre",28/04/2025,28/04/2025,"13:00","16:00"
"4","QLD","Kennedy                         ",17,"Other Mobile Team 2                                             ","Lotus Glen Correctional Centre ","729 Chettle Rd","","","ARRIGA","QLD","4880","-17.10883146","145.34959408",3140001,123791,"Mens Correctional Centre",28/04/2025,28/04/2025,"9:30","12:00"
"4","QLD","Kennedy                         ",17,"Other Mobile Team 2                                             ","Lotus Glen Correctional Centre ","729 Chettle Rd","","","ARRIGA","QLD","4880","-17.10883146","145.34959408",3140001,123791,"Mens Correctional Centre",29/04/2025,29/04/2025,"13:00","16:00"
"4","QLD","Kennedy                         ",17,"Other Mobile Team 2                                             ","Lotus Glen Correctional Centre ","729 Chettle Rd","","","ARRIGA","QLD","4880","-17.10883146","145.34959408",3140001,123791,"Mens Correctional Centre",29/04/2025,29/04/2025,"9:30","12:00"
"4","QLD","Kennedy                         ",17,"Other Mobile Team 2                                             ","Lotus Glen Correctional Centre ","729 Chettle Rd","","","ARRIGA","QLD","4880","-17.10883146","145.34959408",3140001,123791,"Mens Correctional Centre",30/04/2025,30/04/2025,"13:00","16:00"
"4","QLD","Kennedy                         ",17,"Other Mobile Team 2                                             ","Lotus Glen Correctional Centre ","729 Chettle Rd","","","ARRIGA","QLD","4880","-17.10883146","145.34959408",3140001,123791,"Mens Correctional Centre",30/04/2025,30/04/2025,"9:30","12:00"
"4","QLD","Kennedy                         ",17,"Other Mobile Team 2                                             ","Lotus Glen Correctional Centre ","729 Chettle Rd","","","ARRIGA","QLD","4880","-17.10883146","145.34959408",3140001,123791,"Mens Correctional Centre",01/05/2025,01/05/2025,"13:00","16:00"
"4","QLD","Kennedy                         ",17,"Other Mobile Team 2                                             ","Lotus Glen Correctional Centre ","729 Chettle Rd","","","ARRIGA","QLD","4880","-17.10883146","145.34959408",3140001,123791,"Mens Correctional Centre",01/05/2025,01/05/2025,"9:30","12:00"
"4","QLD","Kennedy                         ",17,"Other Mobile Team 3                                             ","Charters Towers Community Care Unit","35 Gladstone Rd","","","QUEENTON","QLD","4820","-20.0763","146.28083",3146213,128188,"",01/05/2025,01/05/2025,"9:15","11:15"
"4","QLD","Kennedy                         ",17,"Other Mobile Team 3                                             ","Dalrymple Villa","15 Fraser St","","","RICHMOND HILL","QLD","4820","-20.0664781071879","146.253552130238",3146205,128191,"",30/04/2025,30/04/2025,"9:15","12:45"
"4","QLD","Kennedy                         ",17,"Other Mobile Team 3                                             ","Eventide Charters Towers","Eventide Home","54-78 Dalrymple Rd","","RICHMOND HILL","QLD","4820","-20.0659516","146.25710312",3146207,128192,"",29/04/2025,29/04/2025,"9:30","13:00"
"4","QLD","Kennedy                         ",17,"Other Mobile Team 3                                             ","Jupiter Mosman Housing Company Ltd","164 Gill St","","","CHARTERS TOWERS CITY","QLD","4820","-20.07672","146.26271",3146217,129639,"",01/05/2025,01/05/2025,"13:15","15:15"
"4","QLD","Kennedy                         ",17,"Remote Mobile Team 1                                            ","Bang Bang Rest Area","Burke Developmental Rd ","","","STOKES","QLD","4823","-18.526592224651992","140.65341543978175",3140408,123880,"",01/05/2025,01/05/2025,"9:30","12:30"
"4","QLD","Kennedy                         ",17,"Remote Mobile Team 1                                            ","Burketown Nijinda Durlga Hall","Sloman St","","","BURKETOWN","QLD","4830","-17.742189","139.545776",3140410,121452,"",29/04/2025,29/04/2025,"11:00","14:00"
"4","QLD","Kennedy                         ",17,"Remote Mobile Team 1                                            ","Doris Casey Memorial Hall","21 Brown St","","","CROYDON","QLD","4871","-18.20409051103188","142.24935398865142",3139704,125661,"",30/04/2025,30/04/2025,"13:00","16:00"
"4","QLD","Kennedy                         ",17,"Remote Mobile Team 1                                            ","Gidgee Healing","121 Marian St","","","MOUNT ISA","QLD","4825","-20.72554303","139.5118867",3140521,123486,"",24/04/2025,24/04/2025,"9:00","15:00"
"4","QLD","Kennedy                         ",17,"Remote Mobile Team 1                                            ","Jimberella Hall","Matheson St","","","DAJARRA","QLD","4825","-21.694796331634343","139.51145690638492",3140611,69652,"",26/04/2025,26/04/2025,"10:30","13:30"
"4","QLD","Kennedy                         ",17,"Remote Mobile Team 1                                            ","Kukatja Place","65 Landsborough St","","","NORMANTON","QLD","4890","-17.67258","141.07509",3140405,124336,"",30/04/2025,30/04/2025,"9:30","10:30"
"4","QLD","Kennedy                         ",17,"Remote Mobile Team 1                                            ","Murray's Place","1 Gleeson Ave","","","GREGORY","QLD","4830","-18.651358542623836","139.25324167301906",3140409,124337,"",28/04/2025,28/04/2025,"10:30","13:30"
"4","QLD","Kennedy                         ",17,"Remote Mobile Team 1                                            ","WW2 Airfield Free Camp","Barkly Hwy ","","","GUNPOWDER","QLD","4825","-20.37287","139.264938",3140612,142356,"",22/04/2025,22/04/2025,"11:00","14:00"
"4","QLD","Kennedy                         ",17,"Remote Mobile Team 1                                            ","Williejadurra Hall","45 Barkly Hwy","","","CAMOOWEAL","QLD","4828","-19.921717848968136","138.11799130931493",3140605,124358,"",23/04/2025,23/04/2025,"9:00","12:00"
"4","QLD","Kennedy                         ",17,"Remote Mobile Team 2                                            ","Almaden Town Hall","14 Hall Lane","","","ALMADEN","QLD","4871","-17.33974207","144.67699606",3140007,123467,"",22/04/2025,22/04/2025,"10:00","13:00"
"4","QLD","Kennedy                         ",17,"Remote Mobile Team 2                                            ","Einasleigh Public Hall","1 Daintree St","","","EINASLEIGH","QLD","4871","-18.512672727476","144.094945907661",3139703,123469,"",28/04/2025,28/04/2025,"9:30","12:30"
"4","QLD","Kennedy                         ",17,"Remote Mobile Team 2                                            ","Forsayth QCWA Branch ","First St","","","FORSAYTH","QLD","4871","-18.58731805979984","143.60376656441764",3139702,124331,"",24/04/2025,24/04/2025,"7:30","10:30"
"4","QLD","Kennedy                         ",17,"Remote Mobile Team 2                                            ","Mount Carbine Community Hall","Mt Carbine Caravan Park","6806 Mulligan Hwy","","MOUNT CARBINE","QLD","4871","-16.531268122977526","145.13897312016167",3140007,123470,"",26/04/2025,26/04/2025,"11:30","14:30"
"4","QLD","Kennedy                         ",17,"Remote Mobile Team 2                                            ","Mount Surprise Public Hall","35A Garland St","","","MOUNT SURPRISE","QLD","4871","-18.147545574910172","144.31783257194076",3139703,123482,"",23/04/2025,23/04/2025,"11:00","14:00"
"4","QLD","Kennedy                         ",17,"Remote Mobile Team 3                                            ","Greenvale Community Hall","3 Acacia Dr","","","GREENVALE","QLD","4816","-18.99980530764422","144.98126498789463",3146310,123474,"",28/04/2025,28/04/2025,"10:00","13:00"
"4","QLD","Kennedy                         ",17,"Remote Mobile Team 3                                            ","Homestead Community Hall","42 Home st","","","HOMESTEAD","QLD","4816","-20.362545023681616","145.65411317383186",3146303,125513,"",22/04/2025,22/04/2025,"9:30","12:30"
"4","QLD","Kennedy                         ",17,"Remote Mobile Team 3                                            ","Millaroo State School","1-13 Cunningham St","","","MILLAROO","QLD","4807","-20.058781520674525","147.2810552255433",3146114,123479,"",29/04/2025,29/04/2025,"10:00","13:00"
"4","QLD","Kennedy                         ",17,"Remote Mobile Team 3                                            ","Prairie Hall","19 Savage St","","","PRAIRIE","QLD","4816","-20.871016322003296","144.60121315963698",3140711,124340,"",26/04/2025,26/04/2025,"9:30","12:30"
"4","QLD","Kennedy                         ",17,"Remote Mobile Team 3                                            ","Ravenswood State School","30 Elphinstone St","","","RAVENSWOOD","QLD","4816","-20.0958776","146.8866989",3146312,143423,"",24/04/2025,24/04/2025,"9:30","12:30"
"4","QLD","Kennedy                         ",17,"Remote Mobile Team 3                                            ","Rest Area Mobile Polling Stamford","cnr Kennedy Developmental Rd","& Marathon Stamford Rd","","STAMFORD","QLD","4821","-21.26684014725429","143.80981782816855",3140709,124359,"",30/04/2025,30/04/2025,"13:00","16:00"
"4","QLD","Kennedy                         ",17,"Remote Mobile Team 3                                            ","Torrens Creek Park ","Russell St","","","TORRENS CREEK","QLD","4816","-20.770357490132298","145.0195467159721",3140711,124341,"",23/04/2025,23/04/2025,"10:30","13:30"
"4","QLD","Kennedy                         ",17,"Special Hospital Team 1                                         ","Blue Care Mareeba Aged Care Facility","7 Macrae St","","","MAREEBA","QLD","4880","-16.9850912622497","145.423959818905",3117021,123310,"",28/04/2025,28/04/2025,"9:30","12:30"
"4","QLD","Kennedy                         ",17,"Special Hospital Team 1                                         ","Carinya Home for the Aged","1 Mazlin St","","","ATHERTON","QLD","4883","-17.26606805","145.48573298",3116604,121713,"",24/04/2025,24/04/2025,"12:30","16:30"
"4","QLD","Kennedy                         ",17,"Special Hospital Team 1                                         ","Carinya Home for the Aged","1 Mazlin St","","","ATHERTON","QLD","4883","-17.26606805","145.48573298",3116604,121713,"",24/04/2025,24/04/2025,"8:30","12:00"
"4","QLD","Kennedy                         ",17,"Special Hospital Team 1                                         ","Ozcare Malanda Aged Care Facility","2 Turnball Rd ","","","MALANDA","QLD","4885","-17.3502111","145.5842222",3116909,123311,"",23/04/2025,23/04/2025,"9:30","13:00"
"4","QLD","Kennedy                         ",17,"Special Hospital Team 2                                         ","Blue Care Ingham Bluehaven Aged Care Facility","58 Cassady St ","","","INGHAM","QLD","4850","-18.64458","146.17231",3146405,123324,"",23/04/2025,23/04/2025,"9:00","12:00"
"4","QLD","Kennedy                         ",17,"Special Hospital Team 2                                         ","Churches of Christ Care Palms Aged Care Service","59 Sir Arthur Fadden Pde","","","INGHAM","QLD","4850","-18.6550387398601","146.17841935955",3146420,123322,"",28/04/2025,28/04/2025,"9:30","12:00"
"4","QLD","Kennedy                         ",17,"Special Hospital Team 2                                         ","Churches of Christ Care Rockingham Aged Care Service Cardwell","40 Jamieson St","","","CARDWELL","QLD","4816","-18.2495419046888","146.01556711297",3116116,123323,"",24/04/2025,24/04/2025,"9:30","12:30"
"4","QLD","Kennedy                         ",17,"Special Hospital Team 2                                         ","Ozcare Magdalene Villa Aged Care Facility","9 Stone River Rd","","","TREBONNE","QLD","4850","-18.6273661524246","146.078687608774",3146501,122252,"",30/04/2025,30/04/2025,"9:00","12:00"
"4","QLD","Kennedy                         ",17,"Special Hospital Team 2                                         ","Tully Nursing Home","13 Bryant St","","","TULLY","QLD","4854","-17.9248631","145.923264",3116129,123321,"",29/04/2025,29/04/2025,"9:30","12:30"
"4","QLD","Kennedy                         ",17,"Special Hospital Team 3                                         ","Babinda Multipurpose Health Service RACF","128 Munro St","","","BABINDA","QLD","4861","-17.3427547000612","145.918891560062",3115807,123318,"",24/04/2025,24/04/2025,"13:30","14:30"
"4","QLD","Kennedy                         ",17,"Special Hospital Team 3                                         ","Infinite Care Edmonton Gardens","5 Louie Piccone Way","","","EDMONTON","QLD","4869","-17.0286921952931","145.748445595072",3114703,123312,"",29/04/2025,29/04/2025,"12:30","16:00"
"4","QLD","Kennedy                         ",17,"Special Hospital Team 3                                         ","Infinite Care Edmonton Gardens","5 Louie Piccone Way","","","EDMONTON","QLD","4869","-17.0286921952931","145.748445595072",3114703,123312,"",29/04/2025,29/04/2025,"8:30","12:00"
"4","QLD","Kennedy                         ",17,"Special Hospital Team 3                                         ","Pyramid Residential Care Centre","65 Cairns Rd","","","GORDONVALE","QLD","4865","-17.0867495479658","145.779270228686",3114815,123317,"",30/04/2025,30/04/2025,"9:30","11:30"
"4","QLD","Kennedy                         ",17,"Special Hospital Team 3                                         ","Warrina Innisfail Nursing Home","Warrina St","","","GOONDI HILL","QLD","4860","-17.5176021","146.0181336",3115909,123313,"",28/04/2025,28/04/2025,"9:00","12:30"
"4","QLD","Kennedy                         ",17,"Special Hospital Team 4                                         ","Cloncurry Multipurpose Health Service ","1 Musgrave St","","","CLONCURRY","QLD","4824","-20.7021589","140.5269422",3140601,122254,"",01/05/2025,01/05/2025,"10:30","11:45"
"4","QLD","Leichhardt                      ",18,"Remote Mobile Team 1                                            ","Badu Community Hall","13 Nona St","","","BADU ISLAND","QLD","4875","-10.159646464752425","142.16721856545334",3140217,33425,"",02/05/2025,02/05/2025,"8:30","14:30"
"4","QLD","Leichhardt                      ",18,"Remote Mobile Team 1                                            ","Erub Council Library","Medigee Village","","","ERUB ISLAND","QLD","4875","-9.579669327173638","143.7789660751906",3140204,33428,"",24/04/2025,24/04/2025,"9:30","13:30"
"4","QLD","Leichhardt                      ",18,"Remote Mobile Team 1                                            ","Hammond Is Community Hall","Francis Rd","","","HAMMOND ISLAND","QLD","4875","-10.555315419643023","142.21786510034713",3140208,33432,"",30/04/2025,30/04/2025,"9:30","12:30"
"4","QLD","Leichhardt                      ",18,"Remote Mobile Team 1                                            ","Masig Community Hall","Dans Rd","","","MASIG ISLAND","QLD","4875","-9.752536","143.407456",3140216,33442,"",01/05/2025,01/05/2025,"10:00","13:00"
"4","QLD","Leichhardt                      ",18,"Remote Mobile Team 1                                            ","Saibai Community Hall","Main Rd","","","SAIBAI ISLAND","QLD","4875","-9.397031","142.682691",3140210,33437,"",29/04/2025,29/04/2025,"9:00","13:00"
"4","QLD","Leichhardt                      ",18,"Remote Mobile Team 1                                            ","St Pauls Community Hall","207 Saveka St","","","MOA ISLAND","QLD","4875","-10.188950572455935","142.33209413198816",3140214,33439,"",23/04/2025,23/04/2025,"10:00","13:00"
"4","QLD","Leichhardt                      ",18,"Remote Mobile Team 1                                            ","Ugar Community Hall","57 Randall St","","","UGAR ISLAND","QLD","4875","-9.507589","143.545442",3140209,33438,"",02/05/2025,02/05/2025,"9:30","12:30"
"4","QLD","Leichhardt                      ",18,"Remote Mobile Team 2                                            ","Blue Care Star of the Sea Elders Village","121 Waiben Esp","","","THURSDAY ISLAND","QLD","4875","-10.5723020681279","142.230638056794",3140105,123970,"",30/04/2025,30/04/2025,"16:00","17:00"
"4","QLD","Leichhardt                      ",18,"Remote Mobile Team 2                                            ","Boigu Community Hall","37 Chambers St","","","BOIGU ISLAND","QLD","4875","-9.23118123074746","142.22110483100604",3140206,120962,"",02/05/2025,02/05/2025,"10:00","13:00"
"4","QLD","Leichhardt                      ",18,"Remote Mobile Team 2                                            ","Dauan Community Hall","Main Rd","","","DAUAN ISLAND","QLD","4875","-9.41336","142.53962",3140207,33429,"",28/04/2025,28/04/2025,"10:00","13:00"
"4","QLD","Leichhardt                      ",18,"Remote Mobile Team 2                                            ","Iama Community Hall","Mosby St","","","IAMA ISLAND","QLD","4875","-9.901011","142.774392",3140201,33441,"",23/04/2025,23/04/2025,"9:00","14:00"
"4","QLD","Leichhardt                      ",18,"Remote Mobile Team 2                                            ","Kubin Community Hall","Ikilgau Yabu","","","MOA ISLAND","QLD","4875","-10.235283389868586","142.2172627445201",3140213,33434,"",29/04/2025,29/04/2025,"10:00","13:00"
"4","QLD","Leichhardt                      ",18,"Remote Mobile Team 2                                            ","Poruma Community Hall","Olandi St","","","PORUMA ISLAND","QLD","4875","-10.050186","143.069281",3140203,33427,"",01/05/2025,01/05/2025,"10:30","14:15"
"4","QLD","Leichhardt                      ",18,"Remote Mobile Team 2                                            ","Warraber Community Hall","24 Ganaia St","","","WARRABER ISLAND","QLD","4875","-10.204824601374755","142.82673141276396",3140215,120965,"",30/04/2025,30/04/2025,"10:30","13:30"
"4","QLD","Leichhardt                      ",18,"Remote Mobile Team 3                                            ","Cape York Camping Punsand Bay ","Lot 11 Bottom Crossing Rd","","","PUNSAND BAY","QLD","4876","-10.7216616164974","142.463817454494",3140111,123887,"",02/05/2025,02/05/2025,"10:00","13:00"
"4","QLD","Leichhardt                      ",18,"Remote Mobile Team 3                                            ","Injinoo Community Hall","McDonnell St ","","","INJINOO","QLD","4876","-10.907192181385518","142.3226668270579",3139907,120579,"",01/05/2025,01/05/2025,"9:30","15:30"
"4","QLD","Leichhardt                      ",18,"Remote Mobile Team 3                                            ","New Mapoon Community Hall","61 Brown St","","","NEW MAPOON","QLD","4876","-10.869490143322668","142.38194494641988",3139904,40825,"",30/04/2025,30/04/2025,"9:00","15:00"
"4","QLD","Leichhardt                      ",18,"Remote Mobile Team 3                                            ","Seisia Indigenous Knowledge Centre","Tumema St","","","SEISIA","QLD","4876","-10.85298308718945","142.36703158539245",3139905,119977,"",29/04/2025,29/04/2025,"14:00","17:00"
"4","QLD","Leichhardt                      ",18,"Remote Mobile Team 3                                            ","Umagico Community Hall","14 Charlie St","","","UMAGICO","QLD","4876","-10.891964421461013","142.35325995227075",3139906,125417,"",29/04/2025,29/04/2025,"9:00","12:00"
"4","QLD","Leichhardt                      ",18,"Remote Mobile Team 4                                            ","Mapoon Cultural Centre","7 Main St","","","MAPOON","QLD","4874","-12.0195646","141.904053117",3139610,142902,"",28/04/2025,28/04/2025,"9:30","15:30"
"4","QLD","Leichhardt                      ",18,"Remote Mobile Team 4                                            ","Napranum Community Hall","130 Naprunum Rd","","","NAPRANUM","QLD","4874","-12.683389399862202","141.88952583539563",3139613,124577,"",29/04/2025,29/04/2025,"9:00","15:00"
"4","QLD","Leichhardt                      ",18,"Remote Mobile Team 4                                            ","Napranum Community Hall","130 Naprunum Rd","","","NAPRANUM","QLD","4874","-12.683389399862202","141.88952583539563",3139613,124577,"",30/04/2025,30/04/2025,"9:00","15:00"
"4","QLD","Leichhardt                      ",18,"Remote Mobile Team 4                                            ","Weipa Integrated Health Service","407 John Evans Dr","","","TRUNDING","QLD","4874","-12.640867611422781","141.86687554251796",3140311,123892,"",26/04/2025,26/04/2025,"10:00","11:00"
"4","QLD","Leichhardt                      ",18,"Remote Mobile Team 5                                            ","Bamanga Bubu Ngadimunku Inc","Lot 152 Gorge Rd","","","MOSSMAN GORGE","QLD","4873","-16.475261504195426","145.34845227717284",3116416,72901,"",22/04/2025,22/04/2025,"11:00","14:00"
"4","QLD","Leichhardt                      ",18,"Remote Mobile Team 5                                            ","Hopevale Aged Hostel","146 Theile St","","","HOPE VALE","QLD","4895","-15.29498675","145.10739586",3139629,123908,"",24/04/2025,24/04/2025,"9:30","10:30"
"4","QLD","Leichhardt                      ",18,"Remote Mobile Team 5                                            ","Lakeland Town Hall","Lot 4  Sesame St","","","LAKELAND","QLD","4871","-15.858699602855504","144.8551235292997",3139609,123888,"",23/04/2025,23/04/2025,"8:00","11:00"
"4","QLD","Leichhardt                      ",18,"Remote Mobile Team 5                                            ","Laura Hall","4 Terminus St","","","LAURA","QLD","4892","-15.558634762992313","144.44654634619508",3139603,126073,"",26/04/2025,26/04/2025,"8:00","11:00"
"4","QLD","Leichhardt                      ",18,"Remote Mobile Team 5                                            ","Rossville Community Hall","474 Helenvale Bloomfield Rd","","","ROSSVILLE","QLD","4895","-15.74789373941828","145.26570905001654",3139604,142624,"",23/04/2025,23/04/2025,"13:30","16:30"
"4","QLD","Leichhardt                      ",18,"Remote Mobile Team 6                                            ","Wo'uw Ko'alam Community Centre","524 Tal Tal St","","","AURUKUN","QLD","4892","-13.36153","141.72726",3139501,118308,"",28/04/2025,28/04/2025,"10:30","17:00"
"4","QLD","Leichhardt                      ",18,"Remote Mobile Team 6                                            ","Wo'uw Ko'alam Community Centre","524 Tal Tal St","","","AURUKUN","QLD","4892","-13.36153","141.72726",3139501,118308,"",29/04/2025,29/04/2025,"8:30","15:00"
"4","QLD","Leichhardt                      ",18,"Remote Mobile Team 7                                            ","Mabuiag Community Hall","Map St","","","MABUIAG ISLAND","QLD","4875","-9.957842","142.17956",3140212,33435,"",30/04/2025,30/04/2025,"11:00","14:00"
"4","QLD","Leichhardt                      ",18,"Remote Mobile Team 7                                            ","Mer TSIRC Community Hall","Lot 2 Marou Street","","","MER ISLAND","QLD","4875","-9.913942","144.041375",3140205,143456,"",29/04/2025,29/04/2025,"10:00","14:00"
"4","QLD","Leichhardt                      ",18,"Special Hospital Team 1                                         ","Blue Care Pinangba Hollingsworth Elders Village","269 - 277 Hartley St","","","PORTSMITH","QLD","4870","-16.94394160774829","145.75708512512483",3115405,123331,"",23/04/2025,23/04/2025,"14:30","16:30"
"4","QLD","Leichhardt                      ",18,"Special Hospital Team 1                                         ","Bolton Clarke Farnorha","257-281 Lyons St","","","WESTCOURT","QLD","4870","-16.9320141145138","145.749115452394",3115409,123314,"",29/04/2025,29/04/2025,"12:30","13:30"
"4","QLD","Leichhardt                      ",18,"Special Hospital Team 1                                         ","Bolton Clarke Farnorha","257-281 Lyons St","","","WESTCOURT","QLD","4870","-16.9320141145138","145.749115452394",3115409,123314,"",29/04/2025,29/04/2025,"9:00","12:00"
"4","QLD","Leichhardt                      ",18,"Special Hospital Team 1                                         ","Bupa Cairns","52-59 Swallow St","","","MOOROOBOOL","QLD","4870","-16.9323345939249","145.740726162898",3114921,123325,"",28/04/2025,28/04/2025,"12:30","15:30"
"4","QLD","Leichhardt                      ",18,"Special Hospital Team 1                                         ","Bupa Cairns","52-59 Swallow St","","","MOOROOBOOL","QLD","4870","-16.9323345939249","145.740726162898",3114921,123325,"",28/04/2025,28/04/2025,"9:00","12:00"
"4","QLD","Leichhardt                      ",18,"Special Hospital Team 1                                         ","Bupa Mt Sheridan","40-48 Progress Rd","","","WHITE ROCK","QLD","4868","-16.99398","145.743754",3115509,123326,"",23/04/2025,23/04/2025,"9:00","12:30"
"4","QLD","Leichhardt                      ",18,"Special Hospital Team 1                                         ","Cairns Mental Health Unit","165-171 Esplanade ","Level 6, D Block","","CAIRNS NORTH","QLD","4870","-16.91171","145.7686",3114507,125786,"",01/05/2025,01/05/2025,"13:00","15:00"
"4","QLD","Leichhardt                      ",18,"Special Hospital Team 1                                         ","Edge Hill Orchards","15 Oregon St","","","MANOORA","QLD","4870","-16.91129608","145.73651843",3115102,123330,"",30/04/2025,30/04/2025,"13:00","16:30"
"4","QLD","Leichhardt                      ",18,"Special Hospital Team 1                                         ","Edge Hill Orchards","15 Oregon St","","","MANOORA","QLD","4870","-16.91129608","145.73651843",3115102,123330,"",30/04/2025,30/04/2025,"9:30","12:30"
"4","QLD","Leichhardt                      ",18,"Special Hospital Team 1                                         ","Mercy Place Cairns (Bethlehem)","257 Gatton St","","","WESTCOURT","QLD","4870","-16.93003684365324","145.7493821685212",3115409,122096,"",24/04/2025,24/04/2025,"12:30","13:30"
"4","QLD","Leichhardt                      ",18,"Special Hospital Team 1                                         ","Mercy Place Cairns (Bethlehem)","257 Gatton St","","","WESTCOURT","QLD","4870","-16.93003684365324","145.7493821685212",3115409,122096,"",24/04/2025,24/04/2025,"9:00","12:00"
"4","QLD","Leichhardt                      ",18,"Special Hospital Team 1                                         ","Regis Whitfield","82-120 McManus St","","","WHITFIELD","QLD","4870","-16.90793072550485","145.72910753020562",3115623,122095,"",22/04/2025,22/04/2025,"13:00","15:00"
"4","QLD","Leichhardt                      ",18,"Special Hospital Team 1                                         ","Regis Whitfield","82-120 McManus St","","","WHITFIELD","QLD","4870","-16.90793072550485","145.72910753020562",3115623,122095,"",22/04/2025,22/04/2025,"9:30","12:30"
"4","QLD","Leichhardt                      ",18,"Special Hospital Team 2                                         ","Cairns Community Care Unit","12-18 Wallace St","","","MANUNDA","QLD","4870","-16.925272103787655","145.7481789827729",3115213,126100,"",24/04/2025,24/04/2025,"10:00","12:00"
"4","QLD","Leichhardt                      ",18,"Special Hospital Team 2                                         ","Cairns Hub - Anglicare","52A Comport St","","","PORTSMITH","QLD","4870","-16.92738642","145.77191933",3114515,129692,"",24/04/2025,24/04/2025,"14:00","15:30"
"4","QLD","Leichhardt                      ",18,"Special Hospital Team 2                                         ","Caravonica Waters","15-17 Lake Placid Rd","","","CARAVONICA","QLD","4878","-16.87002525730969","145.6847732957598",3114118,123333,"",23/04/2025,23/04/2025,"12:30","15:30"
"4","QLD","Leichhardt                      ",18,"Special Hospital Team 2                                         ","Caravonica Waters","15-17 Lake Placid Rd","","","CARAVONICA","QLD","4878","-16.87002525730969","145.6847732957598",3114118,123333,"",23/04/2025,23/04/2025,"9:00","12:00"
"4","QLD","Leichhardt                      ",18,"Special Hospital Team 2                                         ","Kewarra Aged Care","110-124 Cottesloe St","","","KEWARRA BEACH","QLD","4879","-16.7806837882881","145.679063628266",3113932,123336,"",30/04/2025,30/04/2025,"12:30","14:00"
"4","QLD","Leichhardt                      ",18,"Special Hospital Team 2                                         ","Kewarra Aged Care","110-124 Cottesloe St","","","KEWARRA BEACH","QLD","4879","-16.7806837882881","145.679063628266",3113932,123336,"",30/04/2025,30/04/2025,"9:00","12:00"
"4","QLD","Leichhardt                      ",18,"Special Hospital Team 2                                         ","Kubirri Aged Care Centre","49 Johnston Rd",""," ","MOSSMAN GORGE","QLD","4873","-16.465251889627893","145.36682288646614",3116416,123335,"",29/04/2025,29/04/2025,"13:15","15:15"
"4","QLD","Leichhardt                      ",18,"Special Hospital Team 2                                         ","Ozcare Port Douglas Aged Care Facility","1 Martin Scullett Dr","","","CRAIGLIE","QLD","4877","-16.5284024","145.4752968",3116520,123334,"",29/04/2025,29/04/2025,"9:15","11:15"
"4","QLD","Leichhardt                      ",18,"Special Hospital Team 2                                         ","Regis Redlynch","15 Short St","","","REDLYNCH","QLD","4870","-16.889652940577","145.698365518802",3114122,123332,"",28/04/2025,28/04/2025,"13:00","15:00"
"4","QLD","Leichhardt                      ",18,"Special Hospital Team 2                                         ","Regis Redlynch","15 Short St","","","REDLYNCH","QLD","4870","-16.889652940577","145.698365518802",3114122,123332,"",28/04/2025,28/04/2025,"9:30","12:30"
"4","QLD","Leichhardt                      ",18,"Special Hospital Team 2                                         ","Regis Redlynch","15 Short St","","","REDLYNCH","QLD","4870","-16.889652940577","145.698365518802",3114122,123332,"",01/05/2025,01/05/2025,"13:00","16:00"
"4","QLD","Leichhardt                      ",18,"Special Hospital Team 2                                         ","Regis Redlynch","15 Short St","","","REDLYNCH","QLD","4870","-16.889652940577","145.698365518802",3114122,123332,"",01/05/2025,01/05/2025,"9:00","12:30"
"4","QLD","Lilley                          ",19,"Special Hospital Team 1                                         ","Anglicare SQ St Martin's Nursing Home","304 Roghan Rd","","","TAIGUM","QLD","4018","-27.3423281458228","153.04372538829",3104545,34744,"",23/04/2025,23/04/2025,"9:00","12:00"
"4","QLD","Lilley                          ",19,"Special Hospital Team 1                                         ","Anglicare SQ Symes Grove Home for the Aged","314 Church Rd","","","TAIGUM","QLD","4018","-27.3440677461482","153.04682682774",3104545,12906,"",24/04/2025,24/04/2025,"9:00","15:30"
"4","QLD","Lilley                          ",19,"Special Hospital Team 1                                         ","Arcare Taigum","156 Muller Rd","","","TAIGUM","QLD","4018","-27.3509908167436","153.052207596294",3104508,106587,"",29/04/2025,29/04/2025,"9:00","15:30"
"4","QLD","Lilley                          ",19,"Special Hospital Team 1                                         ","Arcare Taigum","156 Muller Rd","","","TAIGUM","QLD","4018","-27.3509908167436","153.052207596294",3104508,106587,"",30/04/2025,30/04/2025,"9:00","15:00"
"4","QLD","Lilley                          ",19,"Special Hospital Team 1                                         ","Gannet House - Brighton Health Campus","449 Hornibrook Hwy","","","BRIGHTON","QLD","4017","-27.289769651766402","153.0638007590929",3104226,123199,"",01/05/2025,01/05/2025,"9:00","12:00"
"4","QLD","Lilley                          ",19,"Special Hospital Team 1                                         ","Gannet House - Brighton Health Campus","449 Hornibrook Hwy","","","BRIGHTON","QLD","4017","-27.289769651766402","153.0638007590929",3104226,123199,"",02/05/2025,02/05/2025,"12:00","18:00"
"4","QLD","Lilley                          ",19,"Special Hospital Team 1                                         ","Lutheran Services - Zion","24 Union St","","","NUNDAH","QLD","4012","-27.4045401581765","153.062246158468",3104032,12908,"",28/04/2025,28/04/2025,"9:00","15:00"
"4","QLD","Lilley                          ",19,"Special Hospital Team 1                                         ","TriCare Stafford Lakes Aged Care Residence","682 Rode Rd","","","CHERMSIDE WEST","QLD","4032","-27.393090248824862","153.01943014795938",3103311,32312,"",22/04/2025,22/04/2025,"9:00","17:00"
"4","QLD","Lilley                          ",19,"Special Hospital Team 1                                         ","TriCare Stafford Lakes Aged Care Residence","682 Rode Rd","","","CHERMSIDE WEST","QLD","4032","-27.393090248824862","153.01943014795938",3103311,32312,"",23/04/2025,23/04/2025,"13:00","17:00"
"4","QLD","Lilley                          ",19,"Special Hospital Team 2                                         ","Mercy Community","131 Queens Rd","","","NUDGEE","QLD","4014","-27.364530953287034","153.09471147360867",3103930,12903,"",23/04/2025,23/04/2025,"9:00","14:30"
"4","QLD","Lilley                          ",19,"Special Hospital Team 2                                         ","Mercy Community","131 Queens Rd","","","NUDGEE","QLD","4014","-27.364530953287034","153.09471147360867",3103930,12903,"",24/04/2025,24/04/2025,"9:00","15:00"
"4","QLD","Lilley                          ",19,"Special Hospital Team 2                                         ","Parkview","930 Gympie Rd","","","CHERMSIDE","QLD","4032","-27.381867942877985","153.02830092570147",3102802,123196,"",30/04/2025,30/04/2025,"9:30","15:30"
"4","QLD","Lilley                          ",19,"Special Hospital Team 2                                         ","Regis Sandgate - Lucinda","60 Wakefield St","","","SANDGATE","QLD","4017","-27.310920155206063","153.06170378217521",3104414,89779,"",22/04/2025,22/04/2025,"9:00","16:30"
"4","QLD","Lilley                          ",19,"Special Hospital Team 2                                         ","Regis Sandgate - Musgrave","60 Wakefield St","","","SANDGATE","QLD","4017","-27.31095455935405","153.061696198689",3104414,122079,"",28/04/2025,28/04/2025,"9:00","14:00"
"4","QLD","Lilley                          ",19,"Special Hospital Team 2                                         ","Regis Sandgate - Musgrave","60 Wakefield St","","","SANDGATE","QLD","4017","-27.31095455935405","153.061696198689",3104414,122079,"",29/04/2025,29/04/2025,"9:00","14:30"
"4","QLD","Lilley                          ",19,"Special Hospital Team 3                                         ","Residential Transition Care Program Zillmere - Ashworth House","25 Kolberg St","","","ZILLMERE","QLD","4034","-27.355069635709874","153.03666666839075",3104611,126210,"",28/04/2025,28/04/2025,"9:00","14:00"
"4","QLD","Lilley                          ",19,"Special Hospital Team 3                                         ","St Vincent's Private Hospital Northside ","627 Rode Rd","","","CHERMSIDE","QLD","4032","-27.390777","153.0236233",3102812,131475,"",29/04/2025,29/04/2025,"9:00","16:30"
"4","QLD","Lilley                          ",19,"Special Hospital Team 3                                         ","St Vincent's Private Hospital Northside ","627 Rode Rd","","","CHERMSIDE","QLD","4032","-27.390777","153.0236233",3102812,131475,"",30/04/2025,30/04/2025,"9:00","16:30"
"4","QLD","Lilley                          ",19,"Special Hospital Team 3                                         ","St Vincent's Private Hospital Northside ","627 Rode Rd","","","CHERMSIDE","QLD","4032","-27.390777","153.0236233",3102812,131475,"",01/05/2025,01/05/2025,"9:00","16:30"
"4","QLD","Lilley                          ",19,"Special Hospital Team 3                                         ","Wheller Gardens - Cooper House","930 Gympie Rd","","","CHERMSIDE","QLD","4032","-27.382542922019102","153.0289489925641",3102802,68002,"",22/04/2025,22/04/2025,"9:00","12:00"
"4","QLD","Lilley                          ",19,"Special Hospital Team 3                                         ","Wheller Gardens - Emmaus Village ","930 Gympie Rd","","","CHERMSIDE","QLD","4032","-27.382354638188104","153.0272843843286",3102802,126207,"",23/04/2025,23/04/2025,"9:00","16:00"
"4","QLD","Lilley                          ",19,"Special Hospital Team 3                                         ","Wheller Gardens - John Wesley Gardens","19 Halsmere St","","","GEEBUNG","QLD","4034","-27.37665161683838","153.03770073874085",3103006,91766,"",24/04/2025,24/04/2025,"9:00","15:00"
"4","QLD","Lilley                          ",19,"Special Hospital Team 3                                         ","Wheller Gardens - St Marks House","930 Gympie Rd","","","CHERMSIDE","QLD","4032","-27.383207024451796","153.0291188861845",3102802,123197,"",22/04/2025,22/04/2025,"13:00","17:00"
"4","QLD","Longman                         ",20,"Other Mobile Team 1                                             ","Woodford Correctional Centre","Neurum Rd","","","WOODFORD","QLD","4514","-26.94743","152.75171",3137102,123767,"Visit 1",22/04/2025,22/04/2025,"12:00","15:30"
"4","QLD","Longman                         ",20,"Other Mobile Team 1                                             ","Woodford Correctional Centre","Neurum Rd","","","WOODFORD","QLD","4514","-26.94743","152.75171",3137102,123767,"Visit 1",22/04/2025,22/04/2025,"9:00","11:30"
"4","QLD","Longman                         ",20,"Other Mobile Team 1                                             ","Woodford Correctional Centre","Neurum Rd","","","WOODFORD","QLD","4514","-26.94743","152.75171",3137102,123767,"Visit 1",23/04/2025,23/04/2025,"12:00","15:30"
"4","QLD","Longman                         ",20,"Other Mobile Team 1                                             ","Woodford Correctional Centre","Neurum Rd","","","WOODFORD","QLD","4514","-26.94743","152.75171",3137102,123767,"Visit 1",23/04/2025,23/04/2025,"9:00","11:30"
"4","QLD","Longman                         ",20,"Other Mobile Team 1                                             ","Woodford Correctional Centre","Neurum Rd","","","WOODFORD","QLD","4514","-26.94743","152.75171",3137102,123767,"Visit 1",24/04/2025,24/04/2025,"12:00","15:30"
"4","QLD","Longman                         ",20,"Other Mobile Team 1                                             ","Woodford Correctional Centre","Neurum Rd","","","WOODFORD","QLD","4514","-26.94743","152.75171",3137102,123767,"Visit 1",24/04/2025,24/04/2025,"9:00","11:30"
"4","QLD","Longman                         ",20,"Other Mobile Team 1                                             ","Woodford Correctional Centre","Neurum Rd","","","WOODFORD","QLD","4514","-26.94743","152.75171",3137102,123767,"Visit 1",28/04/2025,28/04/2025,"12:00","15:30"
"4","QLD","Longman                         ",20,"Other Mobile Team 1                                             ","Woodford Correctional Centre","Neurum Rd","","","WOODFORD","QLD","4514","-26.94743","152.75171",3137102,123767,"Visit 1",28/04/2025,28/04/2025,"9:00","11:30"
"4","QLD","Longman                         ",20,"Other Mobile Team 2                                             ","Woodford Correctional Centre","Neurum Rd","","","WOODFORD","QLD","4514","-26.94743","152.75171",3137102,123767,"Visit 2",22/04/2025,22/04/2025,"12:00","15:30"
"4","QLD","Longman                         ",20,"Other Mobile Team 2                                             ","Woodford Correctional Centre","Neurum Rd","","","WOODFORD","QLD","4514","-26.94743","152.75171",3137102,123767,"Visit 2",22/04/2025,22/04/2025,"9:00","11:30"
"4","QLD","Longman                         ",20,"Other Mobile Team 2                                             ","Woodford Correctional Centre","Neurum Rd","","","WOODFORD","QLD","4514","-26.94743","152.75171",3137102,123767,"Visit 2",23/04/2025,23/04/2025,"12:00","15:30"
"4","QLD","Longman                         ",20,"Other Mobile Team 2                                             ","Woodford Correctional Centre","Neurum Rd","","","WOODFORD","QLD","4514","-26.94743","152.75171",3137102,123767,"Visit 2",23/04/2025,23/04/2025,"9:00","11:30"
"4","QLD","Longman                         ",20,"Other Mobile Team 2                                             ","Woodford Correctional Centre","Neurum Rd","","","WOODFORD","QLD","4514","-26.94743","152.75171",3137102,123767,"Visit 2",24/04/2025,24/04/2025,"12:00","15:30"
"4","QLD","Longman                         ",20,"Other Mobile Team 2                                             ","Woodford Correctional Centre","Neurum Rd","","","WOODFORD","QLD","4514","-26.94743","152.75171",3137102,123767,"Visit 2",24/04/2025,24/04/2025,"9:00","11:30"
"4","QLD","Longman                         ",20,"Other Mobile Team 2                                             ","Woodford Correctional Centre","Neurum Rd","","","WOODFORD","QLD","4514","-26.94743","152.75171",3137102,123767,"Visit 2",28/04/2025,28/04/2025,"12:00","15:30"
"4","QLD","Longman                         ",20,"Other Mobile Team 2                                             ","Woodford Correctional Centre","Neurum Rd","","","WOODFORD","QLD","4514","-26.94743","152.75171",3137102,123767,"Visit 2",28/04/2025,28/04/2025,"9:00","11:30"
"4","QLD","Longman                         ",20,"Special Hospital Team 1                                         ","Arcare Caboolture","51-57 Manley St","","","CABOOLTURE","QLD","4510","-27.0757198","152.9615039",3157212,78353,"",22/04/2025,22/04/2025,"13:00","17:00"
"4","QLD","Longman                         ",20,"Special Hospital Team 1                                         ","Arcare Caboolture","51-57 Manley St","","","CABOOLTURE","QLD","4510","-27.0757198","152.9615039",3157212,78353,"",22/04/2025,22/04/2025,"9:00","12:30"
"4","QLD","Longman                         ",20,"Special Hospital Team 1                                         ","Bribie Cove Aged Care","199-213 Goodwin Dr","","","BONGAREE","QLD","4507","-27.066097455463","153.161260070627",3136356,41450,"",23/04/2025,23/04/2025,"12:30","13:30"
"4","QLD","Longman                         ",20,"Special Hospital Team 1                                         ","Bribie Cove Aged Care","199-213 Goodwin Dr","","","BONGAREE","QLD","4507","-27.066097455463","153.161260070627",3136356,41450,"",23/04/2025,23/04/2025,"9:00","12:00"
"4","QLD","Longman                         ",20,"Special Hospital Team 1                                         ","Caboolture Hospital","120 Mc Kean St","","","CABOOLTURE","QLD","4510","-27.0788074","152.9577776",3157205,127289,"",28/04/2025,28/04/2025,"13:00","17:00"
"4","QLD","Longman                         ",20,"Special Hospital Team 1                                         ","Caboolture Hospital","120 Mc Kean St","","","CABOOLTURE","QLD","4510","-27.0788074","152.9577776",3157205,127289,"",28/04/2025,28/04/2025,"9:00","12:30"
"4","QLD","Longman                         ",20,"Special Hospital Team 1                                         ","Caboolture Hospital","120 Mc Kean St","","","CABOOLTURE","QLD","4510","-27.0788074","152.9577776",3157205,127289,"",29/04/2025,29/04/2025,"13:00","17:00"
"4","QLD","Longman                         ",20,"Special Hospital Team 1                                         ","Caboolture Hospital","120 Mc Kean St","","","CABOOLTURE","QLD","4510","-27.0788074","152.9577776",3157205,127289,"",29/04/2025,29/04/2025,"9:00","12:30"
"4","QLD","Longman                         ",20,"Special Hospital Team 1                                         ","Caboolture Hospital - mental health unit","120 McKean St","","","CABOOLTURE","QLD","4510","-27.07914406","152.96454433",3157225,127290,"",30/04/2025,30/04/2025,"12:30","15:00"
"4","QLD","Longman                         ",20,"Special Hospital Team 1                                         ","Caboolture Hospital - mental health unit","120 McKean St","","","CABOOLTURE","QLD","4510","-27.07914406","152.96454433",3157225,127290,"",30/04/2025,30/04/2025,"9:00","12:00"
"4","QLD","Longman                         ",20,"Special Hospital Team 1                                         ","Palm Lake Care Beachmere","145 Bishop Rd","","","BEACHMERE","QLD","4510","-27.11751","153.06135",3136233,122480,"",24/04/2025,24/04/2025,"12:30","15:30"
"4","QLD","Longman                         ",20,"Special Hospital Team 1                                         ","Palm Lake Care Beachmere","145 Bishop Rd","","","BEACHMERE","QLD","4510","-27.11751","153.06135",3136233,122480,"",24/04/2025,24/04/2025,"9:00","12:00"
"4","QLD","Longman                         ",20,"Special Hospital Team 1                                         ","Regis Caboolture","65 Mewett St","","","CABOOLTURE","QLD","4510","-27.081519","152.966115",3157206,70577,"",01/05/2025,01/05/2025,"13:00","17:00"
"4","QLD","Longman                         ",20,"Special Hospital Team 1                                         ","Regis Caboolture","65 Mewett St","","","CABOOLTURE","QLD","4510","-27.081519","152.966115",3157206,70577,"",01/05/2025,01/05/2025,"9:00","12:30"
"4","QLD","Longman                         ",20,"Special Hospital Team 2                                         ","Burpengary Gardens Care Community","149-163 Rosehill Dr","","","BURPENGARY","QLD","4505","-27.1725134","152.9606246",3137210,122478,"",24/04/2025,24/04/2025,"9:00","13:00"
"4","QLD","Longman                         ",20,"Special Hospital Team 2                                         ","Burpengary Manor Aged Care","135 Buckley Rd","","","BURPENGARY EAST","QLD","4505","-27.1364485","152.9814568",3136405,91785,"",30/04/2025,30/04/2025,"13:00","14:00"
"4","QLD","Longman                         ",20,"Special Hospital Team 2                                         ","Burpengary Manor Aged Care","135 Buckley Rd","","","BURPENGARY EAST","QLD","4505","-27.1364485","152.9814568",3136405,91785,"",30/04/2025,30/04/2025,"9:00","12:30"
"4","QLD","Longman                         ",20,"Special Hospital Team 2                                         ","Lutheran Services - St Pauls","10 Tomlinson Rd","","","CABOOLTURE","QLD","4510","-27.0681601","152.9350439",3157304,32704,"",23/04/2025,23/04/2025,"9:00","12:30"
"4","QLD","Longman                         ",20,"Special Hospital Team 2                                         ","Morayfield Grove Care Community","69-71 Caboolture River Rd","","","MORAYFIELD","QLD","4506","-27.10410968","152.94061508",3136610,122473,"",29/04/2025,29/04/2025,"13:00","14:30"
"4","QLD","Longman                         ",20,"Special Hospital Team 2                                         ","Morayfield Grove Care Community","69-71 Caboolture River Rd","","","MORAYFIELD","QLD","4506","-27.10410968","152.94061508",3136610,122473,"",29/04/2025,29/04/2025,"9:00","12:30"
"4","QLD","Longman                         ",20,"Special Hospital Team 2                                         ","New Direction Care at Bellmere","41 Lotus Ave","","","BELLMERE","QLD","4510","-27.0884201","152.9299815",3136652,122468,"",01/05/2025,01/05/2025,"9:00","12:30"
"4","QLD","Longman                         ",20,"Special Hospital Team 2                                         ","Sunnymeade Park Aged Care Community","362-376 King St","","","CABOOLTURE","QLD","4510","-27.07062","152.919841",3157301,12766,"",28/04/2025,28/04/2025,"12:30","16:00"
"4","QLD","Longman                         ",20,"Special Hospital Team 2                                         ","Sunnymeade Park Aged Care Community","362-376 King St","","","CABOOLTURE","QLD","4510","-27.07062","152.919841",3157301,12766,"",28/04/2025,28/04/2025,"9:00","12:00"
"4","QLD","Longman                         ",20,"Special Hospital Team 2                                         ","Woodford Manor Aged Care ","12-14 Margaret St","","","WOODFORD","QLD","4514","-26.9566658","152.7806853",3137105,122024,"",22/04/2025,22/04/2025,"9:00","12:30"
"4","QLD","Longman                         ",20,"Special Hospital Team 3                                         ","Beaumont Care Wamuran","60 Ziviani Rd","","","WAMURAN","QLD","4512","-27.02483416","152.87904039",3136904,122487,"",22/04/2025,22/04/2025,"12:30","14:00"
"4","QLD","Longman                         ",20,"Special Hospital Team 3                                         ","Beaumont Care Wamuran","60 Ziviani Rd","","","WAMURAN","QLD","4512","-27.02483416","152.87904039",3136904,122487,"",22/04/2025,22/04/2025,"9:00","12:00"
"4","QLD","Longman                         ",20,"Special Hospital Team 3                                         ","Bolton Clarke Fernhill","87 King St","","","CABOOLTURE","QLD","4510","-27.0844737","152.9481708",3157318,12770,"",24/04/2025,24/04/2025,"13:00","16:30"
"4","QLD","Longman                         ",20,"Special Hospital Team 3                                         ","Bolton Clarke Fernhill","87 King St","","","CABOOLTURE","QLD","4510","-27.0844737","152.9481708",3157318,12770,"",24/04/2025,24/04/2025,"9:00","12:30"
"4","QLD","Longman                         ",20,"Special Hospital Team 3                                         ","Churches of Christ Bribie Island Aged Care Service","12-40 Foley St","","","BONGAREE","QLD","4507","-27.080683","153.162972",3136354,122485,"",29/04/2025,29/04/2025,"12:30","14:00"
"4","QLD","Longman                         ",20,"Special Hospital Team 3                                         ","Churches of Christ Bribie Island Aged Care Service","12-40 Foley St","","","BONGAREE","QLD","4507","-27.080683","153.162972",3136354,122485,"",29/04/2025,29/04/2025,"9:00","12:00"
"4","QLD","Longman                         ",20,"Special Hospital Team 3                                         ","Narangba Aged Care","23 Young Rd","","","NARANGBA","QLD","4504","-27.186522","152.9413019",3137526,122475,"",23/04/2025,23/04/2025,"13:00","14:00"
"4","QLD","Longman                         ",20,"Special Hospital Team 3                                         ","Narangba Aged Care","23 Young Rd","","","NARANGBA","QLD","4504","-27.186522","152.9413019",3137526,122475,"",23/04/2025,23/04/2025,"9:00","12:30"
"4","QLD","Longman                         ",20,"Special Hospital Team 3                                         ","Narangba Community Aged Care","31 Mumford Rd","","","NARANGBA","QLD","4504","-27.203666573275395","152.95695973456353",3137516,122467,"",28/04/2025,28/04/2025,"13:00","17:00"
"4","QLD","Longman                         ",20,"Special Hospital Team 3                                         ","Narangba Community Aged Care","31 Mumford Rd","","","NARANGBA","QLD","4504","-27.203666573275395","152.95695973456353",3137516,122467,"",28/04/2025,28/04/2025,"9:00","12:30"
"4","QLD","Longman                         ",20,"Special Hospital Team 3                                         ","Rockpool Residential Aged Care Morayfield","47 Amy St","","","MORAYFIELD","QLD","4506","-27.10604772","152.94015185",3136622,122469,"",30/04/2025,30/04/2025,"13:00","15:30"
"4","QLD","Longman                         ",20,"Special Hospital Team 3                                         ","Rockpool Residential Aged Care Morayfield","47 Amy St","","","MORAYFIELD","QLD","4506","-27.10604772","152.94015185",3136622,122469,"",30/04/2025,30/04/2025,"9:00","12:30"
"4","QLD","McPherson                       ",21,"Special Hospital Team 1                                         ","Blue Care Kirra Aged Care Facility","5 Appel St","","","COOLANGATTA","QLD","4225","-28.1708599114422","153.527824459604",3123012,126311,"",24/04/2025,24/04/2025,"8:30","10:30"
"4","QLD","McPherson                       ",21,"Special Hospital Team 1                                         ","Bolton Clarke Galleon Gardens ","126-138 Galleon Way","","","CURRUMBIN WATERS","QLD","4223","-28.153032","153.461145",3123211,13404,"",29/04/2025,29/04/2025,"9:00","16:30"
"4","QLD","McPherson                       ",21,"Special Hospital Team 1                                         ","Bolton Clarke Sandbrook","10 Executive Dr","","","BURLEIGH WATERS","QLD","4220","-28.098074","153.422989",3122638,123257,"",23/04/2025,23/04/2025,"10:00","15:30"
"4","QLD","McPherson                       ",21,"Special Hospital Team 1                                         ","Bupa Tugun","6 Croft Ct","","","TUGUN","QLD","4224","-28.1529611669153","153.484936926664",3123117,123248,"",30/04/2025,30/04/2025,"9:00","15:00"
"4","QLD","McPherson                       ",21,"Special Hospital Team 1                                         ","Calvary Robina Rise","54 Scottsdale Dr","","","ROBINA","QLD","4226","-28.08684683","153.39022077",3155929,123250,"",28/04/2025,28/04/2025,"12:00","16:30"
"4","QLD","McPherson                       ",21,"Special Hospital Team 1                                         ","Carinity Cedarbrook","120 Mudgeeraba Rd","","","MUDGEERABA","QLD","4213","-28.0653585730319","153.355486322275",3124404,123251,"",01/05/2025,01/05/2025,"9:00","13:30"
"4","QLD","McPherson                       ",21,"Special Hospital Team 1                                         ","Kirra Beach Care Community","6-10 Ocean St","","","COOLANGATTA","QLD","4225","-28.171054","153.526543",3123012,123253,"",24/04/2025,24/04/2025,"12:00","15:30"
"4","QLD","McPherson                       ",21,"Special Hospital Team 1                                         ","Ozcare Ozanam Villa - Burleigh","20 Matilda St","","","BURLEIGH HEADS","QLD","4220","-28.09948","153.445547",3122506,123256,"",22/04/2025,22/04/2025,"10:00","14:30"
"4","QLD","McPherson                       ",21,"Special Hospital Team 1                                         ","Varsity Views Care Community","12 Lake St","","","VARSITY LAKES","QLD","4227","-28.076185","153.414091",3126234,129709,"",28/04/2025,28/04/2025,"9:00","10:30"
"4","QLD","McPherson                       ",21,"Special Hospital Team 2                                         ","Blue Care Elanora Pineshaven Aged Care Facility","17 Applecross Way","","","ELANORA","QLD","4221","-28.1264425","153.4648474",3123318,126313,"",24/04/2025,24/04/2025,"14:00","16:00"
"4","QLD","McPherson                       ",21,"Special Hospital Team 2                                         ","Bolton Clarke The Terraces","74 University Dr","","","VARSITY LAKES","QLD","4227","-28.074282","153.413652",3126234,123258,"",29/04/2025,29/04/2025,"9:00","15:00"
"4","QLD","McPherson                       ",21,"Special Hospital Team 2                                         ","Bolton Clarke Villa Serena","2 Easthill Dr","","","ROBINA","QLD","4226","-28.080208","153.380564",3156016,123259,"",30/04/2025,30/04/2025,"9:00","16:30"
"4","QLD","McPherson                       ",21,"Special Hospital Team 2                                         ","Bolton Clarke Villa Serena","2 Easthill Dr","","","ROBINA","QLD","4226","-28.080208","153.380564",3156016,123259,"",01/05/2025,01/05/2025,"9:00","11:00"
"4","QLD","McPherson                       ",21,"Special Hospital Team 2                                         ","HillView Care Merrimac","239 Gooding Dr","","","MERRIMAC","QLD","4226","-28.038516","153.377719",3126015,123252,"",23/04/2025,23/04/2025,"9:00","15:30"
"4","QLD","McPherson                       ",21,"Special Hospital Team 2                                         ","Merrimac Park Private Care","50-52 Macadie Way","","","MERRIMAC","QLD","4226","-28.0476848846381","153.372639052674",3126001,123255,"",24/04/2025,24/04/2025,"9:00","12:00"
"4","QLD","McPherson                       ",21,"Special Hospital Team 2                                         ","St Andrews Aged Care","2 Sullivan Rd","","","TALLEBUDGERA","QLD","4228","-28.120981","153.437112",3124305,126312,"",01/05/2025,01/05/2025,"12:30","15:30"
"4","QLD","McPherson                       ",21,"Special Hospital Team 2                                         ","TriCare Cypress Gardens Aged Care Residence","Gooding Dr","","","CLEAR ISLAND WATERS","QLD","4226","-28.032013706020223","153.39304528830277",3125902,123048,"",22/04/2025,22/04/2025,"10:00","16:30"
"4","QLD","McPherson                       ",21,"Special Hospital Team 3                                         ","John Flynn Private Hospital ","42 Inland Dr","","","TUGUN","QLD","4224","-28.1542337172769","153.488377486119",3123127,127271,"",22/04/2025,22/04/2025,"10:00","17:00"
"4","QLD","McPherson                       ",21,"Special Hospital Team 3                                         ","John Flynn Private Hospital ","42 Inland Dr","","","TUGUN","QLD","4224","-28.1542337172769","153.488377486119",3123127,127271,"",23/04/2025,23/04/2025,"8:30","17:00"
"4","QLD","McPherson                       ",21,"Special Hospital Team 3                                         ","John Flynn Private Hospital ","42 Inland Dr","","","TUGUN","QLD","4224","-28.1542337172769","153.488377486119",3123127,127271,"",24/04/2025,24/04/2025,"8:30","17:00"
"4","QLD","McPherson                       ",21,"Special Hospital Team 3                                         ","Robina Hospital","2 Bayberry La","","","ROBINA","QLD","4226","-28.0712585","153.3770205",3156014,129706,"",28/04/2025,28/04/2025,"8:30","15:30"
"4","QLD","McPherson                       ",21,"Special Hospital Team 3                                         ","Robina Hospital","2 Bayberry La","","","ROBINA","QLD","4226","-28.0712585","153.3770205",3156014,129706,"",29/04/2025,29/04/2025,"8:30","16:30"
"4","QLD","McPherson                       ",21,"Special Hospital Team 3                                         ","Robina Hospital","2 Bayberry La","","","ROBINA","QLD","4226","-28.0712585","153.3770205",3156014,129706,"",30/04/2025,30/04/2025,"8:30","16:30"
"4","QLD","McPherson                       ",21,"Special Hospital Team 3                                         ","Robina Hospital","2 Bayberry La","","","ROBINA","QLD","4226","-28.0712585","153.3770205",3156014,129706,"",01/05/2025,01/05/2025,"8:30","14:00"
"4","QLD","McPherson                       ",21,"Special Hospital Team 3                                         ","Robina Hospital - Mental Health Unit","2 Bayberry La","","","ROBINA","QLD","4226","-28.0712585","153.3770205",3156014,129707,"",28/04/2025,28/04/2025,"15:30","16:30"
"4","QLD","McPherson                       ",21,"Special Hospital Team 4                                         ","Currumbin Clinic - Mental Health Facility","37 Bilinga St","","","CURRUMBIN","QLD","4223","-28.13317605","153.48704321",3123102,127274,"",22/04/2025,22/04/2025,"10:00","16:30"
"4","QLD","McPherson                       ",21,"Special Hospital Team 4                                         ","Currumbin Clinic - Mental Health Facility","37 Bilinga St","","","CURRUMBIN","QLD","4223","-28.13317605","153.48704321",3123102,127274,"",23/04/2025,23/04/2025,"10:00","16:30"
"4","QLD","McPherson                       ",21,"Special Hospital Team 4                                         ","Robina Private Hospital - Mental Health Unit","1 Bayberry La","","","ROBINA","QLD","4226","-28.0724632","153.3776203",3156014,127273,"",24/04/2025,24/04/2025,"10:00","15:30"
"4","QLD","McPherson                       ",21,"Special Hospital Team 4                                         ","Robina Private Hospital - Mental Health Unit","1 Bayberry La","","","ROBINA","QLD","4226","-28.0724632","153.3776203",3156014,127273,"",28/04/2025,28/04/2025,"10:00","15:30"
"4","QLD","McPherson                       ",21,"Special Hospital Team 4                                         ","Robina Private Hospital - Mental Health Unit","1 Bayberry La","","","ROBINA","QLD","4226","-28.0724632","153.3776203",3156014,127273,"",29/04/2025,29/04/2025,"10:00","15:30"
"4","QLD","McPherson                       ",21,"Special Hospital Team 4                                         ","Robina Private Hospital - Mental Health Unit","1 Bayberry La","","","ROBINA","QLD","4226","-28.0724632","153.3776203",3156014,127273,"",30/04/2025,30/04/2025,"10:00","13:00"
"4","QLD","Maranoa                         ",22,"Remote Mobile Team 1                                            ","Barcoo Shire War Memorial Park","Barcoo Shire War Memorial","2 Dickson St","2 Dickson St","JUNDAH","QLD","4736","-24.82778233","143.05923003",3141007,143477,"",28/04/2025,28/04/2025,"13:00","16:00"
"4","QLD","Maranoa                         ",22,"Remote Mobile Team 1                                            ","Bedourie Community Hall","18 Herbert St","","","BEDOURIE","QLD","4829","-24.360797850411185","139.47132907115",3141008,121500,"",24/04/2025,24/04/2025,"10:30","13:30"
"4","QLD","Maranoa                         ",22,"Remote Mobile Team 1                                            ","Birdsville Community Hall","61 Adelaide St","","","BIRDSVILLE","QLD","4482","-25.8990679","139.3523398",3141008,121499,"",22/04/2025,22/04/2025,"10:30","13:30"
"4","QLD","Maranoa                         ",22,"Remote Mobile Team 1                                            ","Bolton Clarke Pioneers ","1 Sparrow St","","","LONGREACH","QLD","4730","-23.43312","144.2585",3141206,141933,"",26/04/2025,26/04/2025,"14:30","17:00"
"4","QLD","Maranoa                         ",22,"Remote Mobile Team 1                                            ","Churches of Christ Care Barcoo Living Multi Purpose Service ","2A Coronation Dr","","","BLACKALL","QLD","4472","-24.42330996","145.46329875",3140812,123886,"",01/05/2025,01/05/2025,"8:30","10:30"
"4","QLD","Maranoa                         ",22,"Remote Mobile Team 1                                            ","Eromanga Hall","18 Deacon St","","","EROMANGA","QLD","4480","-26.66974853676121","143.26668228512096",3141104,121715,"",23/04/2025,23/04/2025,"10:00","13:00"
"4","QLD","Maranoa                         ",22,"Remote Mobile Team 1                                            ","Ilfracombe Recreational Centre","20 Torrs Rd","","","ILFRACOMBE","QLD","4727","-23.487045","144.504932",3141210,123446,"",01/05/2025,01/05/2025,"14:00","17:00"
"4","QLD","Maranoa                         ",22,"Remote Mobile Team 1                                            ","Isisford Town Hall","16 St Mary St","","","ISISFORD","QLD","4731","-24.25913504260145","144.44164629758112",3141209,121507,"",30/04/2025,30/04/2025,"9:00","12:00"
"4","QLD","Maranoa                         ",22,"Remote Mobile Team 1                                            ","Jericho Town Hall","45 Darwin St","","","JERICHO","QLD","4728","-23.60242","146.125096",3140807,123444,"",02/05/2025,02/05/2025,"9:30","12:30"
"4","QLD","Maranoa                         ",22,"Remote Mobile Team 1                                            ","Muttaburra Memorial Hall","15 Bruford St","","","MUTTABURRA","QLD","4732","-22.593681","144.547318",3140808,123447,"",26/04/2025,26/04/2025,"9:00","12:00"
"4","QLD","Maranoa                         ",22,"Remote Mobile Team 1                                            ","Stonehenge Community Centre","Stratford St","","","STONEHENGE","QLD","4730","-24.35453","143.286204",3141007,123445,"",28/04/2025,28/04/2025,"8:00","11:00"
"4","QLD","Maranoa                         ",22,"Remote Mobile Team 1                                            ","Windorah Community Centre","Edward St","","","WINDORAH","QLD","4481","-25.419159","142.654461",3141007,124302,"",29/04/2025,29/04/2025,"9:00","12:00"
"4","QLD","Maranoa                         ",22,"Remote Mobile Team 2                                            ","Begonia Sports Club","Lot 8 Begonia Rd","","","BEGONIA","QLD","4487","-27.490617757085644","148.32579709094824",3117710,124305,"",28/04/2025,28/04/2025,"9:00","12:00"
"4","QLD","Maranoa                         ",22,"Remote Mobile Team 2                                            ","Bollon Hall","14-16 Main St","","","BOLLON","QLD","4488","-28.03232","147.48141",3117109,126047,"",30/04/2025,30/04/2025,"10:00","13:00"
"4","QLD","Maranoa                         ",22,"Remote Mobile Team 2                                            ","Booringa Shire Hall","Warrego Hwy","","","AMBY","QLD","4462","-26.548317749522813","148.1874853213056",3117714,124304,"",24/04/2025,24/04/2025,"8:30","11:30"
"4","QLD","Maranoa                         ",22,"Remote Mobile Team 2                                            ","Churches of Christ Warrawee Aged Care Service","276-296 Alfred St","","","ST GEORGE","QLD","4487","-28.0513040215141","148.568863940574",3117102,125813,"",28/04/2025,28/04/2025,"14:30","16:00"
"4","QLD","Maranoa                         ",22,"Remote Mobile Team 2                                            ","Glenmorgan RSL Hall","6 Godfrey St","","","GLENMORGAN","QLD","4423","-27.247661","149.677261",3117812,123448,"",26/04/2025,26/04/2025,"10:30","13:30"
"4","QLD","Maranoa                         ",22,"Remote Mobile Team 2                                            ","Hebel Community Hall","40-50 William St","","","HEBEL","QLD","4486","-28.972762","147.795453",3117109,123441,"",01/05/2025,01/05/2025,"10:30","13:30"
"4","QLD","Maranoa                         ",22,"Remote Mobile Team 2                                            ","Mitchell Multipurpose Health Service - RACF","95 Ann St","","","MITCHELL","QLD","4465","-26.4900457108185","147.972225945635",3117704,125811,"",22/04/2025,22/04/2025,"15:00","16:30"
"4","QLD","Maranoa                         ",22,"Remote Mobile Team 2                                            ","Mungallala Hall","Redford Rd","","","MUNGALLALA","QLD","4467","-26.44715779784679","147.5427592361404",3117715,123451,"",24/04/2025,24/04/2025,"14:00","17:00"
"4","QLD","Maranoa                         ",22,"Remote Mobile Team 2                                            ","Mungindi Multipurpose Health Service - RACF","86-90 Barwon St","","","MUNGINDI","QLD","2406","-28.9710782","148.9885928",3117110,125812,"",23/04/2025,23/04/2025,"8:30","10:30"
"4","QLD","Maranoa                         ",22,"Remote Mobile Team 2                                            ","Mungindi River Park","Mungindi The Border Rd","","","MUNGINDI","QLD","2406","-28.97597","148.98364",3117110,126048,"",23/04/2025,23/04/2025,"12:30","15:30"
"4","QLD","Maranoa                         ",22,"Remote Mobile Team 2                                            ","Thallon Public Hall","41-43 William St","","","THALLON","QLD","4497","-28.634921970089657","148.86779159247496",3117110,123442,"",29/04/2025,29/04/2025,"9:30","12:30"
"4","QLD","Maranoa                         ",22,"Remote Mobile Team 2                                            ","Yuleba Memorial Hall","23 Garden St","","","YULEBA","QLD","4427","-26.612539952660935","149.38398060643024",3117702,123112,"",22/04/2025,22/04/2025,"8:30","11:30"
"4","QLD","Maranoa                         ",22,"Remote Mobile Team 3                                            ","Adavale Hall ","Lot 809 McKinlay St","","","ADAVALE","QLD","4474","-25.908042","144.599777",3141104,123452,"",29/04/2025,29/04/2025,"10:00","15:30"
"4","QLD","Maranoa                         ",22,"Remote Mobile Team 3                                            ","Clara Creek Rest Stop","Cnr Landsborough Hwy & Wellwater Rd","","","CLARA CREEK","QLD","4468","-26.10840519891798","146.86236265752177",3140913,123455,"",26/04/2025,26/04/2025,"10:00","13:00"
"4","QLD","Maranoa                         ",22,"Remote Mobile Team 3                                            ","Cunnamulla Multipurpose Health Service - RACF","56 Wicks St","","","CUNNAMULLA","QLD","4490","-28.07067","145.6898",3141108,126181,"",24/04/2025,24/04/2025,"10:00","11:30"
"4","QLD","Maranoa                         ",22,"Remote Mobile Team 3                                            ","Eulo Town Hall","6 Leo St","","","EULO","QLD","4491","-28.160818173076567","145.04707255587874",3141111,123458,"",30/04/2025,30/04/2025,"8:30","11:30"
"4","QLD","Maranoa                         ",22,"Remote Mobile Team 3                                            ","Nive QLD Rest Area","Landsborough Hwy ","","","NIVE","QLD","4477","-25.470668880593127","146.5949769814762",3140913,123453,"",01/05/2025,01/05/2025,"9:30","12:30"
"4","QLD","Maranoa                         ",22,"Remote Mobile Team 3                                            ","Quilpie Multipurpose Health Service - RACF","30 Gyrica St","","","QUILPIE","QLD","4480","-26.61657","144.27454",3141102,126182,"",23/04/2025,23/04/2025,"10:00","11:30"
"4","QLD","Maranoa                         ",22,"Remote Mobile Team 3                                            ","Thargomindah Airport","Thargomindah airport","Lot 520  Kerr St","","THARGOMINDAH","QLD","4492","-27.986955567394297","143.8162328415627",3141110,143464,"",02/05/2025,02/05/2025,"9:00","15:00"
"4","QLD","Maranoa                         ",22,"Remote Mobile Team 3                                            ","The Foxtrap Road House","8736 Diamantina Developmental Rd","","","COOLADDI","QLD","4479","-26.6479381615426","145.468022877108",3140902,123460,"",28/04/2025,28/04/2025,"9:30","12:30"
"4","QLD","Maranoa                         ",22,"Remote Mobile Team 3                                            ","Waroona Multipurpose Centre","72 King St","","","CHARLEVILLE","QLD","4470","-26.411249","146.237605",3140906,125814,"",28/04/2025,28/04/2025,"14:30","16:30"
"4","QLD","Maranoa                         ",22,"Remote Mobile Team 3                                            ","Wyandra Hall","Macks St","","","WYANDRA","QLD","4489","-27.248574573513988","145.9790473612966",3141112,123457,"",22/04/2025,22/04/2025,"11:00","14:00"
"4","QLD","Maranoa                         ",22,"Remote Mobile Team 3                                            ","Yowah Opal Mining Community Hall ","16 Harlequin Dr","","","YOWAH","QLD","4490","-27.97039288171892","144.63482770371868",3141111,123459,"",30/04/2025,30/04/2025,"13:30","16:30"
"4","QLD","Maranoa                         ",22,"Special Hospital Team 1                                         ","Akooramak Care of Older Persons","269 Wood St","","","WARWICK","QLD","4370","-28.2141230902528","152.00305828359",3118920,12911,"",29/04/2025,29/04/2025,"8:00","11:30"
"4","QLD","Maranoa                         ",22,"Special Hospital Team 1                                         ","Churches of Christ Stanthorpe Aged Care Service","15 Alice St","","","STANTHORPE","QLD","4380","-28.6513493487404","151.952100915478",3118718,72020,"",01/05/2025,01/05/2025,"13:00","15:00"
"4","QLD","Maranoa                         ",22,"Special Hospital Team 1                                         ","Churches of Christ Stanthorpe Aged Care Service","15 Alice St","","","STANTHORPE","QLD","4380","-28.6513493487404","151.952100915478",3118718,72020,"",01/05/2025,01/05/2025,"9:00","12:30"
"4","QLD","Maranoa                         ",22,"Special Hospital Team 1                                         ","Churches of Christ Warwick Aged Care Service","223 Dragon St","","","WARWICK","QLD","4370","-28.2369451","152.0231695",3118909,105926,"",22/04/2025,22/04/2025,"9:30","13:00"
"4","QLD","Maranoa                         ",22,"Special Hospital Team 1                                         ","Clifton Nursing Home","22 Norman St","","","CLIFTON","QLD","4361","-27.93041836","151.91161744",3118403,49719,"",28/04/2025,28/04/2025,"9:00","12:00"
"4","QLD","Maranoa                         ",22,"Special Hospital Team 1                                         ","Inglewood Multipurpose Health Service - RACF","24606 Cunningham Hwy","","","INGLEWOOD","QLD","4387","-28.4178571628578","151.061666795313",3117404,70654,"",23/04/2025,23/04/2025,"9:30","11:00"
"4","QLD","Maranoa                         ",22,"Special Hospital Team 1                                         ","KMAC Home Care Services","6 Cedar St","","","KILLARNEY","QLD","4373","-28.3428625298048","152.297505544636",3118508,122250,"",30/04/2025,30/04/2025,"8:30","12:00"
"4","QLD","Maranoa                         ",22,"Special Hospital Team 1                                         ","Kaloma Home For The Aged","16 Gough St","","","GOONDIWINDI","QLD","4390","-28.5356040048147","150.305165978206",3117317,70657,"",23/04/2025,23/04/2025,"14:00","16:00"
"4","QLD","Maranoa                         ",22,"Special Hospital Team 1                                         ","McLean Care Yallambee ","34-40 Margaret St","","","MILLMERRAN","QLD","4357","-27.8767694983193","151.273002255652",3118105,70651,"",24/04/2025,24/04/2025,"10:00","12:30"
"4","QLD","Maranoa                         ",22,"Special Hospital Team 1                                         ","Southern Cross Care Allora","29 Darling St","","","ALLORA","QLD","4362","-28.0382747369839","151.983364487341",3118601,70613,"",22/04/2025,22/04/2025,"15:00","16:30"
"4","QLD","Maranoa                         ",22,"Special Hospital Team 1                                         ","Southern Cross Care Allora - Homestead","62-64 Forde St","","","ALLORA","QLD","4362","-28.032038886637","151.980267378448",3118602,70615,"",28/04/2025,28/04/2025,"14:00","16:00"
"4","QLD","Maranoa                         ",22,"Special Hospital Team 1                                         ","The Oaks Residential Aged Care Facility","56 Locke St","","","WARWICK","QLD","4370","-28.2243625617667","152.017934680665",3118928,106546,"",29/04/2025,29/04/2025,"13:00","16:30"
"4","QLD","Maranoa                         ",22,"Special Hospital Team 2                                         ","Karingal Nursing Home","Hospital Rd","","","DALBY","QLD","4405","-27.16593","151.27892",3118318,35028,"",22/04/2025,22/04/2025,"13:30","17:00"
"4","QLD","Maranoa                         ",22,"Special Hospital Team 2                                         ","Ningana ","25 Horace St","","","DALBY","QLD","4405","-27.1731466","151.2697953",3118359,35027,"",01/05/2025,01/05/2025,"8:30","12:00"
"4","QLD","Maranoa                         ",22,"Special Hospital Team 2                                         ","Pinaroo Roma Inc","50-66 Bowen St","","","ROMA","QLD","4455","-26.572971","148.780058",3117617,14901,"",23/04/2025,23/04/2025,"13:00","16:30"
"4","QLD","Maranoa                         ",22,"Special Hospital Team 2                                         ","Southern Cross Care Chinchilla - Illoura Village","24-30 Zeller St","","","CHINCHILLA","QLD","4413","-26.7521125095574","150.622870626068",3117219,13380,"",29/04/2025,29/04/2025,"9:00","12:30"
"4","QLD","Maranoa                         ",22,"Special Hospital Team 2                                         ","Southern Cross Care Miles - Carinya","6 Wallen St","","","MILES","QLD","4415","-26.65708","150.19035",3117504,70649,"",24/04/2025,24/04/2025,"15:00","16:30"
"4","QLD","Maranoa                         ",22,"Special Hospital Team 2                                         ","Southern Cross Care Tara - Tarcoola","2 Sara St","","","TARA","QLD","4421","-27.27178961","150.45686446",3117801,121999,"",28/04/2025,28/04/2025,"13:30","15:30"
"4","QLD","Maranoa                         ",22,"Special Hospital Team 2                                         ","Taralga Retirement Village Hostel","93 High St","","","JANDOWAE","QLD","4410","-26.78461","151.11492",3118395,70647,"",30/04/2025,30/04/2025,"9:30","11:00"
"4","QLD","Maranoa                         ",22,"Special Hospital Team 2                                         ","Westhaven Nursing Home","197 McDowall St","","","ROMA","QLD","4455","-26.56829","148.77542",3117616,70619,"",24/04/2025,24/04/2025,"9:00","12:00"
"4","QLD","Maranoa                         ",22,"Special Hospital Team 3                                         ","Blue Care Kingaroy - Canowindra Aged Care Facility","43 Windsor Cir","","","KINGAROY","QLD","4610","-26.5383","151.81828",3150532,63479,"",29/04/2025,29/04/2025,"9:00","12:00"
"4","QLD","Maranoa                         ",22,"Special Hospital Team 3                                         ","Churches of Christ Crows Nest Aged Care Service","8 Grace St","","","CROWS NEST","QLD","4355","-27.26142622","152.05277415",3117905,49727,"",28/04/2025,28/04/2025,"13:00","14:30"
"4","QLD","Maranoa                         ",22,"Special Hospital Team 3                                         ","Churches of Christ Crows Nest Aged Care Service","8 Grace St","","","CROWS NEST","QLD","4355","-27.26142622","152.05277415",3117905,49727,"",28/04/2025,28/04/2025,"9:30","12:30"
"4","QLD","Maranoa                         ",22,"Special Hospital Team 3                                         ","Lutheran Services - Orana ","24 Macdiarmid St","","","KINGAROY","QLD","4610","-26.531866","151.844502",3150506,49723,"",30/04/2025,30/04/2025,"8:30","12:30"
"4","QLD","Moncrieff                       ",23,"Special Hospital Team 1                                         ","Anglicare SQ Abri Home for the Aged","37 Bauer St","","","SOUTHPORT","QLD","4215","-27.9763538085641","153.416686917069",3154109,127279,"",30/04/2025,30/04/2025,"13:30","14:30"
"4","QLD","Moncrieff                       ",23,"Special Hospital Team 1                                         ","Broadwater Grove Care Community","55 Worendo St","","","SOUTHPORT","QLD","4215","-27.960114","153.405987",3154014,123278,"",30/04/2025,30/04/2025,"10:00","11:30"
"4","QLD","Moncrieff                       ",23,"Special Hospital Team 1                                         ","Estia Health Southport","40 William St","","","SOUTHPORT","QLD","4215","-27.957920167096","153.403701340872",3154006,123282,"",28/04/2025,28/04/2025,"9:30","16:00"
"4","QLD","Moncrieff                       ",23,"Special Hospital Team 1                                         ","Hill View House - Ashmore","135 Cotlew St","","","ASHMORE","QLD","4214","-27.98621","153.386417",3126333,127280,"",29/04/2025,29/04/2025,"14:00","16:00"
"4","QLD","Moncrieff                       ",23,"Special Hospital Team 1                                         ","Infinite Care Ashmore","19 Allunga Ave","","","ASHMORE","QLD","4214","-27.9819204747426","153.378738120503",3126318,123283,"",24/04/2025,24/04/2025,"8:30","15:00"
"4","QLD","Moncrieff                       ",23,"Special Hospital Team 1                                         ","Lady Small Haven Aged Care Service Churches of Christ","60 Allchurch Ave","","","BENOWA","QLD","4217","-28.00533985642","153.39340780587",3126715,126310,"",29/04/2025,29/04/2025,"10:00","12:00"
"4","QLD","Moncrieff                       ",23,"Special Hospital Team 1                                         ","Tricare Mermaid Beach Aged Care Residence ","2424 Gold Coast Hwy","","","MERMAID BEACH","QLD","4218","-28.0471366909633","153.434766765924",3122732,123285,"",22/04/2025,22/04/2025,"8:30","15:30"
"4","QLD","Moncrieff                       ",23,"Special Hospital Team 1                                         ","Tricare Mermaid Beach Aged Care Residence ","2424 Gold Coast Hwy","","","MERMAID BEACH","QLD","4218","-28.0471366909633","153.434766765924",3122732,123285,"",23/04/2025,23/04/2025,"8:30","15:30"
"4","QLD","Moncrieff                       ",23,"Special Hospital Team 2                                         ","Ashmore Gardens Care Community","100 Wardoo St","","","ASHMORE","QLD","4214","-27.983614","153.392255",3126332,123277,"",22/04/2025,22/04/2025,"10:00","16:30"
"4","QLD","Moncrieff                       ",23,"Special Hospital Team 2                                         ","De Paul Villa Aged Care","27 Edmund Rice Dr","","","SOUTHPORT","QLD","4215","-27.974209165319","153.384995540814",3154027,32308,"",24/04/2025,24/04/2025,"14:00","15:30"
"4","QLD","Moncrieff                       ",23,"Special Hospital Team 2                                         ","Gold Coast University Hospital - Mental Health Unit","1 Hospital Blvd","","","SOUTHPORT","QLD","4215","-27.9707231","153.4091194",3154019,127276,"",29/04/2025,29/04/2025,"9:00","16:00"
"4","QLD","Moncrieff                       ",23,"Special Hospital Team 2                                         ","Golden Age Aged Care Service Churches of Christ","60 Ridgeway Ave","","","SOUTHPORT","QLD","4215","-27.9829902175177","153.40590744739",3154127,123279,"",24/04/2025,24/04/2025,"8:30","12:00"
"4","QLD","Moncrieff                       ",23,"Special Hospital Team 2                                         ","St Vincent's Care Services Southport","32 Bauer St","","","SOUTHPORT","QLD","4215","-27.9763895083743","153.414822027268",3154117,13539,"",23/04/2025,23/04/2025,"8:30","16:30"
"4","QLD","Moncrieff                       ",23,"Special Hospital Team 2                                         ","The Southport Private Hospital - Mental Health Unit","21 Spendelove Ave","","","SOUTHPORT","QLD","4215","-27.97272693","153.40801328",3154101,127275,"",30/04/2025,30/04/2025,"9:00","16:00"
"4","QLD","Moncrieff                       ",23,"Special Hospital Team 2                                         ","The Southport Private Hospital - Mental Health Unit","21 Spendelove Ave","","","SOUTHPORT","QLD","4215","-27.97272693","153.40801328",3154101,127275,"",01/05/2025,01/05/2025,"8:30","14:00"
"4","QLD","Moncrieff                       ",23,"Special Hospital Team 2                                         ","Wisteria Lodge","Melody Park Retirement Resort","261 Gilston Rd","","NERANG","QLD","4211","-28.00852165873","153.317539013778",3124807,126334,"",28/04/2025,28/04/2025,"13:30","15:30"
"4","QLD","Moncrieff                       ",23,"Special Hospital Team 3                                         ","Pindara Private Hospital","Allchurch Ave","","","BENOWA","QLD","4217","-28.0075981864756","153.393780385537",3126715,127012,"",22/04/2025,22/04/2025,"9:00","16:00"
"4","QLD","Moncrieff                       ",23,"Special Hospital Team 3                                         ","Pindara Private Hospital","Allchurch Ave","","","BENOWA","QLD","4217","-28.0075981864756","153.393780385537",3126715,127012,"",23/04/2025,23/04/2025,"9:00","16:00"
"4","QLD","Moncrieff                       ",23,"Special Hospital Team 3                                         ","Pindara Private Hospital","Allchurch Ave","","","BENOWA","QLD","4217","-28.0075981864756","153.393780385537",3126715,127012,"",24/04/2025,24/04/2025,"9:00","16:00"
"4","QLD","Moncrieff                       ",23,"Special Hospital Team 3                                         ","Pindara Private Hospital","Allchurch Ave","","","BENOWA","QLD","4217","-28.0075981864756","153.393780385537",3126715,127012,"",28/04/2025,28/04/2025,"9:00","16:00"
"4","QLD","Moncrieff                       ",23,"Special Hospital Team 3                                         ","Pindara Private Hospital","Allchurch Ave","","","BENOWA","QLD","4217","-28.0075981864756","153.393780385537",3126715,127012,"",29/04/2025,29/04/2025,"9:00","16:00"
"4","QLD","Moncrieff                       ",23,"Special Hospital Team 3                                         ","Pindara Private Hospital","Allchurch Ave","","","BENOWA","QLD","4217","-28.0075981864756","153.393780385537",3126715,127012,"",30/04/2025,30/04/2025,"9:00","14:00"
"4","QLD","Moncrieff                       ",23,"Special Hospital Team 4                                         ","Gold Coast Private Hospital","14 Hill St","","","SOUTHPORT","QLD","4215","-27.9721501","153.408109",3154019,127013,"",22/04/2025,22/04/2025,"9:00","16:00"
"4","QLD","Moncrieff                       ",23,"Special Hospital Team 4                                         ","Gold Coast Private Hospital","14 Hill St","","","SOUTHPORT","QLD","4215","-27.9721501","153.408109",3154019,127013,"",23/04/2025,23/04/2025,"9:00","16:00"
"4","QLD","Moncrieff                       ",23,"Special Hospital Team 4                                         ","Gold Coast Private Hospital","14 Hill St","","","SOUTHPORT","QLD","4215","-27.9721501","153.408109",3154019,127013,"",24/04/2025,24/04/2025,"9:00","16:00"
"4","QLD","Moncrieff                       ",23,"Special Hospital Team 4                                         ","Gold Coast Private Hospital","14 Hill St","","","SOUTHPORT","QLD","4215","-27.9721501","153.408109",3154019,127013,"",28/04/2025,28/04/2025,"9:00","16:00"
"4","QLD","Moncrieff                       ",23,"Special Hospital Team 4                                         ","Gold Coast Private Hospital","14 Hill St","","","SOUTHPORT","QLD","4215","-27.9721501","153.408109",3154019,127013,"",29/04/2025,29/04/2025,"9:00","14:00"
"4","QLD","Moreton                         ",24,"Special Hospital Team 1                                         ","Arcare Eight Mile Plains","549 Warrigal Rd","","","EIGHT MILE PLAINS","QLD","4113","-27.5764677821251","153.087992693961",3106021,41104,"",23/04/2025,23/04/2025,"9:00","13:30"
"4","QLD","Moreton                         ",24,"Special Hospital Team 1                                         ","Arcare Eight Mile Plains","549 Warrigal Rd","","","EIGHT MILE PLAINS","QLD","4113","-27.5764677821251","153.087992693961",3106021,41104,"",24/04/2025,24/04/2025,"11:00","14:30"
"4","QLD","Moreton                         ",24,"Special Hospital Team 1                                         ","Blue Care Sunnybank Hills Carramar Aged Care Facility","130 Hellawell Rd","","","SUNNYBANK HILLS","QLD","4109","-27.599922651072134","153.05743961458364",3108015,34077,"",22/04/2025,22/04/2025,"9:00","14:30"
"4","QLD","Moreton                         ",24,"Special Hospital Team 1                                         ","Bolton Clarke Cazna Gardens","465 Hellawell Rd","","","SUNNYBANK HILLS","QLD","4109","-27.5972734476726","153.042074016278",3108023,89957,"",28/04/2025,28/04/2025,"9:00","17:00"
"4","QLD","Moreton                         ",24,"Special Hospital Team 1                                         ","Churches of Christ Brig-O-Doon Aged Care Service","425 Mortimer Rd","","","ACACIA RIDGE","QLD","4110","-27.581052434677048","153.02777074180017",3107621,123172,"",29/04/2025,29/04/2025,"9:00","12:00"
"4","QLD","Moreton                         ",24,"Special Hospital Team 1                                         ","Churches of Christ Mortimer","410 Mortimer Rd","","","ACACIA RIDGE","QLD","4110","-27.5808177761579","153.028284589847",3107621,126202,"",29/04/2025,29/04/2025,"13:30","16:30"
"4","QLD","Moreton                         ",24,"Special Hospital Team 1                                         ","The Plains","333 Underwood Rd","","","EIGHT MILE PLAINS","QLD","4113","-27.592904542967347","153.10078137305646",3107716,50308,"",30/04/2025,30/04/2025,"9:00","14:30"
"4","QLD","Moreton                         ",24,"Special Hospital Team 1                                         ","The Plains","333 Underwood Rd","","","EIGHT MILE PLAINS","QLD","4113","-27.592904542967347","153.10078137305646",3107716,50308,"",01/05/2025,01/05/2025,"11:00","15:00"
"4","QLD","Moreton                         ",24,"Special Hospital Team 2                                         ","Ozcare Bakhita Villa ","169 Seventeen Mile Rocks Rd","","","OXLEY","QLD","4075","-27.55364811","152.96281949",3127503,123192,"",22/04/2025,22/04/2025,"9:00","15:30"
"4","QLD","Moreton                         ",24,"Special Hospital Team 2                                         ","Regis Chelmer","35 Victoria Ave","","","CHELMER","QLD","4068","-27.5085917","152.9712648",3109212,105907,"",23/04/2025,23/04/2025,"8:30","17:00"
"4","QLD","Moreton                         ",24,"Special Hospital Team 2                                         ","Regis Salisbury","279 Lillian Ave","","","SALISBURY","QLD","4107","-27.5557756467852","153.036500142128",3107011,41105,"",28/04/2025,28/04/2025,"9:30","13:30"
"4","QLD","Moreton                         ",24,"Special Hospital Team 2                                         ","Regis Salisbury","279 Lillian Ave","","","SALISBURY","QLD","4107","-27.5557756467852","153.036500142128",3107011,41105,"",29/04/2025,29/04/2025,"9:30","14:00"
"4","QLD","Moreton                         ",24,"Special Hospital Team 2                                         ","St Vincent's Care Services Corinda","20 Menin Rd","","","CORINDA","QLD","4075","-27.54725637","152.97827664",3109308,122084,"",01/05/2025,01/05/2025,"9:00","14:00"
"4","QLD","Moreton                         ",24,"Special Hospital Team 2                                         ","TriCare Annerley Aged Care Residence","421 Annerley Rd","","","ANNERLEY","QLD","4103","-27.508334","153.032156",3105217,13557,"",30/04/2025,30/04/2025,"9:00","15:30"
"4","QLD","Moreton                         ",24,"Special Hospital Team 3                                         ","Neighbourhood Community Centre","68 Orange Grove Rd","","","COOPERS PLAINS","QLD","4108","-27.56647391","153.0385114",3106703,129634,"",28/04/2025,28/04/2025,"11:00","14:00"
"4","QLD","Moreton                         ",24,"Special Hospital Team 3                                         ","Pine Lodge Home for Aged","18 Balham Rd","","","ROCKLEA","QLD","4106","-27.556397244059816","153.01322119064537",3107627,32322,"",23/04/2025,23/04/2025,"9:00","12:30"
"4","QLD","Moreton                         ",24,"Special Hospital Team 3                                         ","Regis Yeronga","Cansdale St","","","YERONGA","QLD","4104","-27.511141154261","153.014866790095",3105929,72012,"",29/04/2025,29/04/2025,"8:30","17:00"
"4","QLD","Moreton                         ",24,"Special Hospital Team 3                                         ","Sunnycare Residential","15 Radiata St","","","SUNNYBANK HILLS","QLD","4109","-27.60619223988654","153.05598243874033",3108035,126214,"",24/04/2025,24/04/2025,"9:00","15:30"
"4","QLD","Moreton                         ",24,"Special Hospital Team 3                                         ","TriCare Sunnybank Hills Aged Care Residence","330 Jackson Rd","","","SUNNYBANK HILLS","QLD","4109","-27.5958607","153.0454515",3108017,90139,"",22/04/2025,22/04/2025,"9:00","17:00"
"4","QLD","Oxley                           ",25,"Other Mobile Team 1                                             ","Arthur Gorrie Correctional Centre","3068 Ipswich Rd","","","WACOL","QLD","4076","-27.57995101","152.93261443",3127608,123784,"Team 1",23/04/2025,23/04/2025,"11:00","12:00"
"4","QLD","Oxley                           ",25,"Other Mobile Team 1                                             ","Arthur Gorrie Correctional Centre","3068 Ipswich Rd","","","WACOL","QLD","4076","-27.57995101","152.93261443",3127608,123784,"Team 1",23/04/2025,23/04/2025,"13:00","14:30"
"4","QLD","Oxley                           ",25,"Other Mobile Team 1                                             ","Arthur Gorrie Correctional Centre","3068 Ipswich Rd","","","WACOL","QLD","4076","-27.57995101","152.93261443",3127608,123784,"Team 1",23/04/2025,23/04/2025,"15:00","16:00"
"4","QLD","Oxley                           ",25,"Other Mobile Team 1                                             ","Arthur Gorrie Correctional Centre","3068 Ipswich Rd","","","WACOL","QLD","4076","-27.57995101","152.93261443",3127608,123784,"Team 1",23/04/2025,23/04/2025,"8:00","10:30"
"4","QLD","Oxley                           ",25,"Other Mobile Team 1                                             ","Arthur Gorrie Correctional Centre","3068 Ipswich Rd","","","WACOL","QLD","4076","-27.57995101","152.93261443",3127608,123784,"Team 1",24/04/2025,24/04/2025,"11:00","12:00"
"4","QLD","Oxley                           ",25,"Other Mobile Team 1                                             ","Arthur Gorrie Correctional Centre","3068 Ipswich Rd","","","WACOL","QLD","4076","-27.57995101","152.93261443",3127608,123784,"Team 1",24/04/2025,24/04/2025,"13:00","14:30"
"4","QLD","Oxley                           ",25,"Other Mobile Team 1                                             ","Arthur Gorrie Correctional Centre","3068 Ipswich Rd","","","WACOL","QLD","4076","-27.57995101","152.93261443",3127608,123784,"Team 1",24/04/2025,24/04/2025,"15:00","16:00"
"4","QLD","Oxley                           ",25,"Other Mobile Team 1                                             ","Arthur Gorrie Correctional Centre","3068 Ipswich Rd","","","WACOL","QLD","4076","-27.57995101","152.93261443",3127608,123784,"Team 1",24/04/2025,24/04/2025,"8:00","10:30"
"4","QLD","Oxley                           ",25,"Other Mobile Team 1                                             ","Brisbane Correctional Centre","234 Station Rd","","","WACOL","QLD","4076","-27.57995101","152.93261443",3127608,123785,"",28/04/2025,28/04/2025,"12:00","16:00"
"4","QLD","Oxley                           ",25,"Other Mobile Team 1                                             ","Brisbane Correctional Centre","234 Station Rd","","","WACOL","QLD","4076","-27.57995101","152.93261443",3127608,123785,"",28/04/2025,28/04/2025,"8:30","11:00"
"4","QLD","Oxley                           ",25,"Other Mobile Team 2                                             ","Arthur Gorrie Correctional Centre","3068 Ipswich Rd","","","WACOL","QLD","4076","-27.57995101","152.93261443",3127608,123784,"Team 2",24/04/2025,24/04/2025,"11:00","12:00"
"4","QLD","Oxley                           ",25,"Other Mobile Team 2                                             ","Arthur Gorrie Correctional Centre","3068 Ipswich Rd","","","WACOL","QLD","4076","-27.57995101","152.93261443",3127608,123784,"Team 2",24/04/2025,24/04/2025,"13:00","14:30"
"4","QLD","Oxley                           ",25,"Other Mobile Team 2                                             ","Arthur Gorrie Correctional Centre","3068 Ipswich Rd","","","WACOL","QLD","4076","-27.57995101","152.93261443",3127608,123784,"Team 2",24/04/2025,24/04/2025,"15:00","16:00"
"4","QLD","Oxley                           ",25,"Other Mobile Team 2                                             ","Arthur Gorrie Correctional Centre","3068 Ipswich Rd","","","WACOL","QLD","4076","-27.57995101","152.93261443",3127608,123784,"Team 2",24/04/2025,24/04/2025,"8:00","10:30"
"4","QLD","Oxley                           ",25,"Other Mobile Team 3                                             ","Arthur Gorrie Correctional Centre","3068 Ipswich Rd","","","WACOL","QLD","4076","-27.57995101","152.93261443",3127608,123784,"Team 3",23/04/2025,23/04/2025,"11:00","12:00"
"4","QLD","Oxley                           ",25,"Other Mobile Team 3                                             ","Arthur Gorrie Correctional Centre","3068 Ipswich Rd","","","WACOL","QLD","4076","-27.57995101","152.93261443",3127608,123784,"Team 3",23/04/2025,23/04/2025,"13:00","14:30"
"4","QLD","Oxley                           ",25,"Other Mobile Team 3                                             ","Arthur Gorrie Correctional Centre","3068 Ipswich Rd","","","WACOL","QLD","4076","-27.57995101","152.93261443",3127608,123784,"Team 3",23/04/2025,23/04/2025,"15:00","16:00"
"4","QLD","Oxley                           ",25,"Other Mobile Team 3                                             ","Arthur Gorrie Correctional Centre","3068 Ipswich Rd","","","WACOL","QLD","4076","-27.57995101","152.93261443",3127608,123784,"Team 3",23/04/2025,23/04/2025,"8:00","10:30"
"4","QLD","Oxley                           ",25,"Other Mobile Team 3                                             ","Arthur Gorrie Correctional Centre","3068 Ipswich Rd","","","WACOL","QLD","4076","-27.57995101","152.93261443",3127608,123784,"Team 3",24/04/2025,24/04/2025,"11:00","12:00"
"4","QLD","Oxley                           ",25,"Other Mobile Team 3                                             ","Arthur Gorrie Correctional Centre","3068 Ipswich Rd","","","WACOL","QLD","4076","-27.57995101","152.93261443",3127608,123784,"Team 3",24/04/2025,24/04/2025,"13:00","14:30"
"4","QLD","Oxley                           ",25,"Other Mobile Team 3                                             ","Arthur Gorrie Correctional Centre","3068 Ipswich Rd","","","WACOL","QLD","4076","-27.57995101","152.93261443",3127608,123784,"Team 3",24/04/2025,24/04/2025,"15:00","16:00"
"4","QLD","Oxley                           ",25,"Other Mobile Team 3                                             ","Arthur Gorrie Correctional Centre","3068 Ipswich Rd","","","WACOL","QLD","4076","-27.57995101","152.93261443",3127608,123784,"Team 3",24/04/2025,24/04/2025,"8:00","10:30"
"4","QLD","Oxley                           ",25,"Other Mobile Team 3                                             ","Brisbane Women's Correctional Centre","Grindle Rd","","","WACOL","QLD","4076","-27.58301678","152.90342908",3127607,123787,"",28/04/2025,28/04/2025,"12:00","16:00"
"4","QLD","Oxley                           ",25,"Other Mobile Team 3                                             ","Brisbane Women's Correctional Centre","Grindle Rd","","","WACOL","QLD","4076","-27.58301678","152.90342908",3127607,123787,"",28/04/2025,28/04/2025,"8:30","11:00"
"4","QLD","Oxley                           ",25,"Other Mobile Team 4                                             ","Arthur Gorrie Correctional Centre","3068 Ipswich Rd","","","WACOL","QLD","4076","-27.57995101","152.93261443",3127608,123784,"Team 4",24/04/2025,24/04/2025,"11:00","12:00"
"4","QLD","Oxley                           ",25,"Other Mobile Team 4                                             ","Arthur Gorrie Correctional Centre","3068 Ipswich Rd","","","WACOL","QLD","4076","-27.57995101","152.93261443",3127608,123784,"Team 4",24/04/2025,24/04/2025,"13:00","14:30"
"4","QLD","Oxley                           ",25,"Other Mobile Team 4                                             ","Arthur Gorrie Correctional Centre","3068 Ipswich Rd","","","WACOL","QLD","4076","-27.57995101","152.93261443",3127608,123784,"Team 4",24/04/2025,24/04/2025,"15:00","16:00"
"4","QLD","Oxley                           ",25,"Other Mobile Team 4                                             ","Arthur Gorrie Correctional Centre","3068 Ipswich Rd","","","WACOL","QLD","4076","-27.57995101","152.93261443",3127608,123784,"Team 4",24/04/2025,24/04/2025,"8:00","10:30"
"4","QLD","Oxley                           ",25,"Other Mobile Team 5                                             ","Wolston Correctional Centre","176A Grindle Rd","","","WACOL","QLD","4076","-27.578914","152.913236",3127607,123788,"",30/04/2025,30/04/2025,"12:00","16:00"
"4","QLD","Oxley                           ",25,"Other Mobile Team 5                                             ","Wolston Correctional Centre","176A Grindle Rd","","","WACOL","QLD","4076","-27.578914","152.913236",3127607,123788,"",30/04/2025,30/04/2025,"9:00","11:00"
"4","QLD","Oxley                           ",25,"Special Hospital Team 1                                         ","Forest Lake Lodge","12 Tewantin Way","","","FOREST LAKE","QLD","4078","-27.609977","152.953977",3156403,35973,"",22/04/2025,22/04/2025,"13:00","17:00"
"4","QLD","Oxley                           ",25,"Special Hospital Team 1                                         ","Forest Lake Lodge","12 Tewantin Way","","","FOREST LAKE","QLD","4078","-27.609977","152.953977",3156403,35973,"",22/04/2025,22/04/2025,"9:00","12:30"
"4","QLD","Oxley                           ",25,"Special Hospital Team 1                                         ","Forest Lake Lodge","12 Tewantin Way","","","FOREST LAKE","QLD","4078","-27.609977","152.953977",3156403,35973,"",23/04/2025,23/04/2025,"9:00","13:00"
"4","QLD","Oxley                           ",25,"Special Hospital Team 1                                         ","Oxley Grove Care Community","276 Blunder Rd","","","DURACK","QLD","4077","-27.57833","152.984037",3127203,33474,"",24/04/2025,24/04/2025,"12:30","14:30"
"4","QLD","Oxley                           ",25,"Special Hospital Team 1                                         ","Oxley Grove Care Community","276 Blunder Rd","","","DURACK","QLD","4077","-27.57833","152.984037",3127203,33474,"",24/04/2025,24/04/2025,"9:00","12:00"
"4","QLD","Oxley                           ",25,"Special Hospital Team 1                                         ","Sinnamon Village","620 Seventeen Mile Rocks Rd","","","SINNAMON PARK","QLD","4073","-27.5381288479031","152.949297213748",3108409,40914,"",28/04/2025,28/04/2025,"12:00","16:30"
"4","QLD","Oxley                           ",25,"Special Hospital Team 1                                         ","Sinnamon Village","620 Seventeen Mile Rocks Rd","","","SINNAMON PARK","QLD","4073","-27.5381288479031","152.949297213748",3108409,40914,"",28/04/2025,28/04/2025,"8:00","11:30"
"4","QLD","Oxley                           ",25,"Special Hospital Team 1                                         ","Sinnamon Village","620 Seventeen Mile Rocks Rd","","","SINNAMON PARK","QLD","4073","-27.5381288479031","152.949297213748",3108409,40914,"",29/04/2025,29/04/2025,"12:00","17:00"
"4","QLD","Oxley                           ",25,"Special Hospital Team 1                                         ","Sinnamon Village","620 Seventeen Mile Rocks Rd","","","SINNAMON PARK","QLD","4073","-27.5381288479031","152.949297213748",3108409,40914,"",29/04/2025,29/04/2025,"8:00","11:30"
"4","QLD","Oxley                           ",25,"Special Hospital Team 1                                         ","Sinnamon Village","620 Seventeen Mile Rocks Rd","","","SINNAMON PARK","QLD","4073","-27.5381288479031","152.949297213748",3108409,40914,"",30/04/2025,30/04/2025,"12:00","17:00"
"4","QLD","Oxley                           ",25,"Special Hospital Team 1                                         ","Sinnamon Village","620 Seventeen Mile Rocks Rd","","","SINNAMON PARK","QLD","4073","-27.5381288479031","152.949297213748",3108409,40914,"",30/04/2025,30/04/2025,"8:00","11:30"
"4","QLD","Oxley                           ",25,"Special Hospital Team 2                                         ","The Park - Mental Health","Corner Ellerton Dr Wolston Park Rd","","","WACOL","QLD","4076","-27.601125","152.909838",3127607,129629,"",30/04/2025,30/04/2025,"10:00","13:00"
"4","QLD","Oxley                           ",25,"Special Hospital Team 2                                         ","The Park - Mental Health","Corner Ellerton Dr Wolston Park Rd","","","WACOL","QLD","4076","-27.601125","152.909838",3127607,129629,"",30/04/2025,30/04/2025,"13:30","16:30"
"4","QLD","Oxley                           ",25,"Special Hospital Team 2                                         ","The Park - Mental Health","Corner Ellerton Dr Wolston Park Rd","","","WACOL","QLD","4076","-27.601125","152.909838",3127607,129629,"",01/05/2025,01/05/2025,"10:00","13:00"
"4","QLD","Oxley                           ",25,"Special Hospital Team 2                                         ","The Park - Mental Health","Corner Ellerton Dr Wolston Park Rd","","","WACOL","QLD","4076","-27.601125","152.909838",3127607,129629,"",01/05/2025,01/05/2025,"13:30","16:30"
"4","QLD","Oxley                           ",25,"Special Hospital Team 2                                         ","Tricare Jindalee Aged Care Residence","22 Endeavour St","","","MOUNT OMMANEY","QLD","4074","-27.543301547023","152.940093574088",3108105,13714,"",29/04/2025,29/04/2025,"12:00","14:00"
"4","QLD","Oxley                           ",25,"Special Hospital Team 2                                         ","Tricare Jindalee Aged Care Residence","22 Endeavour St","","","MOUNT OMMANEY","QLD","4074","-27.543301547023","152.940093574088",3108105,13714,"",29/04/2025,29/04/2025,"8:00","11:30"
"4","QLD","Petrie                          ",26,"Special Hospital Team 1                                         ","Carseldine Greens Care Community","40 Raynbird Pl","","","CARSELDINE","QLD","4034","-27.33674","153.0134598",3102227,122616,"",29/04/2025,29/04/2025,"13:00","16:00"
"4","QLD","Petrie                          ",26,"Special Hospital Team 1                                         ","Carseldine Greens Care Community","40 Raynbird Pl","","","CARSELDINE","QLD","4034","-27.33674","153.0134598",3102227,122616,"",29/04/2025,29/04/2025,"9:00","12:30"
"4","QLD","Petrie                          ",26,"Special Hospital Team 1                                         ","PM Aged Care","1929 Gympie Rd","","","BALD HILLS","QLD","4036","-27.3307189423296","153.009842863365",3102228,122620,"",30/04/2025,30/04/2025,"9:00","12:00"
"4","QLD","Petrie                          ",26,"Special Hospital Team 1                                         ","Palm Lake Aged Care Deception Bay","Cnr Bay Ave & Maine Tce","","","DECEPTION BAY","QLD","4508","-27.1932898033701","153.031070348379",3137348,122605,"",24/04/2025,24/04/2025,"12:30","14:30"
"4","QLD","Petrie                          ",26,"Special Hospital Team 1                                         ","Palm Lake Aged Care Deception Bay","Cnr Bay Ave & Maine Tce","","","DECEPTION BAY","QLD","4508","-27.1932898033701","153.031070348379",3137348,122605,"",24/04/2025,24/04/2025,"9:00","12:00"
"4","QLD","Petrie                          ",26,"Special Hospital Team 1                                         ","Regis Aspley Aged Care","141 Albany Creek Rd","","","ASPLEY","QLD","4034","-27.3611072","153.0078796",3102735,106100,"",28/04/2025,28/04/2025,"13:00","16:00"
"4","QLD","Petrie                          ",26,"Special Hospital Team 1                                         ","Regis Aspley Aged Care","141 Albany Creek Rd","","","ASPLEY","QLD","4034","-27.3611072","153.0078796",3102735,106100,"",28/04/2025,28/04/2025,"9:00","12:30"
"4","QLD","Petrie                          ",26,"Special Hospital Team 1                                         ","Rockpool Carseldine","56 Plaza Pl","","","CARSELDINE","QLD","4034","-27.35111406","153.02710442",3102416,122599,"",30/04/2025,30/04/2025,"14:00","17:00"
"4","QLD","Petrie                          ",26,"Special Hospital Team 1                                         ","Rockpool Carseldine","56 Plaza Pl","","","CARSELDINE","QLD","4034","-27.35111406","153.02710442",3102416,122599,"",01/05/2025,01/05/2025,"13:00","17:00"
"4","QLD","Petrie                          ",26,"Special Hospital Team 1                                         ","Rockpool Carseldine","56 Plaza Pl","","","CARSELDINE","QLD","4034","-27.35111406","153.02710442",3102416,122599,"",01/05/2025,01/05/2025,"9:00","12:30"
"4","QLD","Petrie                          ",26,"Special Hospital Team 1                                         ","St Vincent's Care Services Carseldine","736 Beams Rd","","","CARSELDINE","QLD","4034","-27.3468527825719","153.010984431214",3102410,13681,"",22/04/2025,22/04/2025,"13:00","17:00"
"4","QLD","Petrie                          ",26,"Special Hospital Team 1                                         ","St Vincent's Care Services Carseldine","736 Beams Rd","","","CARSELDINE","QLD","4034","-27.3468527825719","153.010984431214",3102410,13681,"",22/04/2025,22/04/2025,"9:00","12:30"
"4","QLD","Petrie                          ",26,"Special Hospital Team 1                                         ","St Vincent's Care Services Carseldine","736 Beams Rd","","","CARSELDINE","QLD","4034","-27.3468527825719","153.010984431214",3102410,13681,"",23/04/2025,23/04/2025,"9:00","12:30"
"4","QLD","Petrie                          ",26,"Special Hospital Team 2                                         ","Blue Care Redcliffe Aged Care Facility ","91 Anzac Ave","","","REDCLIFFE","QLD","4020","-27.230609","153.106251",3137924,70569,"",22/04/2025,22/04/2025,"12:30","15:00"
"4","QLD","Petrie                          ",26,"Special Hospital Team 2                                         ","Blue Care Redcliffe Aged Care Facility ","91 Anzac Ave","","","REDCLIFFE","QLD","4020","-27.230609","153.106251",3137924,70569,"",22/04/2025,22/04/2025,"9:00","12:00"
"4","QLD","Petrie                          ",26,"Special Hospital Team 2                                         ","North Lakes Terrace Care Community","2 North Lakes Dr","","","NORTH LAKES","QLD","4509","-27.241906982744","153.020989763342",3157920,104735,"",01/05/2025,01/05/2025,"13:00","17:00"
"4","QLD","Petrie                          ",26,"Special Hospital Team 2                                         ","North Lakes Terrace Care Community","2 North Lakes Dr","","","NORTH LAKES","QLD","4509","-27.241906982744","153.020989763342",3157920,104735,"",01/05/2025,01/05/2025,"9:00","12:30"
"4","QLD","Petrie                          ",26,"Special Hospital Team 2                                         ","Redcliffe Hospital","Anzac Ave","","","REDCLIFFE","QLD","4020","-27.2297539","153.1065101",3137922,126953,"Part 1",29/04/2025,29/04/2025,"13:00","17:00"
"4","QLD","Petrie                          ",26,"Special Hospital Team 2                                         ","Redcliffe Hospital","Anzac Ave","","","REDCLIFFE","QLD","4020","-27.2297539","153.1065101",3137922,126953,"Part 1",29/04/2025,29/04/2025,"9:00","12:30"
"4","QLD","Petrie                          ",26,"Special Hospital Team 2                                         ","Redcliffe Hospital","Anzac Ave","","","REDCLIFFE","QLD","4020","-27.2297539","153.1065101",3137922,126953,"Part 1",30/04/2025,30/04/2025,"13:00","17:00"
"4","QLD","Petrie                          ",26,"Special Hospital Team 2                                         ","Redcliffe Hospital","Anzac Ave","","","REDCLIFFE","QLD","4020","-27.2297539","153.1065101",3137922,126953,"Part 1",30/04/2025,30/04/2025,"9:00","12:30"
"4","QLD","Petrie                          ",26,"Special Hospital Team 2                                         ","Seabrae Manor","21 Buchanan St","","","ROTHWELL","QLD","4022","-27.2206189064345","153.05941669194",3138009,72852,"",23/04/2025,23/04/2025,"12:30","14:00"
"4","QLD","Petrie                          ",26,"Special Hospital Team 2                                         ","Seabrae Manor","21 Buchanan St","","","ROTHWELL","QLD","4022","-27.2206189064345","153.05941669194",3138009,72852,"",23/04/2025,23/04/2025,"9:00","12:00"
"4","QLD","Petrie                          ",26,"Special Hospital Team 2                                         ","Seabrook Aged Care","15-29 Bonton Ave","","","DECEPTION BAY","QLD","4508","-27.198167","153.034386",3137347,52118,"",24/04/2025,24/04/2025,"13:00","16:30"
"4","QLD","Petrie                          ",26,"Special Hospital Team 2                                         ","Seabrook Aged Care","15-29 Bonton Ave","","","DECEPTION BAY","QLD","4508","-27.198167","153.034386",3137347,52118,"",24/04/2025,24/04/2025,"9:00","12:30"
"4","QLD","Petrie                          ",26,"Special Hospital Team 2                                         ","Seasons Living Mango Hill Care Suites","28 Akuna Way","","","MANGO HILL","QLD","4509","-27.2451723928884","153.022170002806",3157831,70571,"",28/04/2025,28/04/2025,"13:00","16:00"
"4","QLD","Petrie                          ",26,"Special Hospital Team 2                                         ","Seasons Living Mango Hill Care Suites","28 Akuna Way","","","MANGO HILL","QLD","4509","-27.2451723928884","153.022170002806",3157831,70571,"",28/04/2025,28/04/2025,"9:00","12:30"
"4","QLD","Petrie                          ",26,"Special Hospital Team 3                                         ","Arcare North Lakes","65 Endeavour Blvd","","","NORTH LAKES","QLD","4509","-27.2378892319685","153.013579084634",3157920,52117,"",22/04/2025,22/04/2025,"13:00","15:30"
"4","QLD","Petrie                          ",26,"Special Hospital Team 3                                         ","Arcare North Lakes","65 Endeavour Blvd","","","NORTH LAKES","QLD","4509","-27.2378892319685","153.013579084634",3157920,52117,"",22/04/2025,22/04/2025,"9:00","12:30"
"4","QLD","Petrie                          ",26,"Special Hospital Team 3                                         ","BallyCara Aged Care","Oyster Point Esp","","","SCARBOROUGH","QLD","4020","-27.2037151","153.1012738",3157504,72855,"",30/04/2025,30/04/2025,"12:30","14:30"
"4","QLD","Petrie                          ",26,"Special Hospital Team 3                                         ","BallyCara Aged Care","Oyster Point Esp","","","SCARBOROUGH","QLD","4020","-27.2037151","153.1012738",3157504,72855,"",30/04/2025,30/04/2025,"9:00","12:00"
"4","QLD","Petrie                          ",26,"Special Hospital Team 3                                         ","Beaumont Care Clontarf","39 Baringa St","","","CLONTARF","QLD","4019","-27.244136","153.090623",3137716,125595,"",29/04/2025,29/04/2025,"14:00","17:00"
"4","QLD","Petrie                          ",26,"Special Hospital Team 3                                         ","Blue Care Rothwell Nazarene Aged Care Facility","25-29 Higgs St","","","ROTHWELL","QLD","4022","-27.208576704192","153.038047685719",3138049,122613,"",24/04/2025,24/04/2025,"13:00","15:00"
"4","QLD","Petrie                          ",26,"Special Hospital Team 3                                         ","Blue Care Rothwell Nazarene Aged Care Facility","25-29 Higgs St","","","ROTHWELL","QLD","4022","-27.208576704192","153.038047685719",3138049,122613,"",24/04/2025,24/04/2025,"9:00","12:00"
"4","QLD","Petrie                          ",26,"Special Hospital Team 3                                         ","Lodges Regis","109 George St","","","KIPPA-RING","QLD","4021","-27.230414739798","153.092086287242",3138033,126220,"",28/04/2025,28/04/2025,"12:30","15:00"
"4","QLD","Petrie                          ",26,"Special Hospital Team 3                                         ","Lodges Regis","109 George St","","","KIPPA-RING","QLD","4021","-27.230414739798","153.092086287242",3138033,126220,"",28/04/2025,28/04/2025,"9:00","12:00"
"4","QLD","Petrie                          ",26,"Special Hospital Team 3                                         ","Ozcare Ozanam Villa - Clontarf","153 King St","","","CLONTARF","QLD","4019","-27.24981","153.094485",3137711,13684,"",29/04/2025,29/04/2025,"9:00","12:30"
"4","QLD","Petrie                          ",26,"Special Hospital Team 3                                         ","Peninsula Palms Retirement Village","77 Morris Rd","","","ROTHWELL","QLD","4022","-27.2107624763965","153.059817003137",3138008,41079,"",01/05/2025,01/05/2025,"12:30","13:30"
"4","QLD","Petrie                          ",26,"Special Hospital Team 3                                         ","Peninsula Palms Retirement Village","77 Morris Rd","","","ROTHWELL","QLD","4022","-27.2107624763965","153.059817003137",3138008,41079,"",01/05/2025,01/05/2025,"9:00","12:00"
"4","QLD","Petrie                          ",26,"Special Hospital Team 3                                         ","Sir James Terrace","11 Stamp St","","","DECEPTION BAY","QLD","4508","-27.1885407519096","153.016895210476",3137303,122619,"",23/04/2025,23/04/2025,"12:00","13:00"
"4","QLD","Petrie                          ",26,"Special Hospital Team 3                                         ","Sir James Terrace","11 Stamp St","","","DECEPTION BAY","QLD","4508","-27.1885407519096","153.016895210476",3137303,122619,"",23/04/2025,23/04/2025,"9:00","11:30"
"4","QLD","Petrie                          ",26,"Special Hospital Team 4                                         ","Beaumont Care Kippa-Ring","111 George St","","","KIPPA-RING","QLD","4021","-27.230113","153.091209",3138033,122603,"",01/05/2025,01/05/2025,"13:00","15:30"
"4","QLD","Petrie                          ",26,"Special Hospital Team 4                                         ","Redcliffe Hospital","Anzac Ave","","","REDCLIFFE","QLD","4020","-27.2297539","153.1065101",3137922,126953,"Part 2",29/04/2025,29/04/2025,"13:00","17:00"
"4","QLD","Petrie                          ",26,"Special Hospital Team 4                                         ","Redcliffe Hospital","Anzac Ave","","","REDCLIFFE","QLD","4020","-27.2297539","153.1065101",3137922,126953,"Part 2",29/04/2025,29/04/2025,"9:00","12:30"
"4","QLD","Petrie                          ",26,"Special Hospital Team 4                                         ","The Breakfast Club Redcliffe Inc.","34 Cornelius St","","","CLONTARF","QLD","4019","-27.25481479","153.08500624",3137708,127283,"",01/05/2025,01/05/2025,"9:00","11:00"
"4","QLD","Petrie                          ",26,"Special Hospital Team 5                                         ","Cooinda House","60 George St","","","KIPPA-RING","QLD","4021","-27.2293128","153.0914206",3138033,122617,"",01/05/2025,01/05/2025,"9:00","12:00"
"4","QLD","Petrie                          ",26,"Special Hospital Team 5                                         ","Redcliffe Hospital","Anzac Ave","","","REDCLIFFE","QLD","4020","-27.2297539","153.1065101",3137922,126953,"Part 3",29/04/2025,29/04/2025,"13:00","17:00"
"4","QLD","Petrie                          ",26,"Special Hospital Team 5                                         ","Redcliffe Hospital","Anzac Ave","","","REDCLIFFE","QLD","4020","-27.2297539","153.1065101",3137922,126953,"Part 3",29/04/2025,29/04/2025,"9:00","12:30"
"4","QLD","Rankin                          ",27,"Special Hospital Team 1                                         ","Algester Lodge","117 Dalmeny St","","","ALGESTER","QLD","4115","-27.607772","153.032874",3107220,123073,"",22/04/2025,22/04/2025,"9:00","15:30"
"4","QLD","Rankin                          ",27,"Special Hospital Team 1                                         ","Arcare Parkinson","2791 Beaudesert Rd","","","PARKINSON","QLD","4115","-27.638948836732816","153.04374134888718",3107509,123186,"",30/04/2025,30/04/2025,"9:00","16:30"
"4","QLD","Rankin                          ",27,"Special Hospital Team 1                                         ","Lutheran Services - Trinder Park","10 Laurel St","","","WOODRIDGE","QLD","4114","-27.6286624532168","153.094747006613",3133622,12782,"",28/04/2025,28/04/2025,"9:00","14:00"
"4","QLD","Rankin                          ",27,"Special Hospital Team 1                                         ","Lutheran Services - Trinder Park","10 Laurel St","","","WOODRIDGE","QLD","4114","-27.6286624532168","153.094747006613",3133622,12782,"",29/04/2025,29/04/2025,"9:00","13:30"
"4","QLD","Rankin                          ",27,"Special Hospital Team 1                                         ","Southern Cross Care Stretton Gardens","209-225 Illaweena St","","","DREWVALE","QLD","4116","-27.641872","153.055533",3107508,123189,"",24/04/2025,24/04/2025,"9:00","13:00"
"4","QLD","Rankin                          ",27,"Special Hospital Team 2                                         ","Arcare Slacks Creek","8 Janice St","","","SLACKS CREEK","QLD","4127","-27.6397446061288","153.122793472176",3133315,123188,"",23/04/2025,23/04/2025,"8:30","15:00"
"4","QLD","Rankin                          ",27,"Special Hospital Team 2                                         ","Arcare Springwood","99 Cinderella Dr","","","SPRINGWOOD","QLD","4127","-27.61599","153.131916",3133405,123194,"",24/04/2025,24/04/2025,"8:00","15:00"
"4","QLD","Rankin                          ",27,"Special Hospital Team 2                                         ","Calamvale Parklands Care Community","8 Raffin Cres","","","CALAMVALE","QLD","4116","-27.6169515772466","153.036287314412",3107357,122087,"",28/04/2025,28/04/2025,"8:00","14:30"
"4","QLD","Rankin                          ",27,"Special Hospital Team 2                                         ","Calamvale Parklands Care Community","8 Raffin Cres","","","CALAMVALE","QLD","4116","-27.6169515772466","153.036287314412",3107357,122087,"",29/04/2025,29/04/2025,"8:00","14:00"
"4","QLD","Rankin                          ",27,"Special Hospital Team 2                                         ","Churches of Christ Clive Burdeu Aged Care Service","46 Middle Rd","","","HILLCREST","QLD","4118","-27.676128","153.0275",3131601,122089,"",22/04/2025,22/04/2025,"8:00","14:30"
"4","QLD","Rankin                          ",27,"Special Hospital Team 3                                         ","Berrinba Greens Care Community","1-15 Greenfern Dr","","","BROWNS PLAINS","QLD","4118","-27.65531602678537","153.06536329753757",3131217,122086,"",22/04/2025,22/04/2025,"9:00","14:00"
"4","QLD","Rankin                          ",27,"Special Hospital Team 3                                         ","Berrinba Greens Care Community","1-15 Greenfern Dr","","","BROWNS PLAINS","QLD","4118","-27.65531602678537","153.06536329753757",3131217,122086,"",23/04/2025,23/04/2025,"9:00","14:00"
"4","QLD","Rankin                          ",27,"Special Hospital Team 3                                         ","Blue Care Springwood Yurana Aged Care Facility","129 Dennis Rd","","","SPRINGWOOD","QLD","4127","-27.616465588546788","153.13996724864418",3133409,122085,"",24/04/2025,24/04/2025,"12:00","15:30"
"4","QLD","Rankin                          ",27,"Special Hospital Team 3                                         ","Bolton Clarke Carrington","16 Blairmount St","","","PARKINSON","QLD","4115","-27.62781","153.02375",3107528,123187,"",29/04/2025,29/04/2025,"9:00","16:30"
"4","QLD","Rankin                          ",27,"Special Hospital Team 3                                         ","Springwood Terrace Care Community","266 Parfrey Rd","","","SPRINGWOOD","QLD","4127","-27.60946866","153.13377425",3133409,122088,"",30/04/2025,30/04/2025,"8:30","14:00"
"4","QLD","Rankin                          ",27,"Special Hospital Team 3                                         ","Springwood Terrace Care Community","266 Parfrey Rd","","","SPRINGWOOD","QLD","4127","-27.60946866","153.13377425",3133409,122088,"",01/05/2025,01/05/2025,"8:30","12:30"
"4","QLD","Ryan                            ",28,"Special Hospital Team 1                                         ","Anglicare SQ St John's Home for Aged Men","11 Exmouth St","","","TOOWONG","QLD","4066","-27.484552","152.977301",3113708,41122,"",24/04/2025,24/04/2025,"9:00","14:00"
"4","QLD","Ryan                            ",28,"Special Hospital Team 1                                         ","Berlasco Court Caring Centre","150 Central Ave","","","INDOOROOPILLY","QLD","4068","-27.502888087122848","152.9784601419382",3109428,69711,"",22/04/2025,22/04/2025,"9:00","14:30"
"4","QLD","Ryan                            ",28,"Special Hospital Team 1                                         ","Berlasco Court Caring Centre","150 Central Ave","","","INDOOROOPILLY","QLD","4068","-27.502888087122848","152.9784601419382",3109428,69711,"",23/04/2025,23/04/2025,"9:00","14:00"
"4","QLD","Ryan                            ",28,"Special Hospital Team 1                                         ","Bolton Clarke Fairview","2603 Moggill Rd","","","PINJARRA HILLS","QLD","4069","-27.52993148319022","152.91410875475964",3109101,40829,"",28/04/2025,28/04/2025,"9:00","14:00"
"4","QLD","Ryan                            ",28,"Special Hospital Team 1                                         ","Bolton Clarke Fairview","2603 Moggill Rd","","","PINJARRA HILLS","QLD","4069","-27.52993148319022","152.91410875475964",3109101,40829,"",29/04/2025,29/04/2025,"9:00","14:30"
"4","QLD","Ryan                            ",28,"Special Hospital Team 1                                         ","Keperra Sanctuary Aged Care","998 Samford Rd","","","KEPERRA","QLD","4054","-27.417037264162243","152.95513694044465",3110008,12792,"",01/05/2025,01/05/2025,"9:30","12:00"
"4","QLD","Ryan                            ",28,"Special Hospital Team 1                                         ","St Vincent's Care Services Bardon","59 Main Ave","","","BARDON","QLD","4065","-27.467945779953823","152.9837188954959",3113419,40842,"",30/04/2025,30/04/2025,"9:00","17:00"
"4","QLD","Ryan                            ",28,"Special Hospital Team 2                                         ","Blue Care Kenmore Aged Care Facility","129 Brookfield Rd","","","KENMORE HILLS","QLD","4069","-27.50057396333855","152.9330220547802",3108706,13741,"",22/04/2025,22/04/2025,"9:00","12:30"
"4","QLD","Ryan                            ",28,"Special Hospital Team 2                                         ","Blue Care Kenmore Aged Care Facility","129 Brookfield Rd","","","KENMORE HILLS","QLD","4069","-27.50057396333855","152.9330220547802",3108706,13741,"",23/04/2025,23/04/2025,"9:00","13:00"
"4","QLD","Ryan                            ",28,"Special Hospital Team 2                                         ","Regis Ferny Grove","39 Lanita Rd","","","FERNY GROVE","QLD","4055","-27.3976436350035","152.931413503334",3110407,63694,"",30/04/2025,30/04/2025,"9:00","16:30"
"4","QLD","Ryan                            ",28,"Special Hospital Team 2                                         ","Regis Ferny Grove","39 Lanita Rd","","","FERNY GROVE","QLD","4055","-27.3976436350035","152.931413503334",3110407,63694,"",01/05/2025,01/05/2025,"9:00","16:30"
"4","QLD","Ryan                            ",28,"Special Hospital Team 2                                         ","St Vincent's Care Services Mitchelton","60 Church Rd","","","MITCHELTON","QLD","4053","-27.40795093355019","152.96748949780672",3110017,32677,"",28/04/2025,28/04/2025,"9:00","17:00"
"4","QLD","Ryan                            ",28,"Special Hospital Team 2                                         ","St Vincent's Care Services Mitchelton","60 Church Rd","","","MITCHELTON","QLD","4053","-27.40795093355019","152.96748949780672",3110017,32677,"",29/04/2025,29/04/2025,"9:00","17:00"
"4","QLD","Ryan                            ",28,"Special Hospital Team 3                                         ","Carinity Brookfield Green","139 Gold Creek Rd","","","BROOKFIELD","QLD","4069","-27.482142437196064","152.90852271681953",3108719,13716,"",30/04/2025,30/04/2025,"9:00","15:00"
"4","QLD","Ryan                            ",28,"Special Hospital Team 3                                         ","Carinity Brookfield Green","139 Gold Creek Rd","","","BROOKFIELD","QLD","4069","-27.482142437196064","152.90852271681953",3108719,13716,"",01/05/2025,01/05/2025,"9:00","14:30"
"4","QLD","Ryan                            ",28,"Special Hospital Team 3                                         ","Churches of Christ Moonah Park Aged Care","28 Blaker Rd","","","MITCHELTON","QLD","4053","-27.40813711394243","152.97148517680031",3110120,32684,"",29/04/2025,29/04/2025,"9:00","17:00"
"4","QLD","Ryan                            ",28,"Special Hospital Team 3                                         ","Regis The Gap","6 Kilbowie St","","","THE GAP","QLD","4061","-27.429161806056765","152.94372686342723",3110325,42010,"",23/04/2025,23/04/2025,"9:30","16:30"
"4","QLD","Ryan                            ",28,"Special Hospital Team 3                                         ","The Cairns Aged Care Centre at Chapel Hill","730 Moggill Rd","","","CHAPEL HILL","QLD","4069","-27.50862529961062","152.9575612272814",3108814,69453,"",22/04/2025,22/04/2025,"9:00","17:00"
"4","QLD","Ryan                            ",28,"Special Hospital Team 3                                         ","Toowong Private Hospital - Mental Health Facility","496 Milton Rd","","","TOOWONG","QLD","4066","-27.4774389416735","152.991723716832",3113719,129704,"",24/04/2025,24/04/2025,"9:00","12:30"
"4","QLD","Wide Bay                        ",29,"Other Mobile Team 1                                             ","Maryborough Correctional Centre","Stein Rd","","","ALDERSHOT","QLD","4650","-25.4810255616083","152.64953253742",3152414,123805,"",22/04/2025,22/04/2025,"9:30","16:00"
"4","QLD","Wide Bay                        ",29,"Other Mobile Team 1                                             ","Maryborough Correctional Centre","Stein Rd","","","ALDERSHOT","QLD","4650","-25.4810255616083","152.64953253742",3152414,123805,"",23/04/2025,23/04/2025,"9:30","16:00"
"4","QLD","Wide Bay                        ",29,"Remote Mobile Team 1                                            ","Orchid Beach Community Building","Lot 8 Ngkala Rd","","","ORCHID BEACH","QLD","4581","-24.960402546513702","153.31468985069537",3152217,123829,"",28/04/2025,28/04/2025,"9:30","12:30"
"4","QLD","Wide Bay                        ",29,"Special Hospital Team 1                                         ","Blue Care Gympie Grevillea Gardens Aged Care Facility","23 Ramsey Rd","","","SOUTHSIDE","QLD","4570","-26.20360009","152.65031585",3151307,123052,"",30/04/2025,30/04/2025,"9:00","13:30"
"4","QLD","Wide Bay                        ",29,"Special Hospital Team 1                                         ","Blue Care Gympie Grevillea Gardens Aged Care Facility","23 Ramsey Rd","","","SOUTHSIDE","QLD","4570","-26.20360009","152.65031585",3151307,123052,"",01/05/2025,01/05/2025,"9:30","12:00"
"4","QLD","Wide Bay                        ",29,"Special Hospital Team 1                                         ","Blue Care Ny-Ku Byun Elders Village","1 Fisher St","","","CHERBOURG","QLD","4605","-26.28902914","151.95666879",3150613,123063,"",23/04/2025,23/04/2025,"14:30","16:00"
"4","QLD","Wide Bay                        ",29,"Special Hospital Team 1                                         ","Estia Health Gympie","30-32 Barter St","","","GYMPIE","QLD","4570","-26.18955209","152.65633785",3151213,123056,"",24/04/2025,24/04/2025,"9:00","16:00"
"4","QLD","Wide Bay                        ",29,"Special Hospital Team 1                                         ","Lutheran Services - Cooinda Aged Care Centre","2 Cooinda St","","","GYMPIE","QLD","4570","-26.1709302","152.66262992",3151239,123055,"",28/04/2025,28/04/2025,"9:00","15:30"
"4","QLD","Wide Bay                        ",29,"Special Hospital Team 1                                         ","Lutheran Services - Cooinda Aged Care Centre","2 Cooinda St","","","GYMPIE","QLD","4570","-26.1709302","152.66262992",3151239,123055,"",29/04/2025,29/04/2025,"9:00","15:30"
"4","QLD","Wide Bay                        ",29,"Special Hospital Team 1                                         ","Residency by Dillons Tin Can Bay","26 Coral Trout Rd","","","TIN CAN BAY","QLD","4580","-25.919959","153.004336",3151106,123054,"",22/04/2025,22/04/2025,"10:30","14:00"
"4","QLD","Wide Bay                        ",29,"Special Hospital Team 1                                         ","Southern Cross Care Murgon - Castra","2 Cooper St","","","MURGON","QLD","4605","-26.23420672","151.94935213",3150625,123053,"",23/04/2025,23/04/2025,"10:00","12:30"
"4","QLD","Wide Bay                        ",29,"Special Hospital Team 1                                         ","St Vincent's Care Services Gympie","29 Bligh St","","","GYMPIE","QLD","4570","-26.19324","152.66592",3151218,123064,"",01/05/2025,01/05/2025,"14:00","16:00"
"4","QLD","Wide Bay                        ",29,"Special Hospital Team 2                                         ","Blue Care Sunrise Beach","4 Grasstree Ct","","","SUNRISE BEACH","QLD","4567","-26.41165","153.09932",3143702,128197,"",02/05/2025,02/05/2025,"10:00","13:30"
"4","QLD","Wide Bay                        ",29,"Special Hospital Team 2                                         ","Estia Health Noosa","119 Moorindil St","","","TEWANTIN","QLD","4565","-26.38240212","153.03766801",3143816,121718,"",01/05/2025,01/05/2025,"9:00","16:00"
"4","QLD","Wide Bay                        ",29,"Special Hospital Team 2                                         ","NoosaCare Carramar ","186 Cooroy Noosa Rd","","","TEWANTIN","QLD","4565","-26.3982855","153.01071207",3143827,123047,"",29/04/2025,29/04/2025,"9:00","15:00"
"4","QLD","Wide Bay                        ",29,"Special Hospital Team 2                                         ","NoosaCare Carramar ","186 Cooroy Noosa Rd","","","TEWANTIN","QLD","4565","-26.3982855","153.01071207",3143827,123047,"",30/04/2025,30/04/2025,"9:00","14:30"
"4","QLD","Wide Bay                        ",29,"Special Hospital Team 2                                         ","NoosaCare Kabara","20 Topaz St","","","COOROY","QLD","4563","-26.4215449755749","152.914900306476",3154925,126339,"",23/04/2025,23/04/2025,"9:00","17:00"
"4","QLD","Wide Bay                        ",29,"Special Hospital Team 2                                         ","Ozcare Noosa Heads Aged Care Facility","80 Cooyar St","","","NOOSA HEADS","QLD","4567","-26.4061808","153.0909077",3143401,123049,"",28/04/2025,28/04/2025,"9:00","15:00"
"4","QLD","Wide Bay                        ",29,"Special Hospital Team 3                                         ","Bolton Clarke Chelsea","110 Tooley St","","","MARYBOROUGH","QLD","4650","-25.533781","152.692805",3152450,123060,"",28/04/2025,28/04/2025,"9:00","15:00"
"4","QLD","Wide Bay                        ",29,"Special Hospital Team 3                                         ","Churches of Christ Care Fairhaven Aged Care Service Maryborough","15 Morning St","","","MARYBOROUGH","QLD","4650","-25.5299287048133","152.677922748762",3152447,123059,"",29/04/2025,29/04/2025,"9:30","14:30"
"4","QLD","Wide Bay                        ",29,"Special Hospital Team 3                                         ","Groundwater Lodge","165 Arnaud St","","","GRANVILLE","QLD","4650","-25.5425765992302","152.721478292962",3152303,123058,"",01/05/2025,01/05/2025,"9:30","11:00"
"4","QLD","Wide Bay                        ",29,"Special Hospital Team 3                                         ","Maryborough Community Aged Care","15 Iindah Rd E","","","TINANA","QLD","4650","-25.55924659","152.66970067",3152606,123057,"",23/04/2025,23/04/2025,"10:00","15:30"
"4","QLD","Wide Bay                        ",29,"Special Hospital Team 3                                         ","Maryborough Community Aged Care","15 Iindah Rd E","","","TINANA","QLD","4650","-25.55924659","152.66970067",3152606,123057,"",24/04/2025,24/04/2025,"10:00","15:30"
"4","QLD","Wide Bay                        ",29,"Special Hospital Team 3                                         ","Yaralla Place","2 Winston Noble Dr","","","MARYBOROUGH","QLD","4650","-25.5215827361022","152.69162736842",3152410,123061,"",30/04/2025,30/04/2025,"9:00","15:00"
"4","QLD","Wright                          ",30,"Other Mobile Team 1                                             ","Palen Creek Correctional Centre","41 Mount Lindesay Hwy","","","RATHDOWNEY","QLD","4287","-28.20889182","152.86419499",3130525,31624,"",30/04/2025,30/04/2025,"13:00","15:00"
"4","QLD","Wright                          ",30,"Other Mobile Team 1                                             ","Palen Creek Correctional Centre","41 Mount Lindesay Hwy","","","RATHDOWNEY","QLD","4287","-28.20889182","152.86419499",3130525,31624,"",30/04/2025,30/04/2025,"9:00","12:30"
"4","QLD","Wright                          ",30,"Other Mobile Team 2                                             ","Numinbah Correctional Centre","2458 Nerang-Murwillumbah Rd","","","NUMINBAH VALLEY","QLD","4211","-28.1513992","153.2262314",3124104,31623,"",01/05/2025,01/05/2025,"9:00","12:00"
"4","QLD","Wright                          ",30,"Other Mobile Team 3                                             ","Southern Queensland Correctional Centre","Millers Rd","","","SPRING CREEK","QLD","4811","-27.47128","152.30272",3128026,123808,"",29/04/2025,29/04/2025,"12:00","16:00"
"4","QLD","Wright                          ",30,"Other Mobile Team 3                                             ","Southern Queensland Correctional Centre","Millers Rd","","","SPRING CREEK","QLD","4811","-27.47128","152.30272",3128026,123808,"",29/04/2025,29/04/2025,"8:30","11:00"
"4","QLD","Wright                          ",30,"Special Hospital Team 1                                         ","Beaumont Care Roslyn Lodge","24 Main Western Rd","","","TAMBORINE MOUNTAIN","QLD","4272","-27.92979","153.18473",3124228,123307,"",28/04/2025,28/04/2025,"9:00","12:00"
"4","QLD","Wright                          ",30,"Special Hospital Team 1                                         ","Churches of Christ Homesteads Aged Care Service","64 Billabirra Cres","","","NERANG","QLD","4211","-27.988143","153.316008",3124838,34355,"",29/04/2025,29/04/2025,"12:20","16:00"
"4","QLD","Wright                          ",30,"Special Hospital Team 1                                         ","Churches of Christ Homesteads Aged Care Service","64 Billabirra Cres","","","NERANG","QLD","4211","-27.988143","153.316008",3124838,34355,"",29/04/2025,29/04/2025,"9:00","12:00"
"4","QLD","Wright                          ",30,"Special Hospital Team 1                                         ","Estia Health Mudgeeraba","21-25 Old Coach Rd","","","TALLAI","QLD","4213","-28.07225","153.35228",3125009,13415,"",30/04/2025,30/04/2025,"12:30","16:00"
"4","QLD","Wright                          ",30,"Special Hospital Team 1                                         ","Estia Health Mudgeeraba","21-25 Old Coach Rd","","","TALLAI","QLD","4213","-28.07225","153.35228",3125009,13415,"",30/04/2025,30/04/2025,"9:00","12:00"
"4","QLD","Wright                          ",30,"Special Hospital Team 2                                         ","Churches of Christ Fassifern Aged Care Service","3 Harold Stark Ave","","","BOONAH","QLD","4310","-27.9918355","152.6913518",3127716,32329,"",23/04/2025,23/04/2025,"12:00","17:00"
"4","QLD","Wright                          ",30,"Special Hospital Team 2                                         ","Churches of Christ Fassifern Aged Care Service","3 Harold Stark Ave","","","BOONAH","QLD","4310","-27.9918355","152.6913518",3127716,32329,"",23/04/2025,23/04/2025,"9:00","11:30"
"4","QLD","Wright                          ",30,"Special Hospital Team 2                                         ","Jimboomba Community Aged Care","21 East St","","","JIMBOOMBA","QLD","4280","-27.835672","153.033822",3157007,123308,"",28/04/2025,28/04/2025,"13:30","15:00"
"4","QLD","Wright                          ",30,"Special Hospital Team 2                                         ","Jimboomba Community Aged Care","21 East St","","","JIMBOOMBA","QLD","4280","-27.835672","153.033822",3157007,123308,"",28/04/2025,28/04/2025,"9:00","13:00"
"4","QLD","Wright                          ",30,"Special Hospital Team 2                                         ","Whiddon Beaudesert Star","14 Brooklands Dr","","","BEAUDESERT","QLD","4285","-27.99527","153.020423",3130532,32331,"",22/04/2025,22/04/2025,"12:30","16:00"
"4","QLD","Wright                          ",30,"Special Hospital Team 2                                         ","Whiddon Beaudesert Star","14 Brooklands Dr","","","BEAUDESERT","QLD","4285","-27.99527","153.020423",3130532,32331,"",22/04/2025,22/04/2025,"9:00","12:00"
"4","QLD","Wright                          ",30,"Special Hospital Team 2                                         ","Wongaburra Garden Settlement Hostel","210-218 Brisbane St","","","BEAUDESERT","QLD","4285","-27.969705975836","152.994575944194",3130505,32326,"",30/04/2025,30/04/2025,"13:00","16:00"
"4","QLD","Wright                          ",30,"Special Hospital Team 2                                         ","Wongaburra Garden Settlement Hostel","210-218 Brisbane St","","","BEAUDESERT","QLD","4285","-27.969705975836","152.994575944194",3130505,32326,"",30/04/2025,30/04/2025,"9:00","12:30"
"4","QLD","Wright                          ",30,"Special Hospital Team 3                                         ","Carinity Karinya Place","26 Samuel St","","","LAIDLEY","QLD","4341","-27.63194","152.40139",3128034,13632,"",23/04/2025,23/04/2025,"9:00","13:00"
"4","QLD","Wright                          ",30,"Special Hospital Team 3                                         ","Lockyer Community Centre","14 Crescent St","","","GATTON","QLD","4343","-27.55484296","152.27676014",3144808,130597,"",29/04/2025,29/04/2025,"9:00","12:00"
"4","QLD","Wright                          ",30,"Special Hospital Team 3                                         ","Lutheran Services - Tabeel","27 Ambrose St","","","LAIDLEY","QLD","4341","-27.6301773438523","152.395996622139",3128018,13648,"",28/04/2025,28/04/2025,"9:00","13:00"
"4","QLD","Wright                          ",30,"Special Hospital Team 3                                         ","Regis Gatton","22 Dawson Dr","","","GATTON","QLD","4343","-27.566162","152.281878",3144810,41711,"",30/04/2025,30/04/2025,"9:00","13:00"
"5","SA","Adelaide                        ",1,"Other Mobile Team 1                                             ","Adelaide Remand Centre","208 Currie St","","","ADELAIDE","SA","5000","-34.92462966808443","138.59004772201266",4100122,123777,"",23/04/2025,23/04/2025,"13:30","16:30"
"5","SA","Adelaide                        ",1,"Other Mobile Team 1                                             ","Adelaide Remand Centre","208 Currie St","","","ADELAIDE","SA","5000","-34.92462966808443","138.59004772201266",4100122,123777,"",23/04/2025,23/04/2025,"8:30","11:30"
"5","SA","Adelaide                        ",1,"Other Mobile Team 1                                             ","Carrington Cottages","154-160 Carrington St","","","ADELAIDE","SA","5000","-34.93110153150113","138.60597055283628",4100155,123363,"",22/04/2025,22/04/2025,"9:00","11:30"
"5","SA","Adelaide                        ",1,"Other Mobile Team 1                                             ","Common Ground - Adelaide","73 - 79 Light Sq","","","ADELAIDE","SA","5000","-34.92590945","138.59267964",4100161,121107,"",29/04/2025,29/04/2025,"9:00","11:30"
"5","SA","Adelaide                        ",1,"Other Mobile Team 1                                             ","Hutt St Centre","258 - 262 Hutt St","","","ADELAIDE","SA","5000","-34.9342518992655","138.612890801182",4100101,71439,"",28/04/2025,28/04/2025,"9:00","12:00"
"5","SA","Adelaide                        ",1,"Other Mobile Team 1                                             ","Hutt St Centre","258 - 262 Hutt St","","","ADELAIDE","SA","5000","-34.9342518992655","138.612890801182",4100101,71439,"",01/05/2025,01/05/2025,"9:00","12:00"
"5","SA","Adelaide                        ",1,"Other Mobile Team 1                                             ","Ramsay Clinic Adelaide","33-36 Park Tce","","","GILBERTON","SA","5081","-34.906726703620066","138.61316575337395",4102208,143418,"",28/04/2025,28/04/2025,"14:00","16:00"
"5","SA","Adelaide                        ",1,"Other Mobile Team 1                                             ","St John's Youth Services Youth110","110 Waymouth St","","","ADELAIDE","SA","5000","-34.925689216093","138.59575546672784",4100147,123365,"",24/04/2025,24/04/2025,"9:00","10:00"
"5","SA","Adelaide                        ",1,"Other Mobile Team 1                                             ","Vinnies Men's Crisis Centre","28 Whitmore Sq","","","ADELAIDE","SA","5000","-34.93256517189368","138.59510082783208",4100151,123364,"",24/04/2025,24/04/2025,"11:00","12:00"
"5","SA","Adelaide                        ",1,"Special Hospital Team 1                                         ","Eldercare Goodwood","21 Victoria St","","","GOODWOOD","SA","5034","-34.95393097","138.58755025",4102322,143466,"",23/04/2025,23/04/2025,"9:30","12:00"
"5","SA","Adelaide                        ",1,"Special Hospital Team 1                                         ","Eldercare The Lodge","14 - 24 King William Rd","","","WAYVILLE","SA","5034","-34.94574105453393","138.59891183941875",4102320,122382,"",24/04/2025,24/04/2025,"12:00","13:30"
"5","SA","Adelaide                        ",1,"Special Hospital Team 1                                         ","Eldercare The Lodge","14 - 24 King William Rd","","","WAYVILLE","SA","5034","-34.94574105453393","138.59891183941875",4102320,122382,"",24/04/2025,24/04/2025,"9:00","11:30"
"5","SA","Adelaide                        ",1,"Special Hospital Team 1                                         ","Eldercare The Lodge","14 - 24 King William Rd","","","WAYVILLE","SA","5034","-34.94574105453393","138.59891183941875",4102320,122382,"",30/04/2025,30/04/2025,"12:00","13:00"
"5","SA","Adelaide                        ",1,"Special Hospital Team 1                                         ","Eldercare The Lodge","14 - 24 King William Rd","","","WAYVILLE","SA","5034","-34.94574105453393","138.59891183941875",4102320,122382,"",30/04/2025,30/04/2025,"9:00","11:30"
"5","SA","Adelaide                        ",1,"Special Hospital Team 1                                         ","Estia Health - Parkside","17 Robsart St","","","PARKSIDE","SA","5063","-34.94522057784401","138.6190338707791",4102415,126347,"",01/05/2025,01/05/2025,"9:00","12:00"
"5","SA","Adelaide                        ",1,"Special Hospital Team 1                                         ","Living Solutions Aldridge Court","109-111 Young St","","","PARKSIDE","SA","5063","-34.9443984049058","138.6126664935713",4102452,122757,"",22/04/2025,22/04/2025,"9:00","10:30"
"5","SA","Adelaide                        ",1,"Special Hospital Team 1                                         ","Resthaven - Malvern","43 Marlborough St","","","MALVERN","SA","5061","-34.959122","138.611908",4102437,122755,"",29/04/2025,29/04/2025,"9:30","13:00"
"5","SA","Adelaide                        ",1,"Special Hospital Team 1                                         ","Southern Cross Care Fullarton Residential Care","345 Fullarton Rd","","","FULLARTON","SA","5063","-34.952892655313086","138.62520095503788",4102425,122758,"",22/04/2025,22/04/2025,"13:00","15:00"
"5","SA","Adelaide                        ",1,"Special Hospital Team 1                                         ","St Louis Nursing Home","21 Foster St","","","PARKSIDE","SA","5063","-34.950755089684","138.620418848959",4102418,122754,"",28/04/2025,28/04/2025,"9:00","12:00"
"5","SA","Adelaide                        ",1,"Special Hospital Team 2                                         ","AnglicareSA - Brompton ","2-10 First St","","","BROMPTON","SA","5007","-34.90275053113612","138.57176924729137",4109319,122752,"",28/04/2025,28/04/2025,"9:00","11:00"
"5","SA","Adelaide                        ",1,"Special Hospital Team 2                                         ","Ashman Grove Residential Aged Care","58 Chief St","","","BROMPTON","SA","5007","-34.90007169980847","138.57722830869264",4109321,122751,"",24/04/2025,24/04/2025,"9:00","12:00"
"5","SA","Adelaide                        ",1,"Special Hospital Team 2                                         ","Bupa - Enfield","5 Bradford Ct","","","ENFIELD","SA","5085","-34.8708851886238","138.607078176012",4103644,122374,"",01/05/2025,01/05/2025,"12:30","13:30"
"5","SA","Adelaide                        ",1,"Special Hospital Team 2                                         ","Bupa - Enfield","5 Bradford Ct","","","ENFIELD","SA","5085","-34.8708851886238","138.607078176012",4103644,122374,"",01/05/2025,01/05/2025,"9:00","12:00"
"5","SA","Adelaide                        ",1,"Special Hospital Team 2                                         ","Infinite Care Churchill Retreat","470 Churchill Rd","","","KILBURN","SA","5084","-34.85704501113766","138.5823464816072",4103646,126364,"",29/04/2025,29/04/2025,"9:00","11:00"
"5","SA","Adelaide                        ",1,"Special Hospital Team 2                                         ","Ridleyton Greek Home for the Aged","89 Hawker St","","","BROMPTON","SA","5007","-34.89453811351511","138.57268674394965",4109344,50094,"",23/04/2025,23/04/2025,"12:30","17:00"
"5","SA","Adelaide                        ",1,"Special Hospital Team 2                                         ","Ridleyton Greek Home for the Aged","89 Hawker St","","","BROMPTON","SA","5007","-34.89453811351511","138.57268674394965",4109344,50094,"",23/04/2025,23/04/2025,"9:00","12:00"
"5","SA","Adelaide                        ",1,"Special Hospital Team 2                                         ","St Anna's Residential and Home Care","41 Burley Griffin Blvd","","","BROMPTON","SA","5007","-34.89812708977947","138.57109567775012",4109320,122753,"",30/04/2025,30/04/2025,"12:00","13:00"
"5","SA","Adelaide                        ",1,"Special Hospital Team 2                                         ","St Anna's Residential and Home Care","41 Burley Griffin Blvd","","","BROMPTON","SA","5007","-34.89812708977947","138.57109567775012",4109320,122753,"",30/04/2025,30/04/2025,"9:00","11:30"
"5","SA","Adelaide                        ",1,"Special Hospital Team 3                                         ","Bolton Clarke - Walkerville","160 Walkerville Tce","","","WALKERVILLE","SA","5081","-34.892604","138.622391",4102201,12956,"",23/04/2025,23/04/2025,"9:30","12:30"
"5","SA","Adelaide                        ",1,"Special Hospital Team 3                                         ","Bolton Clarke - Walkerville","160 Walkerville Tce","","","WALKERVILLE","SA","5081","-34.892604","138.622391",4102201,12956,"",24/04/2025,24/04/2025,"9:30","12:30"
"5","SA","Adelaide                        ",1,"Special Hospital Team 3                                         ","Clayton Church Homes - Prospect","156 Main North Rd","","","PROSPECT","SA","5082","-34.88524734887889","138.60254153228988",4102121,122372,"",01/05/2025,01/05/2025,"9:00","11:30"
"5","SA","Adelaide                        ",1,"Special Hospital Team 3                                         ","Helping Hand - Lightsview","1 East Pkwy","","","LIGHTSVIEW","SA","5085","-34.861806131938806","138.6359446333174",4117532,122375,"",22/04/2025,22/04/2025,"13:00","14:30"
"5","SA","Adelaide                        ",1,"Special Hospital Team 3                                         ","Helping Hand - Lightsview","1 East Pkwy","","","LIGHTSVIEW","SA","5085","-34.861806131938806","138.6359446333174",4117532,122375,"",22/04/2025,22/04/2025,"9:00","12:30"
"5","SA","Adelaide                        ",1,"Special Hospital Team 3                                         ","Oakwood Aged Care","6 Ellis St","","","ENFIELD","SA","5085","-34.86471931015679","138.60710492141854",4103642,122373,"",30/04/2025,30/04/2025,"12:30","13:30"
"5","SA","Adelaide                        ",1,"Special Hospital Team 3                                         ","Oakwood Aged Care","6 Ellis St","","","ENFIELD","SA","5085","-34.86471931015679","138.60710492141854",4103642,122373,"",30/04/2025,30/04/2025,"9:00","12:00"
"5","SA","Adelaide                        ",1,"Special Hospital Team 3                                         ","Southern Cross Care Labrina Village Residential Care","63-71 Labrina Ave","","","PROSPECT","SA","5082","-34.88800347350823","138.60098602524317",4102121,122376,"",28/04/2025,28/04/2025,"13:30","15:00"
"5","SA","Adelaide                        ",1,"Special Hospital Team 4                                         ","Elpida House","16 Lurline St","","","MILE END","SA","5031","-34.92553226689107","138.5675382002239",4110820,122380,"",23/04/2025,23/04/2025,"9:00","11:00"
"5","SA","Adelaide                        ",1,"Special Hospital Team 4                                         ","Helping Hand - North Adelaide","49 Buxton St","","","NORTH ADELAIDE","SA","5006","-34.906398914543765","138.58945292373505",4100208,12940,"",22/04/2025,22/04/2025,"12:30","16:00"
"5","SA","Adelaide                        ",1,"Special Hospital Team 4                                         ","Helping Hand - North Adelaide","49 Buxton St","","","NORTH ADELAIDE","SA","5006","-34.906398914543765","138.58945292373505",4100208,12940,"",22/04/2025,22/04/2025,"9:00","12:00"
"5","SA","Adelaide                        ",1,"Special Hospital Team 4                                         ","One Care Support Hindmarsh Lodge","88 - 94 Robert St","","","WEST CROYDON","SA","5008","-34.89254542670044","138.5597661570519",4109337,122379,"",23/04/2025,23/04/2025,"13:00","14:00"
"5","SA","Adelaide                        ",1,"Special Hospital Team 4                                         ","RSL Care SA Morlancourt","18 Trafford St","","","ANGLE PARK","SA","5010","-34.86063766869055","138.55724548910257",4110243,122377,"",29/04/2025,29/04/2025,"9:00","12:30"
"5","SA","Adelaide                        ",1,"Special Hospital Team 4                                         ","Salvation Army Linsell Lodge Aged Care Centre","2-16 Cardigan St","","","ANGLE PARK","SA","5010","-34.85528","138.55724",4110248,122378,"",01/05/2025,01/05/2025,"9:00","12:00"
"5","SA","Adelaide                        ",1,"Special Hospital Team 4                                         ","St Basil's - Croydon Park","83-93 Regency Rd","","","CROYDON PARK","SA","5008","-34.87596512879643","138.56017856713066",4110217,122750,"",28/04/2025,28/04/2025,"9:00","12:00"
"5","SA","Adelaide                        ",1,"Special Hospital Team 5                                         ","Calvary Flora McDonald","206 Sir Donald Bradman Dr","","","COWANDILLA","SA","5033","-34.93215198602569","138.55883541083043",4110816,89731,"",22/04/2025,22/04/2025,"12:30","16:30"
"5","SA","Adelaide                        ",1,"Special Hospital Team 5                                         ","Calvary Flora McDonald","206 Sir Donald Bradman Dr","","","COWANDILLA","SA","5033","-34.93215198602569","138.55883541083043",4110816,89731,"",22/04/2025,22/04/2025,"9:00","12:00"
"5","SA","Adelaide                        ",1,"Special Hospital Team 5                                         ","Calvary Flora McDonald","206 Sir Donald Bradman Dr","","","COWANDILLA","SA","5033","-34.93215198602569","138.55883541083043",4110816,89731,"",23/04/2025,23/04/2025,"12:30","14:30"
"5","SA","Adelaide                        ",1,"Special Hospital Team 5                                         ","Calvary Flora McDonald","206 Sir Donald Bradman Dr","","","COWANDILLA","SA","5033","-34.93215198602569","138.55883541083043",4110816,89731,"",23/04/2025,23/04/2025,"9:00","12:00"
"5","SA","Adelaide                        ",1,"Special Hospital Team 5                                         ","Everard Park Community ","34 Norman Tce","","","EVERARD PARK","SA","5035","-34.956510832686945","138.57547137984238",4102339,12948,"",01/05/2025,01/05/2025,"9:30","13:00"
"5","SA","Adelaide                        ",1,"Special Hospital Team 5                                         ","Regis - Marleston","18 Cudmore Tce","","","MARLESTON","SA","5033","-34.94453330935437","138.55918051617357",4110717,122381,"",28/04/2025,28/04/2025,"12:30","16:30"
"5","SA","Adelaide                        ",1,"Special Hospital Team 5                                         ","Southern Cross Care Bucklands Residential Care","333 Marion Rd","","","NORTH PLYMPTON","SA","5037","-34.95614432414918","138.55508242583983",4110704,50448,"",29/04/2025,29/04/2025,"12:30","14:00"
"5","SA","Adelaide                        ",1,"Special Hospital Team 5                                         ","Southern Cross Care Bucklands Residential Care","333 Marion Rd","","","NORTH PLYMPTON","SA","5037","-34.95614432414918","138.55508242583983",4110704,50448,"",29/04/2025,29/04/2025,"9:00","12:00"
"5","SA","Adelaide                        ",1,"Special Hospital Team 5                                         ","Southern Cross Care Bucklands Residential Care","333 Marion Rd","","","NORTH PLYMPTON","SA","5037","-34.95614432414918","138.55508242583983",4110704,50448,"",30/04/2025,30/04/2025,"12:30","14:00"
"5","SA","Adelaide                        ",1,"Special Hospital Team 5                                         ","Southern Cross Care Bucklands Residential Care","333 Marion Rd","","","NORTH PLYMPTON","SA","5037","-34.95614432414918","138.55508242583983",4110704,50448,"",30/04/2025,30/04/2025,"9:00","12:00"
"5","SA","Adelaide                        ",1,"Special Hospital Team 6                                         ","Ashford Hospital","55 Anzac Hwy","","","ASHFORD","SA","5035","-34.9481795278467","138.576773986114",4110735,128202,"Level 1 Sacred Space",22/04/2025,22/04/2025,"13:00","15:30"
"5","SA","Adelaide                        ",1,"Special Hospital Team 6                                         ","Ashford Hospital","55 Anzac Hwy","","","ASHFORD","SA","5035","-34.9481795278467","138.576773986114",4110735,128202,"Level 1 Sacred Space",22/04/2025,22/04/2025,"9:30","12:30"
"5","SA","Adelaide                        ",1,"Special Hospital Team 6                                         ","Ashford Hospital","55 Anzac Hwy","","","ASHFORD","SA","5035","-34.9481795278467","138.576773986114",4110735,128202,"Level 1 Sacred Space",23/04/2025,23/04/2025,"13:00","15:30"
"5","SA","Adelaide                        ",1,"Special Hospital Team 6                                         ","Ashford Hospital","55 Anzac Hwy","","","ASHFORD","SA","5035","-34.9481795278467","138.576773986114",4110735,128202,"Level 1 Sacred Space",23/04/2025,23/04/2025,"9:30","12:30"
"5","SA","Adelaide                        ",1,"Special Hospital Team 6                                         ","Ashford Hospital","55 Anzac Hwy","","","ASHFORD","SA","5035","-34.9481795278467","138.576773986114",4110735,128202,"Service 2",24/04/2025,24/04/2025,"14:00","17:00"
"5","SA","Adelaide                        ",1,"Special Hospital Team 6                                         ","Ashford Hospital","55 Anzac Hwy","","","ASHFORD","SA","5035","-34.9481795278467","138.576773986114",4110735,128202,"Service 2",24/04/2025,24/04/2025,"9:30","13:30"
"5","SA","Adelaide                        ",1,"Special Hospital Team 6                                         ","Ashford Hospital","55 Anzac Hwy","","","ASHFORD","SA","5035","-34.9481795278467","138.576773986114",4110735,128202,"Service 2",28/04/2025,28/04/2025,"13:00","15:00"
"5","SA","Adelaide                        ",1,"Special Hospital Team 6                                         ","Ashford Hospital","55 Anzac Hwy","","","ASHFORD","SA","5035","-34.9481795278467","138.576773986114",4110735,128202,"Service 2",28/04/2025,28/04/2025,"9:00","12:30"
"5","SA","Adelaide                        ",1,"Special Hospital Team 6                                         ","Baptist Care SA","216 Wright St","","","ADELAIDE","SA","5000","-34.93171550863984","138.59228639200805",4100119,143430,"",30/04/2025,30/04/2025,"9:00","11:00"
"5","SA","Adelaide                        ",1,"Special Hospital Team 7                                         ","Calvary Adelaide Hospital","120 Angas St","","","ADELAIDE","SA","5000","-34.92956","138.60558",4100142,128203,"McKillop Ward Lounge",22/04/2025,22/04/2025,"14:00","17:00"
"5","SA","Adelaide                        ",1,"Special Hospital Team 7                                         ","Calvary Adelaide Hospital","120 Angas St","","","ADELAIDE","SA","5000","-34.92956","138.60558",4100142,128203,"McKillop Ward Lounge",22/04/2025,22/04/2025,"9:30","13:30"
"5","SA","Adelaide                        ",1,"Special Hospital Team 7                                         ","Calvary Adelaide Hospital","120 Angas St","","","ADELAIDE","SA","5000","-34.92956","138.60558",4100142,128203,"McKillop Ward Lounge",23/04/2025,23/04/2025,"14:00","16:30"
"5","SA","Adelaide                        ",1,"Special Hospital Team 7                                         ","Calvary Adelaide Hospital","120 Angas St","","","ADELAIDE","SA","5000","-34.92956","138.60558",4100142,128203,"McKillop Ward Lounge",23/04/2025,23/04/2025,"9:30","13:30"
"5","SA","Adelaide                        ",1,"Special Hospital Team 7                                         ","Calvary Adelaide Hospital","120 Angas St","","","ADELAIDE","SA","5000","-34.92956","138.60558",4100142,128203,"McKillop Ward Lounge",24/04/2025,24/04/2025,"14:00","16:30"
"5","SA","Adelaide                        ",1,"Special Hospital Team 7                                         ","Calvary Adelaide Hospital","120 Angas St","","","ADELAIDE","SA","5000","-34.92956","138.60558",4100142,128203,"McKillop Ward Lounge",24/04/2025,24/04/2025,"9:30","13:30"
"5","SA","Adelaide                        ",1,"Special Hospital Team 7                                         ","Calvary Adelaide Hospital","120 Angas St","","","ADELAIDE","SA","5000","-34.92956","138.60558",4100142,128203,"Service 2",28/04/2025,28/04/2025,"14:30","17:00"
"5","SA","Adelaide                        ",1,"Special Hospital Team 7                                         ","Calvary Adelaide Hospital","120 Angas St","","","ADELAIDE","SA","5000","-34.92956","138.60558",4100142,128203,"Service 2",28/04/2025,28/04/2025,"9:30","14:00"
"5","SA","Adelaide                        ",1,"Special Hospital Team 7                                         ","Calvary Adelaide Hospital","120 Angas St","","","ADELAIDE","SA","5000","-34.92956","138.60558",4100142,128203,"Service 2",29/04/2025,29/04/2025,"10:00","13:00"
"5","SA","Adelaide                        ",1,"Special Hospital Team 7                                         ","Calvary Adelaide Hospital","120 Angas St","","","ADELAIDE","SA","5000","-34.92956","138.60558",4100142,128203,"Service 2",29/04/2025,29/04/2025,"13:30","16:00"
"5","SA","Barker                          ",2,"Other Mobile Team 1                                             ","Gerard Community Council Office","8 Karpany St","","","GERARD","SA","5343","-34.37541436","140.47743006",4115914,143547,"",23/04/2025,23/04/2025,"10:00","12:00"
"5","SA","Barker                          ",2,"Other Mobile Team 1                                             ","Moorundi Aboriginal Community Controlled Health Service","1  Wharf Rd","","","MURRAY BRIDGE","SA","5253","-35.11665","139.27947219400787",4116511,130587,"",30/04/2025,30/04/2025,"10:30","12:30"
"5","SA","Barker                          ",2,"Other Mobile Team 1                                             ","Moorundi Aboriginal Community Controlled Health Service","1  Wharf Rd","","","MURRAY BRIDGE","SA","5253","-35.11665","139.27947219400787",4116511,130587,"",30/04/2025,30/04/2025,"13:00","14:30"
"5","SA","Barker                          ",2,"Other Mobile Team 1                                             ","Raukkan Community Council Office","1 Seymour St","","","NARRUNG","SA","5259","-35.50768046","139.13276738",4116919,143546,"",22/04/2025,22/04/2025,"11:00","14:00"
"5","SA","Barker                          ",2,"Other Mobile Team 2                                             ","Cadell Training Centre","Boden Rd","","","CADELL","SA","5321","-34.05722122878519","139.7583757517724",4117002,123768,"",24/04/2025,24/04/2025,"13:00","15:30"
"5","SA","Barker                          ",2,"Other Mobile Team 2                                             ","Cadell Training Centre","Boden Rd","","","CADELL","SA","5321","-34.05722122878519","139.7583757517724",4117002,123768,"",24/04/2025,24/04/2025,"9:30","12:00"
"5","SA","Barker                          ",2,"Other Mobile Team 2                                             ","Mobilong Prison","434 Maurice Rd","","","MURRAY BRIDGE","SA","5253","-35.113","139.233",4116537,123770,"",22/04/2025,22/04/2025,"12:45","16:00"
"5","SA","Barker                          ",2,"Other Mobile Team 2                                             ","Mobilong Prison","434 Maurice Rd","","","MURRAY BRIDGE","SA","5253","-35.113","139.233",4116537,123770,"",22/04/2025,22/04/2025,"9:15","11:45"
"5","SA","Barker                          ",2,"Other Mobile Team 2                                             ","Mobilong Prison","434 Maurice Rd","","","MURRAY BRIDGE","SA","5253","-35.113","139.233",4116537,123770,"",23/04/2025,23/04/2025,"12:45","16:00"
"5","SA","Barker                          ",2,"Other Mobile Team 2                                             ","Mobilong Prison","434 Maurice Rd","","","MURRAY BRIDGE","SA","5253","-35.113","139.233",4116537,123770,"",23/04/2025,23/04/2025,"9:15","11:45"
"5","SA","Barker                          ",2,"Other Mobile Team 2                                             ","Mount Gambier Prison","871 Carpenter Rocks Rd","","","MOORAK","SA","5291","-37.859","140.685",4115009,123772,"",29/04/2025,29/04/2025,"13:00","16:30"
"5","SA","Barker                          ",2,"Other Mobile Team 2                                             ","Mount Gambier Prison","871 Carpenter Rocks Rd","","","MOORAK","SA","5291","-37.859","140.685",4115009,123772,"",29/04/2025,29/04/2025,"8:45","11:45"
"5","SA","Barker                          ",2,"Other Mobile Team 2                                             ","Mount Gambier Prison","871 Carpenter Rocks Rd","","","MOORAK","SA","5291","-37.859","140.685",4115009,123772,"",30/04/2025,30/04/2025,"13:00","16:30"
"5","SA","Barker                          ",2,"Other Mobile Team 2                                             ","Mount Gambier Prison","871 Carpenter Rocks Rd","","","MOORAK","SA","5291","-37.859","140.685",4115009,123772,"",30/04/2025,30/04/2025,"8:45","11:45"
"5","SA","Barker                          ",2,"Special Hospital Team 1                                         ","Boneham Aged Care Services","82 Williams Rd","","","MILLICENT","SA","5280","-37.598586","140.351548",4115205,12962,"",24/04/2025,24/04/2025,"13:00","15:00"
"5","SA","Barker                          ",2,"Special Hospital Team 1                                         ","Boneham Aged Care Services","82 Williams Rd","","","MILLICENT","SA","5280","-37.598586","140.351548",4115205,12962,"",24/04/2025,24/04/2025,"9:30","12:30"
"5","SA","Barker                          ",2,"Special Hospital Team 1                                         ","Kingston Hospital - Elanora","28 Young St","","","KINGSTON SE","SA","5275","-36.83555023","139.84981772",4115101,143459,"",23/04/2025,23/04/2025,"13:00","14:00"
"5","SA","Barker                          ",2,"Special Hospital Team 1                                         ","Kingston Hospital - Lighthouse Lodge","12 Acraman St","","","KINGSTON SE","SA","5275","-36.8361759438637","139.84843112059815",4115101,122828,"",23/04/2025,23/04/2025,"10:00","11:30"
"5","SA","Barker                          ",2,"Special Hospital Team 1                                         ","Millicent District Hospital - Sheoak Lodge","Towers Rd","","","MILLICENT","SA","5280","-37.59800902772147","140.35946947670953",4115204,122816,"",22/04/2025,22/04/2025,"12:00","12:30"
"5","SA","Barker                          ",2,"Special Hospital Team 1                                         ","Millicent District Hospital - Sheoak Lodge","Towers Rd","","","MILLICENT","SA","5280","-37.59800902772147","140.35946947670953",4115204,122816,"",22/04/2025,22/04/2025,"9:30","11:30"
"5","SA","Barker                          ",2,"Special Hospital Team 2                                         ","Loxton Hospital Complex - Loxton District Nursing Home","41 Drabsch St","","","LOXTON","SA","5333","-34.45422835304626","140.56435412488446",4116213,123369,"",24/04/2025,24/04/2025,"10:00","12:00"
"5","SA","Barker                          ",2,"Special Hospital Team 2                                         ","Loxton Hospital Complex - Loxton District Nursing Home","41 Drabsch St","","","LOXTON","SA","5333","-34.45422835304626","140.56435412488446",4116213,123369,"",24/04/2025,24/04/2025,"12:30","13:30"
"5","SA","Barker                          ",2,"Special Hospital Team 2                                         ","Pinnaroo Hospital - Pinnaroo Multi-purpose Service","1 Bundey Tce","","","PINNAROO","SA","5304","-35.25773155314092","140.90256926397723",4116105,122819,"",22/04/2025,22/04/2025,"10:00","12:00"
"5","SA","Barker                          ",2,"Special Hospital Team 3                                         ","Charla Lodge","23 South Tce","","","BORDERTOWN","SA","5268","-36.31207","140.766796",4115716,143079,"",23/04/2025,23/04/2025,"9:00","12:00"
"5","SA","Barker                          ",2,"Special Hospital Team 3                                         ","Longridge Aged Care","900 Attiwill St","","","NARACOORTE","SA","5271","-36.97090504274263","140.74768636219162",4115407,122823,"",22/04/2025,22/04/2025,"9:00","12:00"
"5","SA","Barker                          ",2,"Special Hospital Team 3                                         ","Naracoorte Hospital - Moreton Bay House","101 Jenkins Tce","","","NARACOORTE","SA","5271","-36.9667757905797","140.743356035063",4115411,122825,"",24/04/2025,24/04/2025,"9:00","12:00"
"5","SA","Barker                          ",2,"Special Hospital Team 4                                         ","Lerwin Nursing Home","67 Joyce St","","","MURRAY BRIDGE","SA","5253","-35.130475","139.281055",4116514,122367,"",30/04/2025,30/04/2025,"12:30","15:00"
"5","SA","Barker                          ",2,"Special Hospital Team 4                                         ","Lerwin Nursing Home","67 Joyce St","","","MURRAY BRIDGE","SA","5253","-35.130475","139.281055",4116514,122367,"",30/04/2025,30/04/2025,"9:00","12:00"
"5","SA","Barker                          ",2,"Special Hospital Team 4                                         ","Lerwin Nursing Home","67 Joyce St","","","MURRAY BRIDGE","SA","5253","-35.130475","139.281055",4116514,122367,"",01/05/2025,01/05/2025,"12:30","15:00"
"5","SA","Barker                          ",2,"Special Hospital Team 4                                         ","Lerwin Nursing Home","67 Joyce St","","","MURRAY BRIDGE","SA","5253","-35.130475","139.281055",4116514,122367,"",01/05/2025,01/05/2025,"9:00","12:00"
"5","SA","Barker                          ",2,"Special Hospital Team 4                                         ","Meningie Hospital - Meningie Multi-purpose Service","2 South Tce","","","MENINGIE","SA","5264","-35.6928","139.336",4116902,122369,"",22/04/2025,22/04/2025,"9:30","11:30"
"5","SA","Barker                          ",2,"Special Hospital Team 4                                         ","Resthaven - Murray Bridge","53 Swanport Rd","","","MURRAY BRIDGE","SA","5253","-35.12518","139.2767",4116540,12972,"",24/04/2025,24/04/2025,"13:00","13:30"
"5","SA","Barker                          ",2,"Special Hospital Team 4                                         ","Resthaven - Murray Bridge","53 Swanport Rd","","","MURRAY BRIDGE","SA","5253","-35.12518","139.2767",4116540,12972,"",24/04/2025,24/04/2025,"9:00","12:30"
"5","SA","Barker                          ",2,"Special Hospital Team 4                                         ","Romani Aged Care","40 Tumbella Dr","","","MURRAY BRIDGE","SA","5253","-35.133846799552586","139.294931983858",4116519,122368,"",23/04/2025,23/04/2025,"9:00","12:00"
"5","SA","Barker                          ",2,"Special Hospital Team 4                                         ","Tailem Bend Hospital - Tailem Bend Multi-Purpose Service","74 Princes Hwy","","","TAILEM BEND","SA","5260","-35.25468","139.45252",4116906,122370,"",22/04/2025,22/04/2025,"14:00","16:00"
"5","SA","Barker                          ",2,"Special Hospital Team 5                                         ","Boandik Crouch Street","26 Crouch St S","","","MOUNT GAMBIER","SA","5290","-37.8340760479282","140.784435138455",4117315,34228,"",24/04/2025,24/04/2025,"9:00","12:00"
"5","SA","Barker                          ",2,"Special Hospital Team 5                                         ","Boandik Lake Terrace","101 Lake Tce E","","","MOUNT GAMBIER","SA","5290","-37.842846","140.793",4117302,12978,"",29/04/2025,29/04/2025,"12:30","13:30"
"5","SA","Barker                          ",2,"Special Hospital Team 5                                         ","Boandik Lake Terrace","101 Lake Tce E","","","MOUNT GAMBIER","SA","5290","-37.842846","140.793",4117302,12978,"",29/04/2025,29/04/2025,"9:00","12:00"
"5","SA","Barker                          ",2,"Special Hospital Team 5                                         ","Boandik St Marys","71 Boandik Tce","","","MOUNT GAMBIER","SA","5290","-37.840303","140.79557",4117319,41962,"",23/04/2025,23/04/2025,"12:30","14:00"
"5","SA","Barker                          ",2,"Special Hospital Team 5                                         ","Boandik St Marys","71 Boandik Tce","","","MOUNT GAMBIER","SA","5290","-37.840303","140.79557",4117319,41962,"",23/04/2025,23/04/2025,"9:00","12:00"
"5","SA","Barker                          ",2,"Special Hospital Team 5                                         ","Lambert Village","87 Gray St","","","MOUNT GAMBIER","SA","5290","-37.824456","140.779532",4117409,122365,"",30/04/2025,30/04/2025,"13:30","15:30"
"5","SA","Barker                          ",2,"Special Hospital Team 5                                         ","Penola War Memorial Hospital - Penola Multi-purpose Service","18 Church St","","","PENOLA","SA","5277","-37.382444","140.836649",4115606,122826,"",28/04/2025,28/04/2025,"9:30","12:30"
"5","SA","Barker                          ",2,"Special Hospital Team 5                                         ","Resthaven - Mount Gambier","24 Elizabeth St","","","MOUNT GAMBIER","SA","5290","-37.82608952214886","140.77773143177745",4117409,70722,"",01/05/2025,01/05/2025,"13:00","16:30"
"5","SA","Barker                          ",2,"Special Hospital Team 5                                         ","Resthaven - Mount Gambier","24 Elizabeth St","","","MOUNT GAMBIER","SA","5290","-37.82608952214886","140.77773143177745",4117409,70722,"",01/05/2025,01/05/2025,"9:00","12:30"
"5","SA","Barker                          ",2,"Special Hospital Team 5                                         ","The Oaks Aged Care","209 Ruwoldt Rd","","","YAHL","SA","5291","-37.8586177109674","140.840940346431",4115014,122366,"",30/04/2025,30/04/2025,"9:00","11:30"
"5","SA","Barker                          ",2,"Special Hospital Team 6                                         ","Aminya Village Hostel","14 Adelaide Rd","","","MANNUM","SA","5238","-34.9157513491858","139.307447451266",4116409,126224,"",29/04/2025,29/04/2025,"12:30","14:00"
"5","SA","Barker                          ",2,"Special Hospital Team 6                                         ","Aminya Village Hostel","14 Adelaide Rd","","","MANNUM","SA","5238","-34.9157513491858","139.307447451266",4116409,126224,"",29/04/2025,29/04/2025,"9:30","12:00"
"5","SA","Barker                          ",2,"Special Hospital Team 6                                         ","Barossa Village Residency","9 Atze Pde","","","NURIOOTPA","SA","5355","-34.46724","138.97871",4111410,13233,"",30/04/2025,30/04/2025,"11:30","13:30"
"5","SA","Barker                          ",2,"Special Hospital Team 6                                         ","Barossa Village Residency","9 Atze Pde","","","NURIOOTPA","SA","5355","-34.46724","138.97871",4111410,13233,"",30/04/2025,30/04/2025,"9:00","11:00"
"5","SA","Barker                          ",2,"Special Hospital Team 6                                         ","Country Health Connect Kapunda Homes","24-30 Nash St","","","KAPUNDA","SA","5373","-34.330693053457914","138.92208568586165",4111120,122364,"",28/04/2025,28/04/2025,"9:00","11:00"
"5","SA","Barker                          ",2,"Special Hospital Team 6                                         ","Mount Pleasant District Hospital - Torrens Valley Aged Care","28 Hospital Rd","","","MOUNT PLEASANT","SA","5235","-34.7737854371143","139.054533830787",4111010,126225,"",01/05/2025,01/05/2025,"9:00","11:00"
"5","SA","Barker                          ",2,"Special Hospital Team 6                                         ","Tanunda Lutheran Homes","27 Bridge St","","","TANUNDA","SA","5352","-34.51777946190107","138.96024764245223",4111502,13234,"",24/04/2025,24/04/2025,"12:30","15:30"
"5","SA","Barker                          ",2,"Special Hospital Team 6                                         ","Tanunda Lutheran Homes","27 Bridge St","","","TANUNDA","SA","5352","-34.51777946190107","138.96024764245223",4111502,13234,"",24/04/2025,24/04/2025,"9:00","12:00"
"5","SA","Barker                          ",2,"Special Hospital Team 6                                         ","Wheatfields Residential Care","8 Cherry St","","","FREELING","SA","5373","-34.453947842723466","138.81285543513107",4111105,126226,"",23/04/2025,23/04/2025,"12:30","14:30"
"5","SA","Barker                          ",2,"Special Hospital Team 6                                         ","Wheatfields Residential Care","8 Cherry St","","","FREELING","SA","5373","-34.453947842723466","138.81285543513107",4111105,126226,"",23/04/2025,23/04/2025,"9:00","12:00"
"5","SA","Barker                          ",2,"Special Hospital Team 6                                         ","Wirraminna Care ","5 Memorial Dr","","","WILLIAMSTOWN","SA","5351","-34.66922996659723","138.89146630341457",4111215,122363,"",22/04/2025,22/04/2025,"12:00","14:00"
"5","SA","Barker                          ",2,"Special Hospital Team 6                                         ","Wirraminna Care ","5 Memorial Dr","","","WILLIAMSTOWN","SA","5351","-34.66922996659723","138.89146630341457",4111215,122363,"",22/04/2025,22/04/2025,"9:30","11:30"
"5","SA","Barker                          ",2,"Special Hospital Team 7                                         ","Bonney Lodge ","24 Hawdon St","","","BARMERA","SA","5345","-34.24854","140.47085",4115910,122359,"",29/04/2025,29/04/2025,"12:00","14:30"
"5","SA","Barker                          ",2,"Special Hospital Team 7                                         ","Bonney Lodge ","24 Hawdon St","","","BARMERA","SA","5345","-34.24854","140.47085",4115910,122359,"",29/04/2025,29/04/2025,"9:00","11:30"
"5","SA","Barker                          ",2,"Special Hospital Team 7                                         ","Calvary St Catherine's","23 McGilton Rd","","","BERRI","SA","5343","-34.28283","140.61058",4116004,122362,"",30/04/2025,30/04/2025,"9:00","11:00"
"5","SA","Barker                          ",2,"Special Hospital Team 7                                         ","Hawdon House","24 Scott Ave","","","BARMERA","SA","5345","-34.248721701652734","140.47302259041757",4115910,126227,"",22/04/2025,22/04/2025,"12:00","13:30"
"5","SA","Barker                          ",2,"Special Hospital Team 7                                         ","Hawdon House","24 Scott Ave","","","BARMERA","SA","5345","-34.248721701652734","140.47302259041757",4115910,126227,"",22/04/2025,22/04/2025,"9:00","11:30"
"5","SA","Barker                          ",2,"Special Hospital Team 7                                         ","Hawdon House","24 Scott Ave","","","BARMERA","SA","5345","-34.248721701652734","140.47302259041757",4115910,126227,"",23/04/2025,23/04/2025,"9:00","11:00"
"5","SA","Barker                          ",2,"Special Hospital Team 7                                         ","Renmark Paringa District Hospital - Renmark Nursing Home","185 Ral Ral Ave","","","RENMARK","SA","5341","-34.16508879283155","140.74466116078045",4116713,122360,"",28/04/2025,28/04/2025,"9:00","12:00"
"5","SA","Barker                          ",2,"Special Hospital Team 7                                         ","Waikerie Health Services - Waikerie Multi-Purpose Service","1 Lawrie Tce","","","WAIKERIE","SA","5330","-34.182354","139.985465",4117018,122361,"",24/04/2025,24/04/2025,"11:30","13:30"
"5","SA","Barker                          ",2,"Special Hospital Team 7                                         ","Waikerie Health Services - Waikerie Multi-Purpose Service","1 Lawrie Tce","","","WAIKERIE","SA","5330","-34.182354","139.985465",4117018,122361,"",24/04/2025,24/04/2025,"9:00","11:00"
"5","SA","Boothby                         ",3,"Special Hospital Team 1                                         ","AnglicareSA - Westbourne Park","56 Monmouth Rd","","","WESTBOURNE PARK","SA","5041","-34.9726287588377","138.596864341388",4106835,70680,"",28/04/2025,28/04/2025,"9:00","12:00"
"5","SA","Boothby                         ",3,"Special Hospital Team 1                                         ","AnglicareSA - Westbourne Park","56 Monmouth Rd","","","WESTBOURNE PARK","SA","5041","-34.9726287588377","138.596864341388",4106835,70680,"",29/04/2025,29/04/2025,"9:00","12:00"
"5","SA","Boothby                         ",3,"Special Hospital Team 1                                         ","Calvary Brighton","580 Brighton Rd","","","SOUTH BRIGHTON","SA","5048","-35.02818","138.524337",4105626,122703,"",23/04/2025,23/04/2025,"9:00","12:00"
"5","SA","Boothby                         ",3,"Special Hospital Team 1                                         ","Regis - Kingswood","9 Brenchley Gr","","","KINGSWOOD","SA","5062","-34.973408","138.610445",4106917,122700,"",30/04/2025,30/04/2025,"13:30","14:30"
"5","SA","Boothby                         ",3,"Special Hospital Team 1                                         ","Regis - Kingswood","9 Brenchley Gr","","","KINGSWOOD","SA","5062","-34.973408","138.610445",4106917,122700,"",30/04/2025,30/04/2025,"9:00","13:00"
"5","SA","Boothby                         ",3,"Special Hospital Team 1                                         ","Regis - Kingswood","9 Brenchley Gr","","","KINGSWOOD","SA","5062","-34.973408","138.610445",4106917,122700,"",01/05/2025,01/05/2025,"9:00","11:30"
"5","SA","Boothby                         ",3,"Special Hospital Team 1                                         ","Resthaven - Marion","10 Township Rd","","","MARION","SA","5043","-35.01135858829815","138.55370936497036",4106133,13018,"",22/04/2025,22/04/2025,"9:00","12:30"
"5","SA","Boothby                         ",3,"Special Hospital Team 1                                         ","Resthaven - Marion","10 Township Rd","","","MARION","SA","5043","-35.01135858829815","138.55370936497036",4106133,13018,"",24/04/2025,24/04/2025,"9:00","12:00"
"5","SA","Boothby                         ",3,"Special Hospital Team 2                                         ","ACH Group Kapara Glenelg Residential Care Home","80 Moseley St","","","GLENELG SOUTH","SA","5045","-34.989638","138.514369",4105738,13121,"",22/04/2025,22/04/2025,"12:30","14:30"
"5","SA","Boothby                         ",3,"Special Hospital Team 2                                         ","ACH Group Kapara Glenelg Residential Care Home","80 Moseley St","","","GLENELG SOUTH","SA","5045","-34.989638","138.514369",4105738,13121,"",22/04/2025,22/04/2025,"9:00","12:00"
"5","SA","Boothby                         ",3,"Special Hospital Team 2                                         ","Eldercare Allambi","86 Oaklands Rd","","","GLENGOWRIE","SA","5044","-34.995876","138.531294",4106215,34293,"Upstairs",29/04/2025,29/04/2025,"10:00","12:30"
"5","SA","Boothby                         ",3,"Special Hospital Team 2                                         ","Eldercare Allambi","86 Oaklands Rd","","","GLENGOWRIE","SA","5044","-34.995876","138.531294",4106215,34293,"Upstairs",29/04/2025,29/04/2025,"13:00","16:00"
"5","SA","Boothby                         ",3,"Special Hospital Team 2                                         ","Eldercare Oxford","35 Hulbert St","","","HOVE","SA","5048","-35.00989433","138.51635828",4105631,122704,"",30/04/2025,30/04/2025,"9:00","11:30"
"5","SA","Boothby                         ",3,"Special Hospital Team 2                                         ","Flinders Medical Centre - Margaret Tobin Centre","3 Flinders Dr","","","BEDFORD PARK","SA","5042","-35.02186022","138.56939078",4106604,129672,"",23/04/2025,23/04/2025,"9:00","11:30"
"5","SA","Boothby                         ",3,"Special Hospital Team 2                                         ","Flinders Medical Centre - Ward 18V","3 Flinders Dr","","","BEDFORD PARK","SA","5042","-35.02186022","138.56939078",4106604,133841,"",23/04/2025,23/04/2025,"13:00","15:00"
"5","SA","Boothby                         ",3,"Special Hospital Team 2                                         ","Ocean Grove Supportive Care ","39 Beach Rd","","","BRIGHTON","SA","5048","-35.01983","138.51701",4105615,122705,"",24/04/2025,24/04/2025,"9:00","11:00"
"5","SA","Boothby                         ",3,"Special Hospital Team 2                                         ","Ocean Grove Supportive Care on Sturt Road","48 Sturt Rd","","","BRIGHTON","SA","5048","-35.018657876300296","138.5290150260361",4105617,122706,"",01/05/2025,01/05/2025,"9:00","11:00"
"5","SA","Boothby                         ",3,"Special Hospital Team 3                                         ","ACH Group ViTA Daw Park Residential Care Home","17 Rockville Ave","","","DAW PARK","SA","5041","-34.988928068679","138.59060355139",4106815,122310,"",22/04/2025,22/04/2025,"9:00","12:00"
"5","SA","Boothby                         ",3,"Special Hospital Team 3                                         ","Calvary - Kingswood","22 Harrow Tce","","","KINGSWOOD","SA","5062","-34.96826549330199","138.61549357629",4106914,122701,"",23/04/2025,23/04/2025,"9:00","12:00"
"5","SA","Boothby                         ",3,"Special Hospital Team 3                                         ","Rembrandt Living","1 Madras St","","","OAKLANDS PARK","SA","5046","-35.00188395831639","138.54271428234995",4106423,122309,"",01/05/2025,01/05/2025,"9:00","11:30"
"5","SA","Boothby                         ",3,"Special Hospital Team 3                                         ","Repat Health Precinct - Hospital","216 Daws Rd","","","DAW PARK","SA","5041","-34.99083","138.5905",4106815,129676,"",28/04/2025,28/04/2025,"12:30","16:00"
"5","SA","Boothby                         ",3,"Special Hospital Team 3                                         ","Repat Health Precinct - Hospital","216 Daws Rd","","","DAW PARK","SA","5041","-34.99083","138.5905",4106815,129676,"",28/04/2025,28/04/2025,"9:00","12:00"
"5","SA","Boothby                         ",3,"Special Hospital Team 3                                         ","Repat Health Precinct - Hospital","216 Daws Rd","","","DAW PARK","SA","5041","-34.99083","138.5905",4106815,129676,"",29/04/2025,29/04/2025,"12:30","16:00"
"5","SA","Boothby                         ",3,"Special Hospital Team 3                                         ","Repat Health Precinct - Hospital","216 Daws Rd","","","DAW PARK","SA","5041","-34.99083","138.5905",4106815,129676,"",29/04/2025,29/04/2025,"9:00","12:00"
"5","SA","Boothby                         ",3,"Special Hospital Team 3                                         ","Resthaven - Mitcham","17 Hill St","","","KINGSWOOD","SA","5062","-34.97512189370751","138.61751202701407",4106922,122699,"",24/04/2025,24/04/2025,"9:00","11:30"
"5","SA","Boothby                         ",3,"Special Hospital Team 3                                         ","Uniting Communities Murray Mudge Aged Care","7 Raymond Gr","","","GLENELG","SA","5045","-34.982426","138.514423",4105734,122317,"",30/04/2025,30/04/2025,"9:00","11:30"
"5","SA","Boothby                         ",3,"Special Hospital Team 4                                         ","Estia Health - Daw Park","7 Lancelot Dr","","","DAW PARK","SA","5041","-34.9910187","138.585668",4106814,122315,"",29/04/2025,29/04/2025,"9:00","11:00"
"5","SA","Boothby                         ",3,"Special Hospital Team 4                                         ","Kalyra Belair Residential Aged Care","2 Kalyra Rd","","","BELAIR","SA","5052","-35.00299450931867","138.61502072324765",4106507,122702,"",22/04/2025,22/04/2025,"12:30","14:00"
"5","SA","Boothby                         ",3,"Special Hospital Team 4                                         ","Kalyra Belair Residential Aged Care","2 Kalyra Rd","","","BELAIR","SA","5052","-35.00299450931867","138.61502072324765",4106507,122702,"",22/04/2025,22/04/2025,"9:00","12:00"
"5","SA","Boothby                         ",3,"Special Hospital Team 4                                         ","Kalyra Belair Residential Aged Care","2 Kalyra Rd","","","BELAIR","SA","5052","-35.00299450931867","138.61502072324765",4106507,122702,"",23/04/2025,23/04/2025,"12:30","14:00"
"5","SA","Boothby                         ",3,"Special Hospital Team 4                                         ","Kalyra Belair Residential Aged Care","2 Kalyra Rd","","","BELAIR","SA","5052","-35.00299450931867","138.61502072324765",4106507,122702,"",23/04/2025,23/04/2025,"9:00","12:00"
"5","SA","Boothby                         ",3,"Special Hospital Team 4                                         ","Pennwood Kings Park","262 Cross Rd","","","KINGS PARK","SA","5034","-34.965911","138.592146",4102311,122314,"",01/05/2025,01/05/2025,"9:00","11:00"
"5","SA","Boothby                         ",3,"Special Hospital Team 4                                         ","Resthaven - Bellevue Heights","47 Eve Rd","","","BELLEVUE HEIGHTS","SA","5050","-35.0344388768535","138.58328074310327",4106620,13016,"",24/04/2025,24/04/2025,"9:00","13:00"
"5","SA","Boothby                         ",3,"Special Hospital Team 4                                         ","Resthaven Westbourne Park","30 Sussex Tce","","","WESTBOURNE PARK","SA","5041","-34.97233826363092","138.59870046997116",4106835,13019,"",28/04/2025,28/04/2025,"12:30","14:30"
"5","SA","Boothby                         ",3,"Special Hospital Team 4                                         ","Resthaven Westbourne Park","30 Sussex Tce","","","WESTBOURNE PARK","SA","5041","-34.97233826363092","138.59870046997116",4106835,13019,"",28/04/2025,28/04/2025,"9:00","12:00"
"5","SA","Boothby                         ",3,"Special Hospital Team 4                                         ","Southern Cross Care Oaklands Park Lodge Residential Care","393 Morphett Rd","","","OAKLANDS PARK","SA","5046","-35.00669535920541","138.54029882802996",4106403,122313,"",30/04/2025,30/04/2025,"9:00","11:30"
"5","SA","Boothby                         ",3,"Special Hospital Team 5                                         ","Alwyndor Aged Care","52 Dunrobin Rd","","","HOVE","SA","5048","-35.0092361362185","138.528336510146",4105607,13008,"",22/04/2025,22/04/2025,"9:00","12:00"
"5","SA","Boothby                         ",3,"Special Hospital Team 5                                         ","Bolton Clarke - Somerton Park","7 Grainger Rd","","","SOMERTON PARK","SA","5044","-34.99504218577165","138.5273935202398",4105714,122318,"",29/04/2025,29/04/2025,"9:00","11:30"
"5","SA","Boothby                         ",3,"Special Hospital Team 5                                         ","Bolton Clarke Charles Young","53 Austral Tce","","","MORPHETTVILLE","SA","5043","-34.9837087267754","138.545631318931",4106212,13122,"",30/04/2025,30/04/2025,"9:00","12:00"
"5","SA","Boothby                         ",3,"Special Hospital Team 5                                         ","Bupa - Morphettville","29 Austral Tce","","","MORPHETTVILLE","SA","5043","-34.98313482005335","138.54183847334625",4106234,122316,"",28/04/2025,28/04/2025,"9:00","11:00"
"5","SA","Boothby                         ",3,"Special Hospital Team 5                                         ","Calvary Oaklands","2 Jean St","","","OAKLANDS PARK","SA","5046","-35.004665","138.543064",4106404,122311,"",24/04/2025,24/04/2025,"9:00","11:30"
"5","SA","Boothby                         ",3,"Special Hospital Team 5                                         ","Eldercare Allambi","86 Oaklands Rd","","","GLENGOWRIE","SA","5044","-34.995876","138.531294",4106215,34293,"Downstairs",23/04/2025,23/04/2025,"10:00","12:30"
"5","SA","Boothby                         ",3,"Special Hospital Team 5                                         ","Eldercare Allambi","86 Oaklands Rd","","","GLENGOWRIE","SA","5044","-34.995876","138.531294",4106215,34293,"Downstairs",23/04/2025,23/04/2025,"13:00","16:00"
"5","SA","Boothby                         ",3,"Special Hospital Team 5                                         ","The Oaks on Sussex","37-39 Sussex St","","","GLENELG","SA","5045","-34.97747315714548","138.513437",4105732,123358,"",01/05/2025,01/05/2025,"9:00","11:00"
"5","SA","Grey                            ",4,"Other Mobile Team 1                                             ","Port Augusta Prison","Highway 1 ","","","STIRLING NORTH","SA","5710","-32.51266279723658","137.81215451908065",4114207,123769,"",23/04/2025,23/04/2025,"13:00","16:00"
"5","SA","Grey                            ",4,"Other Mobile Team 1                                             ","Port Augusta Prison","Highway 1 ","","","STIRLING NORTH","SA","5710","-32.51266279723658","137.81215451908065",4114207,123769,"",23/04/2025,23/04/2025,"8:30","12:00"
"5","SA","Grey                            ",4,"Other Mobile Team 1                                             ","Port Augusta Prison","Highway 1 ","","","STIRLING NORTH","SA","5710","-32.51266279723658","137.81215451908065",4114207,123769,"",24/04/2025,24/04/2025,"13:00","16:00"
"5","SA","Grey                            ",4,"Other Mobile Team 1                                             ","Port Augusta Prison","Highway 1 ","","","STIRLING NORTH","SA","5710","-32.51266279723658","137.81215451908065",4114207,123769,"",24/04/2025,24/04/2025,"8:30","12:00"
"5","SA","Grey                            ",4,"Other Mobile Team 1                                             ","Port Lincoln Prison","Pound Ln","","","PORT LINCOLN","SA","5607","-34.705","135.797",4113331,123771,"",29/04/2025,29/04/2025,"13:30","16:00"
"5","SA","Grey                            ",4,"Other Mobile Team 1                                             ","Port Lincoln Prison","Pound Ln","","","PORT LINCOLN","SA","5607","-34.705","135.797",4113331,123771,"",29/04/2025,29/04/2025,"9:00","12:15"
"5","SA","Grey                            ",4,"Remote Mobile Team 1                                            ","Amata PY Ku","54 Purara St","","","AMATA","SA","0872","-26.150108595110424","131.14581670586705",4113812,14902,"",26/04/2025,26/04/2025,"9:00","17:00"
"5","SA","Grey                            ",4,"Remote Mobile Team 1                                            ","Kalka RASAC Units","5 Wiru Rd","","","KALKA","SA","0872","-26.11652922486544","129.1512682370301",4113801,41004,"",28/04/2025,28/04/2025,"13:00","16:00"
"5","SA","Grey                            ",4,"Remote Mobile Team 1                                            ","Kaltjiti PY Ku","8 Malu Pl","","","KALTJITI","SA","0872","-26.7633818485229","132.028184439755",4113814,14904,"",22/04/2025,22/04/2025,"8:00","12:00"
"5","SA","Grey                            ",4,"Remote Mobile Team 1                                            ","Kanpi Community Office","16 Kanpi Rd","","","KANPI","SA","0872","-26.168160892003037","130.11913058502296",4113803,123338,"",24/04/2025,24/04/2025,"10:30","13:30"
"5","SA","Grey                            ",4,"Remote Mobile Team 1                                            ","Pipalyatjara PY Ku","6 Patilpa St","","","PIPALYATJARA","SA","0872","-26.163411241675","129.172322790523",4113811,14914,"",29/04/2025,29/04/2025,"8:00","12:00"
"5","SA","Grey                            ",4,"Remote Mobile Team 1                                            ","Umuwa APY Admin Centre","2 Kuniya St","","","UMUWA","SA","0872","-26.4663198318064","132.041688605805",4113806,36492,"",22/04/2025,22/04/2025,"14:00","17:00"
"5","SA","Grey                            ",4,"Remote Mobile Team 2                                            ","Blinman Memorial Hall","Lot 404  Mine Rd","","","BLINMAN","SA","5730","-31.09433","138.67834",4114110,123265,"",28/04/2025,28/04/2025,"11:00","14:00"
"5","SA","Grey                            ",4,"Remote Mobile Team 2                                            ","Copley Community Hall","Railway Tce W","","","COPLEY","SA","5732","-30.55179792760093","138.42332897990755",4114104,41521,"",22/04/2025,22/04/2025,"12:00","15:00"
"5","SA","Grey                            ",4,"Remote Mobile Team 2                                            ","Iga Warta Office","5728 Gammon Ranges Rd","","","NEPABUNNA","SA","5732","-30.59535745","138.93515545",4114103,41522,"",23/04/2025,23/04/2025,"13:30","16:30"
"5","SA","Grey                            ",4,"Remote Mobile Team 2                                            ","Lyndhurst Town Hall","The Outback Hwy","","","LYNDHURST","SA","5731","-30.287895321894528","138.34973476751478",4114107,14906,"",26/04/2025,26/04/2025,"9:30","12:30"
"5","SA","Grey                            ",4,"Remote Mobile Team 2                                            ","Marree Community Hall","Second St","","","MARREE","SA","5733","-29.648707323385647","138.06299088922867",4114107,14908,"",24/04/2025,24/04/2025,"10:30","13:30"
"5","SA","Grey                            ",4,"Remote Mobile Team 2                                            ","Nipapanha Community Office","18 Gammon Ranges Rd","","","NEPABUNNA","SA","5732","-30.582583848208284","138.97876839039026",4114103,14911,"",23/04/2025,23/04/2025,"9:00","12:00"
"5","SA","Grey                            ",4,"Remote Mobile Team 2                                            ","Yunta District Hall","Main St","","","YUNTA","SA","5440","-32.580754136845876","139.5627352311542",4114110,14931,"",29/04/2025,29/04/2025,"11:00","14:00"
"5","SA","Grey                            ",4,"Remote Mobile Team 3                                            ","Darke Peak Sporting Complex","2214 Carapee Hill Rd","","","DARKE PEAK","SA","5642","-33.4632968734351","136.199092482898",4113103,125997,"",30/04/2025,30/04/2025,"9:30","12:30"
"5","SA","Grey                            ",4,"Remote Mobile Team 3                                            ","Fowlers Bay Hall","West Tce","","","FOWLERS BAY","SA","5690","-31.987081723849293","132.4370310862908",4113409,32762,"",26/04/2025,26/04/2025,"13:00","16:00"
"5","SA","Grey                            ",4,"Remote Mobile Team 3                                            ","Haslam","23 Main St","","","HASLAM","SA","5680","-32.50916902844674","134.2139759728544",4113405,123262,"",29/04/2025,29/04/2025,"8:00","11:00"
"5","SA","Grey                            ",4,"Remote Mobile Team 3                                            ","Koonibba Community Hall","2 Burgoyne St","","","KOONIBBA","SA","5690","-31.902720781912745","133.4251107906586",4113408,14919,"",28/04/2025,28/04/2025,"13:30","16:30"
"5","SA","Grey                            ",4,"Remote Mobile Team 3                                            ","Nundroo Cabin Park","","","","NUNDROO","SA","5690","-31.79216726059033","132.22493426939909",4113409,14921,"",26/04/2025,26/04/2025,"8:30","11:30"
"5","SA","Grey                            ",4,"Remote Mobile Team 3                                            ","Penong Community Hall","Main St","","","PENONG","SA","5690","-31.9287859747753","133.010531644259",4113409,14922,"",23/04/2025,23/04/2025,"8:30","16:30"
"5","SA","Grey                            ",4,"Remote Mobile Team 3                                            ","Rudall Community Sports Club","5965 Balumbah-Kinnard Rd","","","RUDALL","SA","5642","-33.6850108387643","136.274129736324",4113111,123293,"",30/04/2025,30/04/2025,"13:30","16:30"
"5","SA","Grey                            ",4,"Remote Mobile Team 3                                            ","Sceale Bay","The Parade","","","SCEALE BAY","SA","5680","-33.01628919135545","134.18970716447456",4113404,125364,"",29/04/2025,29/04/2025,"13:00","16:00"
"5","SA","Grey                            ",4,"Remote Mobile Team 3                                            ","Scotdesco Community Centre","Eyre Hwy","","","BOOKABIE","SA","5690","-31.831764994201425","132.77038068101118",4113409,34615,"",28/04/2025,28/04/2025,"8:30","11:30"
"5","SA","Grey                            ",4,"Remote Mobile Team 3                                            ","Warramboo Community Club","58 Club Rd","","","WARRAMBOO","SA","5650","-33.238382939948224","135.5994231921067",4113205,123868,"",01/05/2025,01/05/2025,"10:00","13:00"
"5","SA","Grey                            ",4,"Remote Mobile Team 3                                            ","Yalata Training Centre","Kali Rd","","","YALATA","SA","5690","-31.479983656395312","131.84330887520127",4113410,14925,"",24/04/2025,24/04/2025,"11:00","15:00"
"5","SA","Grey                            ",4,"Remote Mobile Team 4                                            ","Indulkana Community Store","Mount Chandler Dr","","","INDULKANA (IWANTJA)","SA","0872","-26.9665355099919","133.310122284829",4113816,14905,"",23/04/2025,23/04/2025,"9:00","16:00"
"5","SA","Grey                            ",4,"Remote Mobile Team 4                                            ","Marla Town Hall","4078 Finch St","","","MARLA","SA","5724","-27.3018242410688","133.622603417485",4114111,14907,"",22/04/2025,22/04/2025,"13:30","16:30"
"5","SA","Grey                            ",4,"Remote Mobile Team 4                                            ","Mimili PY Ku","2 Itara St","","","MIMILI","SA","0872","-27.004492562815898","132.70673669361688",4113815,14909,"",24/04/2025,24/04/2025,"10:30","14:30"
"5","SA","Grey                            ",4,"Remote Mobile Team 4                                            ","Pukatja (Ernabella) Community Store","50 Palpatjaranya St","","","ERNABELLA (PUKATJA)","SA","0872","-26.279928564506054","132.13380803677902",4113813,14903,"",28/04/2025,28/04/2025,"8:00","16:00"
"5","SA","Grey                            ",4,"Remote Mobile Team 4                                            ","Yunyarinyi School Verandah","26 Iyapala Ave","","","YUNYARINYI","SA","0872","-26.327196503493038","132.446003897286",4113807,71507,"",26/04/2025,26/04/2025,"10:00","13:00"
"5","SA","Grey                            ",4,"Remote Mobile Team 5                                            ","Oak Valley Boardroom","13-15 Kali St","","","OAK VALLEY","SA","5690","-29.4028101509563","130.738420162513",4113503,124712,"",23/04/2025,23/04/2025,"11:30","14:30"
"5","SA","Grey                            ",4,"Remote Mobile Team 5                                            ","Oodnadatta Dunjiba Meeting Room","","","","OODNADATTA","SA","5734","-27.54891510577","135.4467061724815",4114102,142078,"",22/04/2025,22/04/2025,"11:00","14:00"
"5","SA","Grey                            ",4,"Special Hospital Team 1                                         ","Ceduna Hospital - Ceduna Multipurpose Service","3 Eyre Hwy","","","CEDUNA","SA","5690","-32.1190369572279","133.67223418205",4112903,122759,"",29/04/2025,29/04/2025,"9:30","10:30"
"5","SA","Grey                            ",4,"Special Hospital Team 1                                         ","Streaky Bay Hospital - Elmhaven","3 Flinders Dr","","","STREAKY BAY","SA","5680","-32.79241","134.218615",4113402,122761,"",24/04/2025,24/04/2025,"9:30","10:30"
"5","SA","Grey                            ",4,"Special Hospital Team 1                                         ","Wangka Wilurrara Transitional Accommodation Centre","Lot 21 Goode Rd","","","CEDUNA","SA","5690","-32.115306","133.684082",4112905,122760,"",23/04/2025,23/04/2025,"9:30","11:30"
"5","SA","Grey                            ",4,"Special Hospital Team 1                                         ","Yadu Aboriginal Health Corporation","Red Cross","9 McKenzie St","","CEDUNA","SA","5690","-32.12574752","133.67460628",4112903,133848,"",28/04/2025,28/04/2025,"9:30","12:30"
"5","SA","Grey                            ",4,"Special Hospital Team 10                                        ","Umoona Aged Care (Tjilpi Tjuta Kanyini)","7-15 Hospital Rd","","","COOBER PEDY","SA","5723","-29.004844365533337","134.76223997500708",4113907,125872,"",29/04/2025,29/04/2025,"2:00","15:00"
"5","SA","Grey                            ",4,"Special Hospital Team 11                                        ","Balaklava Hospital - Ira Parker Nursing Home","16 War Memorial Dr","","","BALAKLAVA","SA","5461","-34.13942702630428","138.41964992511365",4111916,122212,"",28/04/2025,28/04/2025,"13:30","15:00"
"5","SA","Grey                            ",4,"Special Hospital Team 11                                        ","Walara Balaklava Millcourt Homes","7 Railway Tce","","","BALAKLAVA","SA","5461","-34.145101","138.413751",4111909,122769,"",24/04/2025,24/04/2025,"9:30","12:30"
"5","SA","Grey                            ",4,"Special Hospital Team 11                                        ","Walara Hamley Bridge Aged Care","19 Albert St","","","HAMLEY BRIDGE","SA","5401","-34.358459350182876","138.67723941635674",4111911,122211,"",23/04/2025,23/04/2025,"9:30","12:30"
"5","SA","Grey                            ",4,"Special Hospital Team 2                                         ","Ardrossan Seaview Aged Care","37 Fifth St","","","ARDROSSAN","SA","5571","-34.426439","137.917607",4112710,122763,"",23/04/2025,23/04/2025,"10:00","12:30"
"5","SA","Grey                            ",4,"Special Hospital Team 2                                         ","Eldercare The Village","6 Centenary Ave","","","MAITLAND","SA","5573","-34.3687924983954","137.675271142958",4112706,122767,"",24/04/2025,24/04/2025,"9:30","11:30"
"5","SA","Grey                            ",4,"Special Hospital Team 2                                         ","Estia Health Kadina","8 Mine St","","","KADINA","SA","5554","-33.9575667074969","137.720359068465",4112406,122765,"",28/04/2025,28/04/2025,"10:00","13:00"
"5","SA","Grey                            ",4,"Special Hospital Team 2                                         ","Estia Health Kadina","8 Mine St","","","KADINA","SA","5554","-33.9575667074969","137.720359068465",4112406,122765,"",28/04/2025,28/04/2025,"13:30","15:30"
"5","SA","Grey                            ",4,"Special Hospital Team 2                                         ","Point Pearce Community Hall","Narungga Ave","","","POINT PEARCE","SA","5573","-34.4160918578117","137.503108409704",4112721,126146,"",22/04/2025,22/04/2025,"10:00","13:00"
"5","SA","Grey                            ",4,"Special Hospital Team 2                                         ","Star of the Sea","15 Elizabeth St","","","WALLAROO","SA","5556","-33.93205041930069","137.63057207314756",4112608,122762,"",29/04/2025,29/04/2025,"9:30","11:30"
"5","SA","Grey                            ",4,"Special Hospital Team 3                                         ","Helping Hand Aged Care Copperhouse Court","43A Flinders Ave","","","WHYALLA STUART","SA","5608","-33.0300003641506","137.523325157965",4113658,122186,"",22/04/2025,22/04/2025,"12:30","16:00"
"5","SA","Grey                            ",4,"Special Hospital Team 3                                         ","Helping Hand Aged Care Copperhouse Court","43A Flinders Ave","","","WHYALLA STUART","SA","5608","-33.0300003641506","137.523325157965",4113658,122186,"",22/04/2025,22/04/2025,"9:30","12:00"
"5","SA","Grey                            ",4,"Special Hospital Team 3                                         ","Helping Hand Yeltana ","25 Newton St","","","WHYALLA","SA","5600","-33.0432156761101","137.573746739748",4113619,122185,"",24/04/2025,24/04/2025,"9:30","12:00"
"5","SA","Grey                            ",4,"Special Hospital Team 4                                         ","Booleroo Hospital - Community Health Services","3-13 Stephens St","","","BOOLEROO CENTRE","SA","5482","-32.87796254738372","138.35098324840874",4112114,125508,"",22/04/2025,22/04/2025,"9:30","10:30"
"5","SA","Grey                            ",4,"Special Hospital Team 4                                         ","Helping Hand Belalie Lodge","1-7 Cumnock St","","","JAMESTOWN","SA","5491","-33.2043133879035","138.606354426418",4112010,122188,"",24/04/2025,24/04/2025,"9:30","11:30"
"5","SA","Grey                            ",4,"Special Hospital Team 4                                         ","Jamestown Nursing Home","South Tce","","","JAMESTOWN","SA","5491","-33.21219","138.616163",4112009,122187,"",24/04/2025,24/04/2025,"13:30","14:30"
"5","SA","Grey                            ",4,"Special Hospital Team 4                                         ","Laura & District Hospital- Multi Purpose Service","51-57 Mill St","","","LAURA","SA","5480","-33.174932568947476","138.2987383502612",4112013,123370,"",28/04/2025,28/04/2025,"10:00","11:30"
"5","SA","Grey                            ",4,"Special Hospital Team 4                                         ","Mt View Homes","31 Arthur St","","","BOOLEROO CENTRE","SA","5482","-32.880038","138.35182",4112114,122189,"",22/04/2025,22/04/2025,"13:00","14:30"
"5","SA","Grey                            ",4,"Special Hospital Team 4                                         ","Nalya Lodge Hostel","11 Hill St W","","","PETERBOROUGH","SA","5422","-32.97998200000212","138.82940454962426",4112117,126282,"",29/04/2025,29/04/2025,"9:30","10:30"
"5","SA","Grey                            ",4,"Special Hospital Team 4                                         ","Orroroo Community Home","32 Fifth St","","","ORROROO","SA","5431","-32.7366073950495","138.61146123307",4112101,126283,"",23/04/2025,23/04/2025,"9:30","11:00"
"5","SA","Grey                            ",4,"Special Hospital Team 5                                         ","Common Ground Port Augusta","50 Augusta Tce","","","PORT AUGUSTA","SA","5700","-32.49297603","137.77350056",4114232,122768,"",01/05/2025,01/05/2025,"10:30","12:30"
"5","SA","Grey                            ",4,"Special Hospital Team 5                                         ","Davenport Community Hall","Simmons St","","","DAVENPORT","SA","5700","-32.470139","137.785889",4114229,142389,"",24/04/2025,24/04/2025,"10:00","13:00"
"5","SA","Grey                            ",4,"Special Hospital Team 5                                         ","Edenfield Family Care Nerrilda","71 Stokes Tce","","","PORT AUGUSTA WEST","SA","5700","-32.4763987094282","137.760057242149",4114211,122191,"",22/04/2025,22/04/2025,"13:30","15:00"
"5","SA","Grey                            ",4,"Special Hospital Team 5                                         ","Edenfield Family Care Ramsay","77 Seaview Rd","","","PORT AUGUSTA","SA","5700","-32.49978517524574","137.7807029284474",4114225,122192,"",29/04/2025,29/04/2025,"13:30","15:30"
"5","SA","Grey                            ",4,"Special Hospital Team 5                                         ","Lakeview Accommodation","1 Buzzacott Cl","","","DAVENPORT","SA","5700","-32.4734","137.78424",4114229,122193,"",28/04/2025,28/04/2025,"9:00","11:00"
"5","SA","Grey                            ",4,"Special Hospital Team 5                                         ","Quorn Health Service - RACF","2 Hospital Rd","","","QUORN","SA","5433","-32.350480598583125","138.0383450026177",4114003,126284,"",23/04/2025,23/04/2025,"12:30","13:30"
"5","SA","Grey                            ",4,"Special Hospital Team 5                                         ","Quorn Health Service - RACF","2 Hospital Rd","","","QUORN","SA","5433","-32.350480598583125","138.0383450026177",4114003,126284,"",23/04/2025,23/04/2025,"9:30","12:00"
"5","SA","Grey                            ",4,"Special Hospital Team 5                                         ","Wami Kata Old Folks Home","20 Wami Kata Rd","","","DAVENPORT","SA","5700","-32.4733","137.78948",4114229,122194,"",24/04/2025,24/04/2025,"14:30","15:30"
"5","SA","Grey                            ",4,"Special Hospital Team 6                                         ","Eyre Peninsula Old Folks Home","26 Flinders Hwy","","","PORT LINCOLN","SA","5606","-34.71816443592845","135.8487766189351",4113302,122195,"",29/04/2025,29/04/2025,"12:30","14:00"
"5","SA","Grey                            ",4,"Special Hospital Team 6                                         ","Eyre Peninsula Old Folks Home","26 Flinders Hwy","","","PORT LINCOLN","SA","5606","-34.71816443592845","135.8487766189351",4113302,122195,"",29/04/2025,29/04/2025,"9:30","12:00"
"5","SA","Grey                            ",4,"Special Hospital Team 6                                         ","Matthew Flinders Home","61-63 Oxford Tce","","","PORT LINCOLN","SA","5606","-34.7219885286395","135.849978025267",4113321,13048,"",24/04/2025,24/04/2025,"9:30","12:30"
"5","SA","Grey                            ",4,"Special Hospital Team 6                                         ","Miroma Place","19-21 Tumby Bay Rd","","","CUMMINS","SA","5631","-34.263872071664004","135.73315082338925",4113002,126279,"",23/04/2025,23/04/2025,"10:30","11:30"
"5","SA","Grey                            ",4,"Special Hospital Team 6                                         ","Tumby Bay Hospital - Uringa Hostel","8 Esplanade","","","TUMBY BAY","SA","5605","-34.3721165442608","136.104064710471",4113018,123371,"",28/04/2025,28/04/2025,"9:30","10:30"
"5","SA","Grey                            ",4,"Special Hospital Team 7                                         ","Barunga Village","11 Edmund St","","","PORT BROUGHTON","SA","5522","-33.60191053632997","137.9339015533693",4111923,34593,"",22/04/2025,22/04/2025,"12:30","14:30"
"5","SA","Grey                            ",4,"Special Hospital Team 7                                         ","Barunga Village","11 Edmund St","","","PORT BROUGHTON","SA","5522","-33.60191053632997","137.9339015533693",4111923,34593,"",22/04/2025,22/04/2025,"9:30","12:00"
"5","SA","Grey                            ",4,"Special Hospital Team 7                                         ","Crystal Brook Hospital - Multi Purpose Service","Edmund Tce","","","CRYSTAL BROOK","SA","5523","-33.354352","138.21314",4112301,126285,"",28/04/2025,28/04/2025,"13:30","14:30"
"5","SA","Grey                            ",4,"Special Hospital Team 7                                         ","Helping Hand Aged Care Lealholme ","15 Halliday St","","","RISDON PARK","SA","5540","-33.196811","138.000181",4112226,34607,"",24/04/2025,24/04/2025,"12:30","14:30"
"5","SA","Grey                            ",4,"Special Hospital Team 7                                         ","Helping Hand Aged Care Lealholme ","15 Halliday St","","","RISDON PARK","SA","5540","-33.196811","138.000181",4112226,34607,"",24/04/2025,24/04/2025,"9:30","12:00"
"5","SA","Grey                            ",4,"Special Hospital Team 7                                         ","Snowtown Hospital - RACF","South Tce","","","SNOWTOWN","SA","5520","-33.786874946307485","138.21234870876458",4111901,122203,"",29/04/2025,29/04/2025,"9:30","11:30"
"5","SA","Grey                            ",4,"Special Hospital Team 7                                         ","St Joseph's House","22 Norman St","","","PORT PIRIE","SA","5540","-33.1791262136064","138.008743097361",4112203,122199,"",23/04/2025,23/04/2025,"9:30","12:30"
"5","SA","Grey                            ",4,"Special Hospital Team 7                                         ","The Willochra Home ","Lot 10 Allan St","","","CRYSTAL BROOK","SA","5523","-33.35756029219169","138.2059148735257",4112303,122201,"",28/04/2025,28/04/2025,"9:30","11:30"
"5","SA","Grey                            ",4,"Special Hospital Team 8                                         ","Crestview Hostel","Third St","","","CLEVE","SA","5640","-33.70197140767455","136.4949680862488",4113107,126077,"",22/04/2025,22/04/2025,"10:00","12:00"
"5","SA","Grey                            ",4,"Special Hospital Team 8                                         ","Franklin Harbour Aged Care Hostel","19 South Tce","","","COWELL","SA","5602","-33.68499198987654","136.9212516210731",4113104,126286,"",23/04/2025,23/04/2025,"9:30","12:00"
"5","SA","Grey                            ",4,"Special Hospital Team 8                                         ","Kimba Pioneer Memorial Hostel","13-15 Martin Tce","","","KIMBA","SA","5641","-33.14333","136.4162",4113109,122207,"",28/04/2025,28/04/2025,"9:30","12:00"
"5","SA","Grey                            ",4,"Special Hospital Team 9                                         ","Eudunda Senior Citizens Hostel","40 Ward St","","","EUDUNDA","SA","5374","-34.175262","139.090509",4111811,122210,"",29/04/2025,29/04/2025,"10:00","11:30"
"5","SA","Grey                            ",4,"Special Hospital Team 9                                         ","Helping Hand Carinya","17-19A Victoria Rd","","","CLARE","SA","5453","-33.8358209322339","138.612002588045",4111606,122209,"",24/04/2025,24/04/2025,"10:00","12:00"
"5","SA","Grey                            ",4,"Special Hospital Team 9                                         ","Helping Hand Carinya","17-19A Victoria Rd","","","CLARE","SA","5453","-33.8358209322339","138.612002588045",4111606,122209,"",24/04/2025,24/04/2025,"12:30","15:00"
"5","SA","Grey                            ",4,"Special Hospital Team 9                                         ","Kara House","6 Webb St","","","CLARE","SA","5453","-33.830438020579244","138.6135537040266",4111604,126278,"",28/04/2025,28/04/2025,"9:30","11:00"
"5","SA","Grey                            ",4,"Special Hospital Team 9                                         ","Wakefield Aged Care ","23 Moorhouse Tce","","","RIVERTON","SA","5412","-34.160125675280334","138.74279028610152",4111709,122213,"",30/04/2025,30/04/2025,"10:00","12:00"
"5","SA","Grey                            ",4,"Special Hospital Team 9                                         ","Walara Gilbert Valley","20 Masters St","","","RIVERTON","SA","5412","-34.158404","138.744319",4111711,122214,"",30/04/2025,30/04/2025,"13:30","14:30"
"5","SA","Hindmarsh                       ",5,"Special Hospital Team 1                                         ","Ananda Aged Care Findon","2 Malken Way","","","FINDON","SA","5023","-34.90176767","138.52760177",4109130,123361,"",23/04/2025,23/04/2025,"9:00","12:30"
"5","SA","Hindmarsh                       ",5,"Special Hospital Team 1                                         ","Southern Cross Care The Pines Lodge Residential Care","342 Marion Rd","","","NORTH PLYMPTON","SA","5037","-34.95590107185965","138.55385427429601",4110745,31466,"",24/04/2025,24/04/2025,"9:00","12:00"
"5","SA","Hindmarsh                       ",5,"Special Hospital Team 1                                         ","The Queen Elizabeth Hospital","28 Woodville Rd","","","WOODVILLE SOUTH","SA","5011","-34.8838818656667","138.534033786895",4109007,129684,"Service 3",29/04/2025,29/04/2025,"12:30","16:00"
"5","SA","Hindmarsh                       ",5,"Special Hospital Team 1                                         ","The Queen Elizabeth Hospital","28 Woodville Rd","","","WOODVILLE SOUTH","SA","5011","-34.8838818656667","138.534033786895",4109007,129684,"Service 3",29/04/2025,29/04/2025,"9:00","12:00"
"5","SA","Hindmarsh                       ",5,"Special Hospital Team 1                                         ","The Queen Elizabeth Hospital","28 Woodville Rd","","","WOODVILLE SOUTH","SA","5011","-34.8838818656667","138.534033786895",4109007,129684,"Service 3",30/04/2025,30/04/2025,"12:30","16:00"
"5","SA","Hindmarsh                       ",5,"Special Hospital Team 1                                         ","The Queen Elizabeth Hospital","28 Woodville Rd","","","WOODVILLE SOUTH","SA","5011","-34.8838818656667","138.534033786895",4109007,129684,"Service 3",30/04/2025,30/04/2025,"9:00","12:00"
"5","SA","Hindmarsh                       ",5,"Special Hospital Team 1                                         ","The Queen Elizabeth Hospital","28 Woodville Rd","","","WOODVILLE SOUTH","SA","5011","-34.8838818656667","138.534033786895",4109007,129684,"Service 3",01/05/2025,01/05/2025,"13:30","16:00"
"5","SA","Hindmarsh                       ",5,"Special Hospital Team 1                                         ","UnitingSA Westminster Village Aged Care","Cnr Fort St & Sylvan Way ","","","GRANGE","SA","5022","-34.89622","138.49491",4109530,122710,"",22/04/2025,22/04/2025,"9:00","12:30"
"5","SA","Hindmarsh                       ",5,"Special Hospital Team 1                                         ","Villa St Hilarion","21 Farncomb Rd","","","FULHAM","SA","5024","-34.930068","138.513922",4110505,122707,"",01/05/2025,01/05/2025,"9:00","11:30"
"5","SA","Hindmarsh                       ",5,"Special Hospital Team 2                                         ","AnglicareSA - Grange","56 High St","","","GRANGE","SA","5022","-34.900522","138.495563",4109538,122708,"",28/04/2025,28/04/2025,"12:30","14:00"
"5","SA","Hindmarsh                       ",5,"Special Hospital Team 2                                         ","AnglicareSA - Grange","56 High St","","","GRANGE","SA","5022","-34.900522","138.495563",4109538,122708,"",28/04/2025,28/04/2025,"9:00","12:00"
"5","SA","Hindmarsh                       ",5,"Special Hospital Team 2                                         ","AnglicareSA - Grange","56 High St","","","GRANGE","SA","5022","-34.900522","138.495563",4109538,122708,"",29/04/2025,29/04/2025,"12:30","14:30"
"5","SA","Hindmarsh                       ",5,"Special Hospital Team 2                                         ","AnglicareSA - Grange","56 High St","","","GRANGE","SA","5022","-34.900522","138.495563",4109538,122708,"",29/04/2025,29/04/2025,"9:00","12:00"
"5","SA","Hindmarsh                       ",5,"Special Hospital Team 2                                         ","Bene Aged Care St Clair","2 Jelley St","","","WOODVILLE","SA","5011","-34.8741056860983","138.545922185591",4109726,122328,"",23/04/2025,23/04/2025,"9:00","12:00"
"5","SA","Hindmarsh                       ",5,"Special Hospital Team 2                                         ","House of Saint Hilarion ","7 Kelly Ave","","","SEATON","SA","5023","-34.8845657648766","138.514847909922",4109511,122321,"",30/04/2025,30/04/2025,"12:30","14:00"
"5","SA","Hindmarsh                       ",5,"Special Hospital Team 2                                         ","House of Saint Hilarion ","7 Kelly Ave","","","SEATON","SA","5023","-34.8845657648766","138.514847909922",4109511,122321,"",30/04/2025,30/04/2025,"9:00","12:00"
"5","SA","Hindmarsh                       ",5,"Special Hospital Team 2                                         ","One Care Support Woodville West ","15 Rosemary St","","","WOODVILLE WEST","SA","5011","-34.887012447973035","138.528589426556",4109013,122319,"",01/05/2025,01/05/2025,"9:00","11:00"
"5","SA","Hindmarsh                       ",5,"Special Hospital Team 2                                         ","Serene Residential Care Services","1 Myzantha St","","","LOCKLEYS","SA","5032","-34.9248949","138.54065528",4110601,122711,"",24/04/2025,24/04/2025,"9:00","12:00"
"5","SA","Hindmarsh                       ",5,"Special Hospital Team 2                                         ","Southern Cross Care Mount Carmel Residential Care","740 Torrens Rd","","","ROSEWATER","SA","5013","-34.859686125087","138.52371669002",4109704,122324,"",22/04/2025,22/04/2025,"12:30","14:00"
"5","SA","Hindmarsh                       ",5,"Special Hospital Team 2                                         ","Southern Cross Care Mount Carmel Residential Care","740 Torrens Rd","","","ROSEWATER","SA","5013","-34.859686125087","138.52371669002",4109704,122324,"",22/04/2025,22/04/2025,"9:00","12:00"
"5","SA","Hindmarsh                       ",5,"Special Hospital Team 3                                         ","Bupa - Woodville","104 Woodville Rd","","","WOODVILLE","SA","5011","-34.87397807","138.54248352",4109726,122329,"",28/04/2025,28/04/2025,"12:30","13:30"
"5","SA","Hindmarsh                       ",5,"Special Hospital Team 3                                         ","Bupa - Woodville","104 Woodville Rd","","","WOODVILLE","SA","5011","-34.87397807","138.54248352",4109726,122329,"",28/04/2025,28/04/2025,"9:00","12:00"
"5","SA","Hindmarsh                       ",5,"Special Hospital Team 3                                         ","Estia Health - Lockleys","8 Mellor Ave","","","LOCKLEYS","SA","5032","-34.924579556338","138.544044502806",4110620,122709,"",01/05/2025,01/05/2025,"9:00","11:00"
"5","SA","Hindmarsh                       ",5,"Special Hospital Team 3                                         ","The Queen Elizabeth Hospital","28 Woodville Rd","","","WOODVILLE SOUTH","SA","5011","-34.8838818656667","138.534033786895",4109007,129684,"Common Area",29/04/2025,29/04/2025,"12:30","16:00"
"5","SA","Hindmarsh                       ",5,"Special Hospital Team 3                                         ","The Queen Elizabeth Hospital","28 Woodville Rd","","","WOODVILLE SOUTH","SA","5011","-34.8838818656667","138.534033786895",4109007,129684,"Common Area",29/04/2025,29/04/2025,"9:00","12:00"
"5","SA","Hindmarsh                       ",5,"Special Hospital Team 3                                         ","The Queen Elizabeth Hospital","28 Woodville Rd","","","WOODVILLE SOUTH","SA","5011","-34.8838818656667","138.534033786895",4109007,129684,"Common Area",30/04/2025,30/04/2025,"12:30","16:00"
"5","SA","Hindmarsh                       ",5,"Special Hospital Team 3                                         ","The Queen Elizabeth Hospital","28 Woodville Rd","","","WOODVILLE SOUTH","SA","5011","-34.8838818656667","138.534033786895",4109007,129684,"Common Area",30/04/2025,30/04/2025,"9:00","12:00"
"5","SA","Hindmarsh                       ",5,"Special Hospital Team 3                                         ","The Queen Elizabeth Hospital","28 Woodville Rd","","","WOODVILLE SOUTH","SA","5011","-34.8838818656667","138.534033786895",4109007,129684,"Common Area",01/05/2025,01/05/2025,"13:30","16:00"
"5","SA","Hindmarsh                       ",5,"Special Hospital Team 3                                         ","UnitingSA Wesley House Aged Care","324 Military Rd","","","SEMAPHORE PARK","SA","5019","-34.85652620277073","138.47871882964128",4109609,13166,"",23/04/2025,23/04/2025,"12:30","13:30"
"5","SA","Hindmarsh                       ",5,"Special Hospital Team 3                                         ","UnitingSA Wesley House Aged Care","324 Military Rd","","","SEMAPHORE PARK","SA","5019","-34.85652620277073","138.47871882964128",4109609,13166,"",23/04/2025,23/04/2025,"9:00","12:00"
"5","SA","Hindmarsh                       ",5,"Special Hospital Team 3                                         ","UnitingSA Wesley House Aged Care","324 Military Rd","","","SEMAPHORE PARK","SA","5019","-34.85652620277073","138.47871882964128",4109609,13166,"",24/04/2025,24/04/2025,"12:30","13:30"
"5","SA","Hindmarsh                       ",5,"Special Hospital Team 3                                         ","UnitingSA Wesley House Aged Care","324 Military Rd","","","SEMAPHORE PARK","SA","5019","-34.85652620277073","138.47871882964128",4109609,13166,"",24/04/2025,24/04/2025,"9:00","12:00"
"5","SA","Hindmarsh                       ",5,"Special Hospital Team 4                                         ","Bolton Clarke Marten","110 Strathfield Tce","","","LARGS NORTH","SA","5016","-34.8126556939187","138.502630746248",4110027,122333,"",24/04/2025,24/04/2025,"9:00","12:00"
"5","SA","Hindmarsh                       ",5,"Special Hospital Team 4                                         ","Pennwood Village","19 Windsor Ave","","","PENNINGTON","SA","5013","-34.85798441348098","138.5360326840226",4109707,122326,"",28/04/2025,28/04/2025,"9:00","12:00"
"5","SA","Hindmarsh                       ",5,"Special Hospital Team 4                                         ","Semaphore Residential Care Centre","122 Esplanade","","","SEMAPHORE","SA","5019","-34.8333282","138.4823477",4109908,122332,"",01/05/2025,01/05/2025,"9:00","10:30"
"5","SA","Hindmarsh                       ",5,"Special Hospital Team 4                                         ","Southern Cross Care The Philip Kennedy Centre Residential Care","477-479 Military Rd","","","LARGS BAY","SA","5016","-34.824466293452","138.489523857622",4109902,33630,"",22/04/2025,22/04/2025,"13:00","15:00"
"5","SA","Hindmarsh                       ",5,"Special Hospital Team 4                                         ","Southern Cross Care The Philip Kennedy Centre Residential Care","477-479 Military Rd","","","LARGS BAY","SA","5016","-34.824466293452","138.489523857622",4109902,33630,"",22/04/2025,22/04/2025,"9:00","12:30"
"5","SA","Hindmarsh                       ",5,"Special Hospital Team 4                                         ","Southern Cross Care The Philip Kennedy Centre Residential Care","477-479 Military Rd","","","LARGS BAY","SA","5016","-34.824466293452","138.489523857622",4109902,33630,"",23/04/2025,23/04/2025,"12:30","13:30"
"5","SA","Hindmarsh                       ",5,"Special Hospital Team 4                                         ","Southern Cross Care The Philip Kennedy Centre Residential Care","477-479 Military Rd","","","LARGS BAY","SA","5016","-34.824466293452","138.489523857622",4109902,33630,"",23/04/2025,23/04/2025,"9:00","12:00"
"5","SA","Hindmarsh                       ",5,"Special Hospital Team 4                                         ","St Raphaels Home for the Aged","2 Franciscan Ave","","","LOCKLEYS","SA","5032","-34.923788","138.526759",4110623,126218,"",29/04/2025,29/04/2025,"9:00","10:30"
"5","SA","Hindmarsh                       ",5,"Special Hospital Team 4                                         ","Walkerville Lodge Supportive Care","6 James St","","","CHELTENHAM","SA","5014","-34.86253747","138.52355827",4109716,122330,"",30/04/2025,30/04/2025,"9:00","11:00"
"5","SA","Hindmarsh                       ",5,"Special Hospital Team 5                                         ","Brook-Lyn Supportive Care","377 Henley Beach Rd","","","BROOKLYN PARK","SA","5032","-34.92680907","138.53996413",4110602,129657,"",24/04/2025,24/04/2025,"9:00","11:30"
"5","SA","Hindmarsh                       ",5,"Special Hospital Team 5                                         ","Eldercare Acacia Court","81 Tapleys Hill Rd","","","HENDON","SA","5014","-34.872780730852035","138.5126432104568",4109408,122320,"",01/05/2025,01/05/2025,"9:00","10:30"
"5","SA","Hindmarsh                       ",5,"Special Hospital Team 5                                         ","Sunnydale Supportive Care","247 Military Rd","","","SEMAPHORE","SA","5019","-34.837115","138.484372",4109923,122331,"",22/04/2025,22/04/2025,"9:00","12:00"
"5","SA","Hindmarsh                       ",5,"Special Hospital Team 5                                         ","The Queen Elizabeth Hospital","28 Woodville Rd","","","WOODVILLE SOUTH","SA","5011","-34.8838818656667","138.534033786895",4109007,129684,"Common Area Team 2",29/04/2025,29/04/2025,"12:30","16:00"
"5","SA","Hindmarsh                       ",5,"Special Hospital Team 5                                         ","The Queen Elizabeth Hospital","28 Woodville Rd","","","WOODVILLE SOUTH","SA","5011","-34.8838818656667","138.534033786895",4109007,129684,"Common Area Team 2",29/04/2025,29/04/2025,"9:00","12:00"
"5","SA","Hindmarsh                       ",5,"Special Hospital Team 5                                         ","The Queen Elizabeth Hospital","28 Woodville Rd","","","WOODVILLE SOUTH","SA","5011","-34.8838818656667","138.534033786895",4109007,129684,"Common Area Team 2",30/04/2025,30/04/2025,"12:30","16:00"
"5","SA","Hindmarsh                       ",5,"Special Hospital Team 5                                         ","The Queen Elizabeth Hospital","28 Woodville Rd","","","WOODVILLE SOUTH","SA","5011","-34.8838818656667","138.534033786895",4109007,129684,"Common Area Team 2",30/04/2025,30/04/2025,"9:00","12:00"
"5","SA","Hindmarsh                       ",5,"Special Hospital Team 5                                         ","UnitingSA Seaton Aged Care","172 Trimmer Pde","","","SEATON","SA","5023","-34.891369672795044","138.51038125114465",4109506,122323,"",28/04/2025,28/04/2025,"9:00","12:30"
"5","SA","Hindmarsh                       ",5,"Special Hospital Team 5                                         ","UnitingSA West Lakes Aged Care","1 Charles St","","","WEST LAKES","SA","5021","-34.87944379","138.49695735",4109605,122322,"",23/04/2025,23/04/2025,"12:30","13:30"
"5","SA","Hindmarsh                       ",5,"Special Hospital Team 5                                         ","UnitingSA West Lakes Aged Care","1 Charles St","","","WEST LAKES","SA","5021","-34.87944379","138.49695735",4109605,122322,"",23/04/2025,23/04/2025,"9:00","12:00"
"5","SA","Kingston                        ",6,"Other Mobile Team 1                                             ","SAFE Centre - Baptist Churches SA/NT","8 Fowey Street","","","CHRISTIES BEACH","SA","5165","-35.13971800264796","138.47504885469215",4107422,143548,"",22/04/2025,22/04/2025,"12:00","13:30"
"5","SA","Kingston                        ",6,"Other Mobile Team 1                                             ","SAFE Centre - Baptist Churches SA/NT","8 Fowey Street","","","CHRISTIES BEACH","SA","5165","-35.13971800264796","138.47504885469215",4107422,143548,"",22/04/2025,22/04/2025,"9:00","11:30"
"5","SA","Kingston                        ",6,"Special Hospital Team 1                                         ","Eldercare Cottage Grove","150 Reynell Rd","","","WOODCROFT","SA","5162","-35.093734","138.5586339",4108922,122697,"",23/04/2025,23/04/2025,"13:00","17:00"
"5","SA","Kingston                        ",6,"Special Hospital Team 1                                         ","Eldercare Cottage Grove","150 Reynell Rd","","","WOODCROFT","SA","5162","-35.093734","138.5586339",4108922,122697,"",23/04/2025,23/04/2025,"9:30","12:30"
"5","SA","Kingston                        ",6,"Special Hospital Team 1                                         ","Estia Health - Aberfoyle Park","39 Campus Dr","","","ABERFOYLE PARK","SA","5159","-35.068894","138.595163",4107125,13161,"",01/05/2025,01/05/2025,"12:30","14:30"
"5","SA","Kingston                        ",6,"Special Hospital Team 1                                         ","Estia Health - Aberfoyle Park","39 Campus Dr","","","ABERFOYLE PARK","SA","5159","-35.068894","138.595163",4107125,13161,"",01/05/2025,01/05/2025,"9:30","12:00"
"5","SA","Kingston                        ",6,"Special Hospital Team 1                                         ","Kalyra Woodcroft Aged Care","54 Woodcroft Dr","","","MORPHETT VALE","SA","5162","-35.1106536","138.5408837",4108416,62954,"",28/04/2025,28/04/2025,"9:30","12:00"
"5","SA","Kingston                        ",6,"Special Hospital Team 1                                         ","Opal HealthCare Reynella Hillside","7 Railway Tce","","","OLD REYNELLA","SA","5161","-35.08693256","138.54474326",4108615,122337,"",22/04/2025,22/04/2025,"13:00","16:30"
"5","SA","Kingston                        ",6,"Special Hospital Team 1                                         ","Opal HealthCare Reynella Hillside","7 Railway Tce","","","OLD REYNELLA","SA","5161","-35.08693256","138.54474326",4108615,122337,"",22/04/2025,22/04/2025,"9:30","12:30"
"5","SA","Kingston                        ",6,"Special Hospital Team 1                                         ","Warrina Vales","60-66 States Rd","","","MORPHETT VALE","SA","5162","-35.10557344","138.53538652",4108417,122698,"",29/04/2025,29/04/2025,"13:00","16:00"
"5","SA","Kingston                        ",6,"Special Hospital Team 1                                         ","Warrina Vales","60-66 States Rd","","","MORPHETT VALE","SA","5162","-35.10557344","138.53538652",4108417,122698,"",29/04/2025,29/04/2025,"9:00","12:30"
"5","SA","Kingston                        ",6,"Special Hospital Team 2                                         ","AnglicareSA - Trott Park","4 Kangaroo Thorn Rd","","","TROTT PARK","SA","5158","-35.08445135126725","138.5348998621121",4106315,62953,"",30/04/2025,30/04/2025,"13:00","16:00"
"5","SA","Kingston                        ",6,"Special Hospital Team 2                                         ","AnglicareSA - Trott Park","4 Kangaroo Thorn Rd","","","TROTT PARK","SA","5158","-35.08445135126725","138.5348998621121",4106315,62953,"",30/04/2025,30/04/2025,"9:00","12:30"
"5","SA","Kingston                        ",6,"Special Hospital Team 2                                         ","AnglicareSA - Trott Park","4 Kangaroo Thorn Rd","","","TROTT PARK","SA","5158","-35.08445135126725","138.5348998621121",4106315,62953,"",01/05/2025,01/05/2025,"9:00","12:00"
"5","SA","Kingston                        ",6,"Special Hospital Team 2                                         ","Bethsalem Care","10 Education Rd","","","HAPPY VALLEY","SA","5159","-35.08581710426953","138.5838213026859",4108025,122694,"",22/04/2025,22/04/2025,"13:00","14:00"
"5","SA","Kingston                        ",6,"Special Hospital Team 2                                         ","Bethsalem Care","10 Education Rd","","","HAPPY VALLEY","SA","5159","-35.08581710426953","138.5838213026859",4108025,122694,"",22/04/2025,22/04/2025,"9:30","12:30"
"5","SA","Kingston                        ",6,"Special Hospital Team 2                                         ","Estia Health - Flagstaff Hill","40-42 Skyline Dr","","","FLAGSTAFF HILL","SA","5159","-35.0405062180739","138.568298891801",4107716,122696,"",29/04/2025,29/04/2025,"9:30","12:30"
"5","SA","Kingston                        ",6,"Special Hospital Team 2                                         ","Resthaven - Aberfoyle Park","100 Hub Dr","","","ABERFOYLE PARK","SA","5159","-35.07514751377146","138.59687786091536",4107130,106248,"",23/04/2025,23/04/2025,"13:00","14:00"
"5","SA","Kingston                        ",6,"Special Hospital Team 2                                         ","Resthaven - Aberfoyle Park","100 Hub Dr","","","ABERFOYLE PARK","SA","5159","-35.07514751377146","138.59687786091536",4107130,106248,"",23/04/2025,23/04/2025,"9:30","12:30"
"5","SA","Kingston                        ",6,"Special Hospital Team 3                                         ","ACH Group Perry Park","26 River Rd","","","PORT NOARLUNGA","SA","5167","-35.147723561534264","138.47969284891605",4107426,13133,"",28/04/2025,28/04/2025,"13:00","15:00"
"5","SA","Kingston                        ",6,"Special Hospital Team 3                                         ","ACH Group Perry Park","26 River Rd","","","PORT NOARLUNGA","SA","5167","-35.147723561534264","138.47969284891605",4107426,13133,"",28/04/2025,28/04/2025,"9:30","12:30"
"5","SA","Kingston                        ",6,"Special Hospital Team 3                                         ","Bolton Clarke Holly","16-24 Penneys Hill Rd","","","HACKHAM","SA","5163","-35.147347847118965","138.52736051638658",4107809,126330,"",23/04/2025,23/04/2025,"13:00","16:00"
"5","SA","Kingston                        ",6,"Special Hospital Team 3                                         ","Bolton Clarke Holly","16-24 Penneys Hill Rd","","","HACKHAM","SA","5163","-35.147347847118965","138.52736051638658",4107809,126330,"",23/04/2025,23/04/2025,"9:00","12:30"
"5","SA","Kingston                        ",6,"Special Hospital Team 3                                         ","Eldercare - Seaford","100 Seaford Rd","","","SEAFORD","SA","5169","-35.1813393053321","138.480822747277",4117704,122336,"",29/04/2025,29/04/2025,"9:30","12:30"
"5","SA","Kingston                        ",6,"Special Hospital Team 3                                         ","Infinite Care - Christies Beach","50 Gulfview Rd","","","CHRISTIES BEACH","SA","5165","-35.1314131848572","138.476876500967",4107427,122335,"",01/05/2025,01/05/2025,"9:00","12:30"
"5","SA","Kingston                        ",6,"Special Hospital Team 3                                         ","Noarlunga Hospital - Morier Ward","Alexander Kelly Drive","","","NOARLUNGA CENTRE","SA","5168","-35.1388747","138.4996501",4107321,129671,"",30/04/2025,30/04/2025,"12:30","14:00"
"5","SA","Kingston                        ",6,"Special Hospital Team 3                                         ","Noarlunga Hospital - Morier Ward","Alexander Kelly Drive","","","NOARLUNGA CENTRE","SA","5168","-35.1388747","138.4996501",4107321,129671,"",30/04/2025,30/04/2025,"9:30","12:00"
"5","SA","Kingston                        ",6,"Special Hospital Team 3                                         ","Southern Cross Care Onkaparinga Lodge","28 Liddell Dr","","","HUNTFIELD HEIGHTS","SA","5163","-35.15198549945167","138.52074156617206",4107910,50345,"",22/04/2025,22/04/2025,"12:30","13:30"
"5","SA","Kingston                        ",6,"Special Hospital Team 3                                         ","Southern Cross Care Onkaparinga Lodge","28 Liddell Dr","","","HUNTFIELD HEIGHTS","SA","5163","-35.15198549945167","138.52074156617206",4107910,50345,"",22/04/2025,22/04/2025,"9:30","12:00"
"5","SA","Kingston                        ",6,"Special Hospital Team 3                                         ","St Basil's Aegean Village","10 Morton Rd","","","CHRISTIE DOWNS","SA","5164","-35.13705619333523","138.500978462835",4107304,122334,"",24/04/2025,24/04/2025,"13:00","14:00"
"5","SA","Kingston                        ",6,"Special Hospital Team 3                                         ","St Basil's Aegean Village","10 Morton Rd","","","CHRISTIE DOWNS","SA","5164","-35.13705619333523","138.500978462835",4107304,122334,"",24/04/2025,24/04/2025,"9:30","12:30"
"5","SA","Makin                           ",7,"Other Mobile Team 1                                             ","Adelaide Womens Prison","Grand Junction Rd","","","NORTHFIELD","SA","5085","-34.84628002580834","138.64148718293512",4117529,123775,"",29/04/2025,29/04/2025,"10:30","12:00"
"5","SA","Makin                           ",7,"Other Mobile Team 1                                             ","Adelaide Womens Prison","Grand Junction Rd","","","NORTHFIELD","SA","5085","-34.84628002580834","138.64148718293512",4117529,123775,"",29/04/2025,29/04/2025,"13:15","15:30"
"5","SA","Makin                           ",7,"Other Mobile Team 1                                             ","Adelaide Womens Prison","Grand Junction Rd","","","NORTHFIELD","SA","5085","-34.84628002580834","138.64148718293512",4117529,123775,"",29/04/2025,29/04/2025,"8:00","10:00"
"5","SA","Makin                           ",7,"Other Mobile Team 1                                             ","Yatala Labour Prison","Peter Brown Dr","","","NORTHFIELD","SA","5085","-34.84580962093232","138.62803135020636",4117529,123776,"",22/04/2025,22/04/2025,"13:15","15:45"
"5","SA","Makin                           ",7,"Other Mobile Team 1                                             ","Yatala Labour Prison","Peter Brown Dr","","","NORTHFIELD","SA","5085","-34.84580962093232","138.62803135020636",4117529,123776,"",22/04/2025,22/04/2025,"9:30","11:30"
"5","SA","Makin                           ",7,"Other Mobile Team 1                                             ","Yatala Labour Prison","Peter Brown Dr","","","NORTHFIELD","SA","5085","-34.84580962093232","138.62803135020636",4117529,123776,"",23/04/2025,23/04/2025,"13:15","15:45"
"5","SA","Makin                           ",7,"Other Mobile Team 1                                             ","Yatala Labour Prison","Peter Brown Dr","","","NORTHFIELD","SA","5085","-34.84580962093232","138.62803135020636",4117529,123776,"",23/04/2025,23/04/2025,"9:30","11:30"
"5","SA","Makin                           ",7,"Other Mobile Team 1                                             ","Yatala Labour Prison","Peter Brown Dr","","","NORTHFIELD","SA","5085","-34.84580962093232","138.62803135020636",4117529,123776,"",24/04/2025,24/04/2025,"13:15","15:45"
"5","SA","Makin                           ",7,"Other Mobile Team 1                                             ","Yatala Labour Prison","Peter Brown Dr","","","NORTHFIELD","SA","5085","-34.84580962093232","138.62803135020636",4117529,123776,"",24/04/2025,24/04/2025,"9:30","11:45"
"5","SA","Makin                           ",7,"Other Mobile Team 1                                             ","Yatala Labour Prison","Peter Brown Dr","","","NORTHFIELD","SA","5085","-34.84580962093232","138.62803135020636",4117529,123776,"",30/04/2025,30/04/2025,"13:15","15:45"
"5","SA","Makin                           ",7,"Other Mobile Team 1                                             ","Yatala Labour Prison","Peter Brown Dr","","","NORTHFIELD","SA","5085","-34.84580962093232","138.62803135020636",4117529,123776,"",30/04/2025,30/04/2025,"9:30","11:30"
"5","SA","Makin                           ",7,"Special Hospital Team 1                                         ","Estia Health - Valley View","66 Nelson Rd","","","VALLEY VIEW","SA","5093","-34.84062072412751","138.66309792758696",4117616,122717,"",29/04/2025,29/04/2025,"11:30","12:30"
"5","SA","Makin                           ",7,"Special Hospital Team 1                                         ","Estia Health - Valley View","66 Nelson Rd","","","VALLEY VIEW","SA","5093","-34.84062072412751","138.66309792758696",4117616,122717,"",29/04/2025,29/04/2025,"9:00","11:00"
"5","SA","Makin                           ",7,"Special Hospital Team 1                                         ","Helping Hand - Golden Grove","209 The Golden Way","","","GOLDEN GROVE","SA","5125","-34.79135609","138.6961938",4104914,122718,"",28/04/2025,28/04/2025,"12:00","13:00"
"5","SA","Makin                           ",7,"Special Hospital Team 1                                         ","Helping Hand - Golden Grove","209 The Golden Way","","","GOLDEN GROVE","SA","5125","-34.79135609","138.6961938",4104914,122718,"",28/04/2025,28/04/2025,"9:00","11:30"
"5","SA","Makin                           ",7,"Special Hospital Team 1                                         ","Helping Hand - Ingle Farm","7-31 Shackleton Ave","","","INGLE FARM","SA","5098","-34.823554229216754","138.6568980111995",4104021,33698,"",23/04/2025,23/04/2025,"12:30","16:00"
"5","SA","Makin                           ",7,"Special Hospital Team 1                                         ","Helping Hand - Ingle Farm","7-31 Shackleton Ave","","","INGLE FARM","SA","5098","-34.823554229216754","138.6568980111995",4104021,33698,"",23/04/2025,23/04/2025,"9:00","12:00"
"5","SA","Makin                           ",7,"Special Hospital Team 1                                         ","Lutheran Homes Group - Hope Valley","1217 Grand Junction Rd","","","HOPE VALLEY","SA","5090","-34.84301126083254","138.69955466308625",4105230,32533,"",30/04/2025,30/04/2025,"13:00","15:00"
"5","SA","Makin                           ",7,"Special Hospital Team 1                                         ","Modbury Hospital - Woodleigh House","1 Hatherleigh Ave","","","MODBURY","SA","5092","-34.83419","138.69157",4105226,122719,"",30/04/2025,30/04/2025,"9:00","11:00"
"5","SA","Makin                           ",7,"Special Hospital Team 1                                         ","Warrina Crescent","22 Kylie Cres","","","INGLE FARM","SA","5098","-34.83128438840867","138.64966603191723",4104010,62987,"",22/04/2025,22/04/2025,"13:00","15:30"
"5","SA","Makin                           ",7,"Special Hospital Team 1                                         ","Warrina Crescent","22 Kylie Cres","","","INGLE FARM","SA","5098","-34.83128438840867","138.64966603191723",4104010,62987,"",22/04/2025,22/04/2025,"9:00","12:30"
"5","SA","Makin                           ",7,"Special Hospital Team 2                                         ","Bene Italian Village","6 Mumford Ave","","","ST AGNES","SA","5097","-34.83442088984919","138.71457032008095",4105527,122714,"",29/04/2025,29/04/2025,"12:30","14:30"
"5","SA","Makin                           ",7,"Special Hospital Team 2                                         ","Bene Italian Village","6 Mumford Ave","","","ST AGNES","SA","5097","-34.83442088984919","138.71457032008095",4105527,122714,"",29/04/2025,29/04/2025,"9:00","12:00"
"5","SA","Makin                           ",7,"Special Hospital Team 2                                         ","Bene Italian Village","6 Mumford Ave","","","ST AGNES","SA","5097","-34.83442088984919","138.71457032008095",4105527,122714,"",30/04/2025,30/04/2025,"12:30","14:30"
"5","SA","Makin                           ",7,"Special Hospital Team 2                                         ","Bene Italian Village","6 Mumford Ave","","","ST AGNES","SA","5097","-34.83442088984919","138.71457032008095",4105527,122714,"",30/04/2025,30/04/2025,"9:00","12:00"
"5","SA","Makin                           ",7,"Special Hospital Team 2                                         ","Calvary The Homestead","29 Homestead Ave","","","WALKLEY HEIGHTS","SA","5098","-34.8369894286233","138.63961230312682",4104014,50320,"",24/04/2025,24/04/2025,"9:00","11:00"
"5","SA","Makin                           ",7,"Special Hospital Team 2                                         ","Edenfield Family Care - Parafield Gardens","20-36 Gardenia Dr","","","PARAFIELD GARDENS","SA","5107","-34.7764381883847","138.615616370452",4104305,122712,"",01/05/2025,01/05/2025,"9:30","11:30"
"5","SA","Makin                           ",7,"Special Hospital Team 2                                         ","Estia Health - Golden Grove","27 Captain Robertson Ave","","","GOLDEN GROVE","SA","5125","-34.770456118956275","138.73202309128888",4104926,69576,"",23/04/2025,23/04/2025,"12:30","14:30"
"5","SA","Makin                           ",7,"Special Hospital Team 2                                         ","Estia Health - Golden Grove","27 Captain Robertson Ave","","","GOLDEN GROVE","SA","5125","-34.770456118956275","138.73202309128888",4104926,69576,"",23/04/2025,23/04/2025,"9:00","12:00"
"5","SA","Makin                           ",7,"Special Hospital Team 2                                         ","Estia Health - Hope Valley","1099 Grand Junction Rd","","","HOPE VALLEY","SA","5090","-34.84331","138.685781",4105203,122716,"",22/04/2025,22/04/2025,"12:30","14:30"
"5","SA","Makin                           ",7,"Special Hospital Team 2                                         ","Estia Health - Hope Valley","1099 Grand Junction Rd","","","HOPE VALLEY","SA","5090","-34.84331","138.685781",4105203,122716,"",22/04/2025,22/04/2025,"9:30","12:00"
"5","SA","Makin                           ",7,"Special Hospital Team 2                                         ","Eureka Care Communities Salisbury","22-24 Hazel Rd","","","SALISBURY EAST","SA","5109","-34.79065788868758","138.66028469814245",4104720,126221,"",28/04/2025,28/04/2025,"12:30","13:30"
"5","SA","Makin                           ",7,"Special Hospital Team 2                                         ","Eureka Care Communities Salisbury","22-24 Hazel Rd","","","SALISBURY EAST","SA","5109","-34.79065788868758","138.66028469814245",4104720,126221,"",28/04/2025,28/04/2025,"9:00","12:00"
"5","SA","Makin                           ",7,"Special Hospital Team 3                                         ","Bolton Clarke - Ridgehaven","3 Hazel Gr","","","RIDGEHAVEN","SA","5097","-34.82315736281743","138.69786990224657",4105512,13146,"",28/04/2025,28/04/2025,"12:30","14:30"
"5","SA","Makin                           ",7,"Special Hospital Team 3                                         ","Bolton Clarke - Ridgehaven","3 Hazel Gr","","","RIDGEHAVEN","SA","5097","-34.82315736281743","138.69786990224657",4105512,13146,"",28/04/2025,28/04/2025,"9:00","12:00"
"5","SA","Makin                           ",7,"Special Hospital Team 3                                         ","Helping Hand - Mawson Lakes","2-10 The Strand","","","MAWSON LAKES","SA","5095","-34.810382560969984","138.6108057923248",4117109,40786,"",24/04/2025,24/04/2025,"13:00","15:30"
"5","SA","Makin                           ",7,"Special Hospital Team 3                                         ","Helping Hand - Mawson Lakes","2-10 The Strand","","","MAWSON LAKES","SA","5095","-34.810382560969984","138.6108057923248",4117109,40786,"",24/04/2025,24/04/2025,"9:00","12:30"
"5","SA","Makin                           ",7,"Special Hospital Team 3                                         ","Helping Hand - Parafield Gardens","437 Salisbury Hwy","","","PARAFIELD GARDENS","SA","5107","-34.78719723418128","138.61835728640077",4104303,122298,"",22/04/2025,22/04/2025,"12:00","14:30"
"5","SA","Makin                           ",7,"Special Hospital Team 3                                         ","Helping Hand - Parafield Gardens","437 Salisbury Hwy","","","PARAFIELD GARDENS","SA","5107","-34.78719723418128","138.61835728640077",4104303,122298,"",22/04/2025,22/04/2025,"9:00","11:30"
"5","SA","Makin                           ",7,"Special Hospital Team 3                                         ","Highercombe Residential Care","7-11 Sirius Ave","","","HOPE VALLEY","SA","5090","-34.839310184117885","138.7092536918243",4105208,122713,"",30/04/2025,30/04/2025,"12:30","14:30"
"5","SA","Makin                           ",7,"Special Hospital Team 3                                         ","Highercombe Residential Care","7-11 Sirius Ave","","","HOPE VALLEY","SA","5090","-34.839310184117885","138.7092536918243",4105208,122713,"",30/04/2025,30/04/2025,"9:00","12:00"
"5","SA","Makin                           ",7,"Special Hospital Team 3                                         ","Highercombe Residential Care","7-11 Sirius Ave","","","HOPE VALLEY","SA","5090","-34.839310184117885","138.7092536918243",4105208,122713,"",01/05/2025,01/05/2025,"12:30","13:30"
"5","SA","Makin                           ",7,"Special Hospital Team 3                                         ","Highercombe Residential Care","7-11 Sirius Ave","","","HOPE VALLEY","SA","5090","-34.839310184117885","138.7092536918243",4105208,122713,"",01/05/2025,01/05/2025,"9:00","12:00"
"5","SA","Makin                           ",7,"Special Hospital Team 3                                         ","Para Hills Residential Care","50 Kesters Rd","","","PARA HILLS WEST","SA","5096","-34.80271018","138.64379833",4104121,122715,"",29/04/2025,29/04/2025,"12:00","14:30"
"5","SA","Makin                           ",7,"Special Hospital Team 3                                         ","Para Hills Residential Care","50 Kesters Rd","","","PARA HILLS WEST","SA","5096","-34.80271018","138.64379833",4104121,122715,"",29/04/2025,29/04/2025,"9:00","11:30"
"5","SA","Mayo                            ",8,"Other Mobile Team 1                                             ","Moorundi Aboriginal Community Controlled Health Service","15 Victoria St","","","VICTOR HARBOR","SA","5211","-35.55540038","138.62120299",4114802,127282,"",28/04/2025,28/04/2025,"10:30","12:30"
"5","SA","Mayo                            ",8,"Other Mobile Team 1                                             ","Moorundi Aboriginal Community Controlled Health Service","15 Victoria St","","","VICTOR HARBOR","SA","5211","-35.55540038","138.62120299",4114802,127282,"",28/04/2025,28/04/2025,"13:00","14:30"
"5","SA","Mayo                            ",8,"Special Hospital Team 1                                         ","Bene St Paul's","7 Braun Dr","","","HAHNDORF","SA","5245","-35.032890756408385","138.81436329626942",4100502,40863,"",22/04/2025,22/04/2025,"13:00","15:00"
"5","SA","Mayo                            ",8,"Special Hospital Team 1                                         ","Bene St Paul's","7 Braun Dr","","","HAHNDORF","SA","5245","-35.032890756408385","138.81436329626942",4100502,40863,"",22/04/2025,22/04/2025,"9:30","12:30"
"5","SA","Mayo                            ",8,"Special Hospital Team 1                                         ","Eldercare Sash Ferguson","8 Fletcher Rd","","","MOUNT BARKER","SA","5251","-35.07208858024658","138.86477314862026",4100710,13154,"",29/04/2025,29/04/2025,"9:30","12:30"
"5","SA","Mayo                            ",8,"Special Hospital Team 1                                         ","Estia Health - Strathalbyn","7 Langhorne Creek Rd","","","STRATHALBYN","SA","5255","-35.26063860861736","138.90161805470882",4114610,122690,"",01/05/2025,01/05/2025,"9:30","13:00"
"5","SA","Mayo                            ",8,"Special Hospital Team 1                                         ","Infinite Care - Hahndorf","1A Mount Barker Rd","","","HAHNDORF","SA","5245","-35.03579854518327","138.81371738214253",4100514,122692,"",23/04/2025,23/04/2025,"13:00","16:30"
"5","SA","Mayo                            ",8,"Special Hospital Team 1                                         ","Infinite Care - Hahndorf","1A Mount Barker Rd","","","HAHNDORF","SA","5245","-35.03579854518327","138.81371738214253",4100514,122692,"",23/04/2025,23/04/2025,"9:30","12:30"
"5","SA","Mayo                            ",8,"Special Hospital Team 1                                         ","Southern Cross Care Oakfield Lodge","15 Hawthorn Rd","","","MOUNT BARKER","SA","5251","-35.06553915725213","138.85067354258405",4100703,122693,"",30/04/2025,30/04/2025,"12:30","15:30"
"5","SA","Mayo                            ",8,"Special Hospital Team 1                                         ","Southern Cross Care Oakfield Lodge","15 Hawthorn Rd","","","MOUNT BARKER","SA","5251","-35.06553915725213","138.85067354258405",4100703,122693,"",30/04/2025,30/04/2025,"9:00","12:00"
"5","SA","Mayo                            ",8,"Special Hospital Team 1                                         ","Strathalbyn and District Aged Care ","43 High St","","","STRATHALBYN","SA","5255","-35.2575226332024","138.89380812563",4114606,122691,"",28/04/2025,28/04/2025,"9:00","11:00"
"5","SA","Mayo                            ",8,"Special Hospital Team 1                                         ","The Woolshed","37 Henry Martin Rd","","","ASHBOURNE","SA","5157","-35.27946124","138.77374183",4114716,123374,"",28/04/2025,28/04/2025,"13:00","14:00"
"5","SA","Mayo                            ",8,"Special Hospital Team 2                                         ","Bolton Clarke Hillside","177 Longwood Rd","","","HEATHFIELD","SA","5153","-35.02648195","138.72396441",4100403,122686,"",22/04/2025,22/04/2025,"13:00","14:30"
"5","SA","Mayo                            ",8,"Special Hospital Team 2                                         ","Clayton Church Homes Onkaparinga Valley ","38 Nairne Rd","","","WOODSIDE","SA","5244","-34.95594803066329","138.8783269713191",4100612,122684,"",23/04/2025,23/04/2025,"13:30","15:00"
"5","SA","Mayo                            ",8,"Special Hospital Team 2                                         ","Clayton Church Homes Onkaparinga Valley ","38 Nairne Rd","","","WOODSIDE","SA","5244","-34.95594803066329","138.8783269713191",4100612,122684,"",23/04/2025,23/04/2025,"9:30","13:00"
"5","SA","Mayo                            ",8,"Special Hospital Team 2                                         ","Estia Health - Aldgate","4 Gibb Rd","","","ALDGATE","SA","5154","-35.0174248","138.7384982",4100425,122687,"",22/04/2025,22/04/2025,"10:00","11:00"
"5","SA","Mayo                            ",8,"Special Hospital Team 2                                         ","Glenview Homes","2 Albert St","","","GUMERACHA","SA","5233","-34.825363324413225","138.88303971221836",4100315,122689,"",28/04/2025,28/04/2025,"9:00","12:00"
"5","SA","Mayo                            ",8,"Special Hospital Team 2                                         ","Restvale","8 Woodside Rd","","","LOBETHAL","SA","5241","-34.90873202857782","138.8742415024843",4100624,122688,"",24/04/2025,24/04/2025,"13:00","14:00"
"5","SA","Mayo                            ",8,"Special Hospital Team 3                                         ","Bolton Clarke Ross Robertson","19 Cornhill Rd","","","VICTOR HARBOR","SA","5211","-35.54885066810743","138.62128261555696",4114804,122341,"",23/04/2025,23/04/2025,"13:00","14:30"
"5","SA","Mayo                            ",8,"Special Hospital Team 3                                         ","Bolton Clarke Ross Robertson","19 Cornhill Rd","","","VICTOR HARBOR","SA","5211","-35.54885066810743","138.62128261555696",4114804,122341,"",23/04/2025,23/04/2025,"9:30","12:30"
"5","SA","Mayo                            ",8,"Special Hospital Team 3                                         ","Bolton Clarke Ross Robertson","19 Cornhill Rd","","","VICTOR HARBOR","SA","5211","-35.54885066810743","138.62128261555696",4114804,122341,"",24/04/2025,24/04/2025,"13:00","14:00"
"5","SA","Mayo                            ",8,"Special Hospital Team 3                                         ","Bolton Clarke Ross Robertson","19 Cornhill Rd","","","VICTOR HARBOR","SA","5211","-35.54885066810743","138.62128261555696",4114804,122341,"",24/04/2025,24/04/2025,"9:30","12:30"
"5","SA","Mayo                            ",8,"Special Hospital Team 3                                         ","Estia Health - Encounter Bay","150 Bay Rd","","","ENCOUNTER BAY","SA","5211","-35.56393354029112","138.5963219579177",4114823,122340,"",28/04/2025,28/04/2025,"13:00","16:30"
"5","SA","Mayo                            ",8,"Special Hospital Team 3                                         ","Estia Health - Encounter Bay","150 Bay Rd","","","ENCOUNTER BAY","SA","5211","-35.56393354029112","138.5963219579177",4114823,122340,"",28/04/2025,28/04/2025,"9:30","12:30"
"5","SA","Mayo                            ",8,"Special Hospital Team 3                                         ","Estia Health - Encounter Bay","150 Bay Rd","","","ENCOUNTER BAY","SA","5211","-35.56393354029112","138.5963219579177",4114823,122340,"",29/04/2025,29/04/2025,"13:00","16:00"
"5","SA","Mayo                            ",8,"Special Hospital Team 3                                         ","Estia Health - Encounter Bay","150 Bay Rd","","","ENCOUNTER BAY","SA","5211","-35.56393354029112","138.5963219579177",4114823,122340,"",29/04/2025,29/04/2025,"9:30","12:30"
"5","SA","Mayo                            ",8,"Special Hospital Team 3                                         ","Resthaven - Port Elliot","3 Frederik St","","","PORT ELLIOT","SA","5212","-35.530172126257945","138.67874033840673",4114413,122344,"",01/05/2025,01/05/2025,"12:30","14:00"
"5","SA","Mayo                            ",8,"Special Hospital Team 3                                         ","Resthaven - Port Elliot","3 Frederik St","","","PORT ELLIOT","SA","5212","-35.530172126257945","138.67874033840673",4114413,122344,"",01/05/2025,01/05/2025,"9:00","12:00"
"5","SA","Mayo                            ",8,"Special Hospital Team 3                                         ","Southern Cross Care Sandpiper Lodge Residential Care","35 Washington St","","","GOOLWA","SA","5214","-35.49124056546132","138.79450697427328",4114428,122343,"",30/04/2025,30/04/2025,"9:30","13:00"
"5","SA","Mayo                            ",8,"Special Hospital Team 4                                         ","ACH Group Colton Court","84 Valley View Dr","","","MCLAREN VALE","SA","5171","-35.21820167","138.5380244",4108312,122350,"",24/04/2025,24/04/2025,"9:30","12:00"
"5","SA","Mayo                            ",8,"Special Hospital Team 4                                         ","Eden Field West Park","7 Partridge St","","","GOOLWA","SA","5214","-35.5013634498455","138.779688248673",4114427,122339,"",29/04/2025,29/04/2025,"14:30","17:00"
"5","SA","Mayo                            ",8,"Special Hospital Team 4                                         ","Eden Field Yankalilla","175 Main South Rd","","","YANKALILLA","SA","5203","-35.4549742811834","138.33792052385",4114909,122349,"",30/04/2025,30/04/2025,"9:30","11:30"
"5","SA","Mayo                            ",8,"Special Hospital Team 4                                         ","Kalyra McLaren Vale Aged Care ","19 Aldersey St","","","MCLAREN VALE","SA","5171","-35.222387302987315","138.54488885780182",4108305,122348,"",30/04/2025,30/04/2025,"14:00","15:30"
"5","SA","Mayo                            ",8,"Special Hospital Team 4                                         ","Opal Health Care - Aldinga Beach","6 Pridham Blvd","","","ALDINGA BEACH","SA","5173","-35.27668621973211","138.461878789138",4107229,122347,"",22/04/2025,22/04/2025,"9:30","13:00"
"5","SA","Mayo                            ",8,"Special Hospital Team 4                                         ","Southern Cross Care McCracken Views","31 Adelaide Rd","","","MCCRACKEN","SA","5211","-35.530185457474964","138.63689053317842",4114814,41991,"",29/04/2025,29/04/2025,"9:30","12:00"
"5","SA","Mayo                            ",8,"Special Hospital Team 5                                         ","Carnarvon Hostel","3 Wheelton St","","","KINGSCOTE","SA","5223","-35.65257424","137.64046074",4114507,122352,"",22/04/2025,22/04/2025,"9:30","11:00"
"5","SA","Spence                          ",9,"Special Hospital Team 1                                         ","AnglicareSA Elizabeth Dutton Court","33 Catalina Rd","","","ELIZABETH EAST","SA","5112","-34.720962060588","138.676550974173",4103121,34479,"",24/04/2025,24/04/2025,"13:00","15:30"
"5","SA","Spence                          ",9,"Special Hospital Team 1                                         ","AnglicareSA Elizabeth Dutton Court","33 Catalina Rd","","","ELIZABETH EAST","SA","5112","-34.720962060588","138.676550974173",4103121,34479,"",24/04/2025,24/04/2025,"9:00","12:30"
"5","SA","Spence                          ",9,"Special Hospital Team 1                                         ","AnglicareSA Elizabeth East","36C Halsey Rd","","","ELIZABETH EAST","SA","5112","-34.731929657949586","138.6811560326599",4103105,52073,"",28/04/2025,28/04/2025,"10:30","12:30"
"5","SA","Spence                          ",9,"Special Hospital Team 1                                         ","AnglicareSA Elizabeth East","36C Halsey Rd","","","ELIZABETH EAST","SA","5112","-34.731929657949586","138.6811560326599",4103105,52073,"",28/04/2025,28/04/2025,"13:00","15:30"
"5","SA","Spence                          ",9,"Special Hospital Team 1                                         ","Bolton Clarke Little Para","24-28 Wayford St","","","ELIZABETH VALE","SA","5112","-34.755923","138.657403",4103020,122726,"",23/04/2025,23/04/2025,"13:00","15:00"
"5","SA","Spence                          ",9,"Special Hospital Team 1                                         ","Bolton Clarke Little Para","24-28 Wayford St","","","ELIZABETH VALE","SA","5112","-34.755923","138.657403",4103020,122726,"",23/04/2025,23/04/2025,"9:30","12:30"
"5","SA","Spence                          ",9,"Special Hospital Team 1                                         ","Eldercare Evanston Park","17 Morrow Ave","","","EVANSTON PARK","SA","5116","-34.622399","138.742388",4102626,50902,"",22/04/2025,22/04/2025,"13:00","16:00"
"5","SA","Spence                          ",9,"Special Hospital Team 1                                         ","Eldercare Evanston Park","17 Morrow Ave","","","EVANSTON PARK","SA","5116","-34.622399","138.742388",4102626,50902,"",22/04/2025,22/04/2025,"9:00","12:30"
"5","SA","Spence                          ",9,"Special Hospital Team 1                                         ","Lyell McEwin Hospital - Mental Health Ward","120-130 Haydown Rd","","","ELIZABETH VALE","SA","5112","-34.74739","138.66456",4103017,127351,"",29/04/2025,29/04/2025,"13:00","15:00"
"5","SA","Spence                          ",9,"Special Hospital Team 1                                         ","Lyell McEwin Hospital - Mental Health Ward","120-130 Haydown Rd","","","ELIZABETH VALE","SA","5112","-34.74739","138.66456",4103017,127351,"",29/04/2025,29/04/2025,"9:30","11:30"
"5","SA","Spence                          ",9,"Special Hospital Team 2                                         ","ACH Healthia Residential Care Home Elizabeth South","26 Mark Rd","","","ELIZABETH SOUTH","SA","5112","-34.74813516","138.66123668",4103016,143479,"",23/04/2025,23/04/2025,"12:30","14:30"
"5","SA","Spence                          ",9,"Special Hospital Team 2                                         ","ACH Healthia Residential Care Home Elizabeth South","26 Mark Rd","","","ELIZABETH SOUTH","SA","5112","-34.74813516","138.66123668",4103016,143479,"",23/04/2025,23/04/2025,"9:30","12:00"
"5","SA","Spence                          ",9,"Special Hospital Team 2                                         ","Bellevue Court Residential Care","9 Bellevue Ct","","","GAWLER EAST","SA","5118","-34.5913279","138.7559156",4102643,13230,"",24/04/2025,24/04/2025,"13:00","14:00"
"5","SA","Spence                          ",9,"Special Hospital Team 2                                         ","Bellevue Court Residential Care","9 Bellevue Ct","","","GAWLER EAST","SA","5118","-34.5913279","138.7559156",4102643,13230,"",24/04/2025,24/04/2025,"9:30","12:30"
"5","SA","Spence                          ",9,"Special Hospital Team 2                                         ","Calvary Trevu House","1-13 Deland Ave","","","GAWLER EAST","SA","5118","-34.605181","138.7581256",4102654,122730,"",29/04/2025,29/04/2025,"12:30","13:30"
"5","SA","Spence                          ",9,"Special Hospital Team 2                                         ","Calvary Trevu House","1-13 Deland Ave","","","GAWLER EAST","SA","5118","-34.605181","138.7581256",4102654,122730,"",29/04/2025,29/04/2025,"9:30","12:00"
"5","SA","Spence                          ",9,"Special Hospital Team 2                                         ","Gawler Hillside Care Communities","3 Duffield St","","","GAWLER EAST","SA","5118","-34.60218","138.75136",4102611,122727,"",28/04/2025,28/04/2025,"12:30","13:30"
"5","SA","Spence                          ",9,"Special Hospital Team 2                                         ","Gawler Hillside Care Communities","3 Duffield St","","","GAWLER EAST","SA","5118","-34.60218","138.75136",4102611,122727,"",28/04/2025,28/04/2025,"9:30","12:00"
"5","SA","Spence                          ",9,"Special Hospital Team 2                                         ","Gawler Supportive Care South","1 Main North Rd","","","EVANSTON","SA","5116","-34.628118727250104","138.7323901111648",4102645,122729,"",22/04/2025,22/04/2025,"10:00","12:30"
"5","SA","Spence                          ",9,"Special Hospital Team 2                                         ","Gawler Supportive Care South","1 Main North Rd","","","EVANSTON","SA","5116","-34.628118727250104","138.7323901111648",4102645,122729,"",22/04/2025,22/04/2025,"13:00","15:00"
"5","SA","Spence                          ",9,"Special Hospital Team 3                                         ","Bolton Clarke Smithfield","1 Warooka Dr","","","SMITHFIELD","SA","5114","-34.6838777008867","138.689229654448",4103411,122302,"",24/04/2025,24/04/2025,"12:30","13:30"
"5","SA","Spence                          ",9,"Special Hospital Team 3                                         ","Bolton Clarke Smithfield","1 Warooka Dr","","","SMITHFIELD","SA","5114","-34.6838777008867","138.689229654448",4103411,122302,"",24/04/2025,24/04/2025,"9:30","12:00"
"5","SA","Spence                          ",9,"Special Hospital Team 3                                         ","Clayton Church Homes - Park Village","30 Shillabeer Rd","","","ELIZABETH PARK","SA","5113","-34.715988486213874","138.68438868067014",4103118,122303,"",29/04/2025,29/04/2025,"12:30","13:30"
"5","SA","Spence                          ",9,"Special Hospital Team 3                                         ","Clayton Church Homes - Park Village","30 Shillabeer Rd","","","ELIZABETH PARK","SA","5113","-34.715988486213874","138.68438868067014",4103118,122303,"",29/04/2025,29/04/2025,"9:00","12:00"
"5","SA","Spence                          ",9,"Special Hospital Team 3                                         ","Estia Health Craigmore","150 Adams Rd","","","CRAIGMORE","SA","5114","-34.69969","138.705508",4102846,31339,"",22/04/2025,22/04/2025,"12:30","15:00"
"5","SA","Spence                          ",9,"Special Hospital Team 3                                         ","Estia Health Craigmore","150 Adams Rd","","","CRAIGMORE","SA","5114","-34.69969","138.705508",4102846,31339,"",22/04/2025,22/04/2025,"9:00","12:00"
"5","SA","Spence                          ",9,"Special Hospital Team 3                                         ","Regis Playford","1 Wilton St","","","DAVOREN PARK","SA","5113","-34.691452","138.669815",4102911,62929,"",28/04/2025,28/04/2025,"12:30","14:00"
"5","SA","Spence                          ",9,"Special Hospital Team 3                                         ","Regis Playford","1 Wilton St","","","DAVOREN PARK","SA","5113","-34.691452","138.669815",4102911,62929,"",28/04/2025,28/04/2025,"9:00","12:00"
"5","SA","Spence                          ",9,"Special Hospital Team 3                                         ","Resthaven Craigmore","200 Adams Rd","","","CRAIGMORE","SA","5114","-34.690527","138.711748",4102817,122301,"",23/04/2025,23/04/2025,"12:30","16:00"
"5","SA","Spence                          ",9,"Special Hospital Team 3                                         ","Resthaven Craigmore","200 Adams Rd","","","CRAIGMORE","SA","5114","-34.690527","138.711748",4102817,122301,"",23/04/2025,23/04/2025,"9:00","12:00"
"5","SA","Spence                          ",9,"Special Hospital Team 4                                         ","Dunbar Homes Salisbury","11 Mawson Rd","","","SALISBURY","SA","5108","-34.764560545374096","138.64402474831832",4104613,122304,"",24/04/2025,24/04/2025,"9:30","11:30"
"5","SA","Spence                          ",9,"Special Hospital Team 4                                         ","Estia Health Burton","367-379 Waterloo Corner Rd","","","BURTON","SA","5110","-34.7420813579603","138.610651143349",4104843,122305,"",23/04/2025,23/04/2025,"13:00","14:00"
"5","SA","Spence                          ",9,"Special Hospital Team 4                                         ","Estia Health Burton","367-379 Waterloo Corner Rd","","","BURTON","SA","5110","-34.7420813579603","138.610651143349",4104843,122305,"",23/04/2025,23/04/2025,"9:30","12:30"
"5","SA","Spence                          ",9,"Special Hospital Team 4                                         ","Estia Health Salisbury","7 Salisbury Hwy","","","SALISBURY","SA","5108","-34.754401","138.647144",4104609,122308,"",30/04/2025,30/04/2025,"10:00","13:00"
"5","SA","Spence                          ",9,"Special Hospital Team 4                                         ","Olive Grove Aged Care","67 Porter St","","","SALISBURY","SA","5108","-34.75814","138.655386",4104602,122306,"",29/04/2025,29/04/2025,"12:30","14:00"
"5","SA","Spence                          ",9,"Special Hospital Team 4                                         ","Olive Grove Aged Care","67 Porter St","","","SALISBURY","SA","5108","-34.75814","138.655386",4104602,122306,"",29/04/2025,29/04/2025,"9:30","12:00"
"5","SA","Spence                          ",9,"Special Hospital Team 4                                         ","Salisbury Private Nursing Home","147 Frost Rd","","","SALISBURY SOUTH","SA","5106","-34.7830358199915","138.653002264093",4104628,122307,"",28/04/2025,28/04/2025,"9:30","12:00"
"5","SA","Spence                          ",9,"Special Hospital Team 4                                         ","UnitingSA Hawksbury Gardens Aged Care","8 Elmgrove Rd","","","SALISBURY NORTH","SA","5108","-34.7503326","138.62290317",4104847,123344,"",22/04/2025,22/04/2025,"12:30","14:00"
"5","SA","Spence                          ",9,"Special Hospital Team 4                                         ","UnitingSA Hawksbury Gardens Aged Care","8 Elmgrove Rd","","","SALISBURY NORTH","SA","5108","-34.7503326","138.62290317",4104847,123344,"",22/04/2025,22/04/2025,"9:30","12:00"
"5","SA","Sturt                           ",10,"Special Hospital Team 1                                         ","Lutheran Homes Group - Glynde","23 Edward St","","","GLYNDE","SA","5070","-34.8963","138.64897",4101823,33916,"",23/04/2025,23/04/2025,"12:30","15:00"
"5","SA","Sturt                           ",10,"Special Hospital Team 1                                         ","Lutheran Homes Group - Glynde","23 Edward St","","","GLYNDE","SA","5070","-34.8963","138.64897",4101823,33916,"",23/04/2025,23/04/2025,"9:30","12:00"
"5","SA","Sturt                           ",10,"Special Hospital Team 1                                         ","Southern Cross Care The Lodge Lourdes Valley Residential Care","18 Cross Rd","","","MYRTLE BANK","SA","5064","-34.96307560038044","138.63933391135032",4102427,12952,"",30/04/2025,30/04/2025,"9:30","12:30"
"5","SA","Sturt                           ",10,"Special Hospital Team 1                                         ","Southern Cross Care The Lodge Lourdes Valley Residential Care","18 Cross Rd","","","MYRTLE BANK","SA","5064","-34.96307560038044","138.63933391135032",4102427,12952,"",01/05/2025,01/05/2025,"9:30","12:30"
"5","SA","Sturt                           ",10,"Special Hospital Team 1                                         ","Warrina Court ","46 McShane St","","","CAMPBELLTOWN","SA","5074","-34.87698","138.65678",4101547,122388,"",22/04/2025,22/04/2025,"9:30","11:00"
"5","SA","Sturt                           ",10,"Special Hospital Team 1                                         ","Warrina Park ","59 George St","","","PARADISE","SA","5075","-34.86842","138.68068",4101507,122744,"",22/04/2025,22/04/2025,"13:00","15:00"
"5","SA","Sturt                           ",10,"Special Hospital Team 2                                         ","ACH Group Milpara","147 St Bernards Rd","","","ROSTREVOR","SA","5073","-34.897793905306976","138.67578647494878",4101633,122745,"",01/05/2025,01/05/2025,"9:30","12:30"
"5","SA","Sturt                           ",10,"Special Hospital Team 2                                         ","Amber Aged Care","58 Avenue Rd","","","PARADISE","SA","5075","-34.87154740986498","138.67966883717273",4101542,122742,"",28/04/2025,28/04/2025,"9:30","13:00"
"5","SA","Sturt                           ",10,"Special Hospital Team 2                                         ","Eldercare - Hope Valley","95-97 Awoonga Rd","","","HOPE VALLEY","SA","5090","-34.84434453241494","138.69490985769477",4105205,122740,"",29/04/2025,29/04/2025,"12:30","14:00"
"5","SA","Sturt                           ",10,"Special Hospital Team 2                                         ","Eldercare - Hope Valley","95-97 Awoonga Rd","","","HOPE VALLEY","SA","5090","-34.84434453241494","138.69490985769477",4105205,122740,"",29/04/2025,29/04/2025,"9:30","12:00"
"5","SA","Sturt                           ",10,"Special Hospital Team 2                                         ","Eldercare Trowbridge House ","9 Luhrs Rd","","","PAYNEHAM SOUTH","SA","5070","-34.904431585882946","138.64135730464207",4101812,123367,"",23/04/2025,23/04/2025,"9:30","12:30"
"5","SA","Sturt                           ",10,"Special Hospital Team 2                                         ","Infinite Care Rose Court","1 - 3 Grant Ave","","","GILLES PLAINS","SA","5086","-34.85326212015772","138.66201211590177",4117623,122743,"",30/04/2025,30/04/2025,"12:30","14:30"
"5","SA","Sturt                           ",10,"Special Hospital Team 2                                         ","Infinite Care Rose Court","1 - 3 Grant Ave","","","GILLES PLAINS","SA","5086","-34.85326212015772","138.66201211590177",4117623,122743,"",30/04/2025,30/04/2025,"9:30","12:00"
"5","SA","Sturt                           ",10,"Special Hospital Team 2                                         ","Joslin Manor Care Community ","251 Payneham Rd","","","JOSLIN","SA","5070","-34.90259","138.63342",4101915,12950,"",22/04/2025,22/04/2025,"9:30","12:30"
"5","SA","Sturt                           ",10,"Special Hospital Team 2                                         ","Oakden Green","75-79 Hilltop Dr","","","OAKDEN","SA","5086","-34.851755862831055","138.63898101740352",4117515,122738,"",24/04/2025,24/04/2025,"9:30","13:00"
"5","SA","Sturt                           ",10,"Special Hospital Team 3                                         ","Bolton Clarke Carinya","39 Fisher St","","","MYRTLE BANK","SA","5064","-34.95708123284412","138.63113556342122",4102421,122387,"",28/04/2025,28/04/2025,"9:30","12:00"
"5","SA","Sturt                           ",10,"Special Hospital Team 3                                         ","Lutheran Homes Group - Fullarton","14 Frew St","","","FULLARTON","SA","5063","-34.95593892768474","138.62959093672697",4102454,12943,"",30/04/2025,30/04/2025,"12:00","14:00"
"5","SA","Sturt                           ",10,"Special Hospital Team 3                                         ","Lutheran Homes Group - Fullarton","14 Frew St","","","FULLARTON","SA","5063","-34.95593892768474","138.62959093672697",4102454,12943,"",30/04/2025,30/04/2025,"9:30","11:30"
"5","SA","Sturt                           ",10,"Special Hospital Team 3                                         ","Lutheran Homes Group - Fullarton","14 Frew St","","","FULLARTON","SA","5063","-34.95593892768474","138.62959093672697",4102454,12943,"",01/05/2025,01/05/2025,"12:00","13:30"
"5","SA","Sturt                           ",10,"Special Hospital Team 3                                         ","Lutheran Homes Group - Fullarton","14 Frew St","","","FULLARTON","SA","5063","-34.95593892768474","138.62959093672697",4102454,12943,"",01/05/2025,01/05/2025,"9:30","11:30"
"5","SA","Sturt                           ",10,"Special Hospital Team 3                                         ","Ocean Grove Supportive Care at Myrtle Bank","494 Fullarton Rd","","","MYRTLE BANK","SA","5064","-34.96283192176356","138.62654330982076",4102455,122386,"",28/04/2025,28/04/2025,"14:00","15:00"
"5","SA","Sturt                           ",10,"Special Hospital Team 3                                         ","RSL Care SA War Veteran's Home","55 Ferguson Ave","","","MYRTLE BANK","SA","5064","-34.96078575614654","138.6342837417755",4102424,122383,"",29/04/2025,29/04/2025,"13:00","15:00"
"5","SA","Sturt                           ",10,"Special Hospital Team 3                                         ","RSL Care SA War Veteran's Home","55 Ferguson Ave","","","MYRTLE BANK","SA","5064","-34.96078575614654","138.6342837417755",4102424,122383,"",29/04/2025,29/04/2025,"9:30","12:30"
"5","SA","Sturt                           ",10,"Special Hospital Team 3                                         ","The Jamie Larcombe Centre","Eucalyptus La","","","GLENSIDE","SA","5065","-34.94328","138.62997",4101336,122396,"",23/04/2025,23/04/2025,"9:30","12:00"
"5","SA","Sturt                           ",10,"Special Hospital Team 4                                         ","Bellara Village","98 Newton Rd","","","CAMPBELLTOWN","SA","5074","-34.87706","138.67122",4101503,126319,"",22/04/2025,22/04/2025,"13:00","15:30"
"5","SA","Sturt                           ",10,"Special Hospital Team 4                                         ","Bene - Campbelltown","565 Lower North East Rd","","","CAMPBELLTOWN","SA","5074","-34.88280063212091","138.6602565264973",4101510,122390,"",22/04/2025,22/04/2025,"9:30","11:00"
"5","SA","Sturt                           ",10,"Special Hospital Team 4                                         ","Bupa - Campbelltown","1 Steele St","","","CAMPBELLTOWN","SA","5074","-34.88163147223359","138.66376229689885",4101505,122389,"",23/04/2025,23/04/2025,"9:30","12:00"
"5","SA","Sturt                           ",10,"Special Hospital Team 4                                         ","Estia Health - Kensington Gardens","421 The Parade","","","KENSINGTON GARDENS","SA","5068","-34.919499019431484","138.66228259166687",4101135,122395,"",24/04/2025,24/04/2025,"9:30","11:30"
"5","SA","Sturt                           ",10,"Special Hospital Team 4                                         ","Estia Health - Toorak Gardens","401 Portrush Rd","","","TOORAK GARDENS","SA","5065","-34.93820714311171","138.64173515047236",4101311,122400,"",28/04/2025,28/04/2025,"14:00","15:00"
"5","SA","Sturt                           ",10,"Special Hospital Team 4                                         ","Glen Osmond Grove Care Community","550 Portrush Rd","","","GLEN OSMOND","SA","5064","-34.957164","138.644434",4101207,126320,"",28/04/2025,28/04/2025,"9:30","12:00"
"5","SA","Sturt                           ",10,"Special Hospital Team 4                                         ","Infinite Care - Klemzig","2 Leighton Ave","","","KLEMZIG","SA","5087","-34.874164583272155","138.63499795499288",4103831,122737,"",30/04/2025,30/04/2025,"12:30","14:30"
"5","SA","Sturt                           ",10,"Special Hospital Team 4                                         ","Infinite Care - Klemzig","2 Leighton Ave","","","KLEMZIG","SA","5087","-34.874164583272155","138.63499795499288",4103831,122737,"",30/04/2025,30/04/2025,"9:30","12:00"
"5","SA","Sturt                           ",10,"Special Hospital Team 4                                         ","North Eastern Community Aged Care","580 Lower North East Rd","","","CAMPBELLTOWN","SA","5074","-34.88206","138.66182",4101547,122391,"",23/04/2025,23/04/2025,"14:00","15:00"
"5","SA","Sturt                           ",10,"Special Hospital Team 4                                         ","SACARE Adelaide St Magill","4B Adelaide St","","","MAGILL","SA","5072","-34.91446213","138.67732192",4101142,130579,"",24/04/2025,24/04/2025,"13:30","14:30"
"5","SA","Sturt                           ",10,"Special Hospital Team 4                                         ","Southern Cross Care John Paul II Village Residential Care","6A Dianne St","","","KLEMZIG","SA","5087","-34.87731060094131","138.63560100201272",4103836,122739,"",29/04/2025,29/04/2025,"9:30","12:00"
"5","SA","Sturt                           ",10,"Special Hospital Team 5                                         ","Estia Health - Myrtle Bank","32 Cross Rd","","","MYRTLE BANK","SA","5064","-34.96377110319048","138.63579327810461",4102424,122394,"",23/04/2025,23/04/2025,"9:30","12:30"
"5","SA","Sturt                           ",10,"Special Hospital Team 5                                         ","Regis Burnside ","6 Booth Ave","","","LINDEN PARK","SA","5065","-34.94432361574881","138.6496337817432",4101307,13198,"",28/04/2025,28/04/2025,"13:00","15:30"
"5","SA","Sturt                           ",10,"Special Hospital Team 5                                         ","Regis Burnside ","6 Booth Ave","","","LINDEN PARK","SA","5065","-34.94432361574881","138.6496337817432",4101307,13198,"",28/04/2025,28/04/2025,"9:30","12:30"
"5","SA","Sturt                           ",10,"Special Hospital Team 5                                         ","Regis Burnside ","6 Booth Ave","","","LINDEN PARK","SA","5065","-34.94432361574881","138.6496337817432",4101307,13198,"",29/04/2025,29/04/2025,"12:30","15:00"
"5","SA","Sturt                           ",10,"Special Hospital Team 5                                         ","Regis Burnside ","6 Booth Ave","","","LINDEN PARK","SA","5065","-34.94432361574881","138.6496337817432",4101307,13198,"",29/04/2025,29/04/2025,"9:00","12:00"
"5","SA","Sturt                           ",10,"Special Hospital Team 5                                         ","Regis Burnside ","6 Booth Ave","","","LINDEN PARK","SA","5065","-34.94432361574881","138.6496337817432",4101307,13198,"",30/04/2025,30/04/2025,"12:30","14:30"
"5","SA","Sturt                           ",10,"Special Hospital Team 5                                         ","Regis Burnside ","6 Booth Ave","","","LINDEN PARK","SA","5065","-34.94432361574881","138.6496337817432",4101307,13198,"",30/04/2025,30/04/2025,"9:00","12:00"
"5","SA","Sturt                           ",10,"Special Hospital Team 5                                         ","Resthaven - Leabrook","336 Kensington Rd","","","LEABROOK","SA","5068","-34.926697258451625","138.65865770777026",4101317,13197,"",22/04/2025,22/04/2025,"9:30","12:30"
"5","SA","Sturt                           ",10,"Special Hospital Team 5                                         ","Southern Cross Care Carmelite Residential Care","7 Spence Ave","","","MYRTLE BANK","SA","5064","-34.963031173690275","138.64107107361136",4102427,122393,"",01/05/2025,01/05/2025,"13:00","15:00"
"5","SA","Sturt                           ",10,"Special Hospital Team 5                                         ","Southern Cross Care Carmelite Residential Care","7 Spence Ave","","","MYRTLE BANK","SA","5064","-34.963031173690275","138.64107107361136",4102427,122393,"",01/05/2025,01/05/2025,"9:30","12:30"
"5","SA","Sturt                           ",10,"Special Hospital Team 6                                         ","Aldersgate Aged Care","160 - 168 OG Rd","","","FELIXSTOW","SA","5070","-34.89053676001165","138.6405992373128",4101821,122397,"",30/04/2025,30/04/2025,"12:30","15:30"
"5","SA","Sturt                           ",10,"Special Hospital Team 6                                         ","Aldersgate Aged Care","160 - 168 OG Rd","","","FELIXSTOW","SA","5070","-34.89053676001165","138.6405992373128",4101821,122397,"",30/04/2025,30/04/2025,"9:30","12:00"
"5","SA","Sturt                           ",10,"Special Hospital Team 6                                         ","Clayton Church Homes - Magill","43 Fisher St","","","MAGILL","SA","5072","-34.899510153790054","138.6681811647105",4101603,122399,"",23/04/2025,23/04/2025,"13:00","16:00"
"5","SA","Sturt                           ",10,"Special Hospital Team 6                                         ","Helen Mayo House","226 Fullarton Rd","","","GLENSIDE","SA","5065","-34.94469","138.62917",4101336,126321,"",24/04/2025,24/04/2025,"13:00","14:00"
"5","SA","Sturt                           ",10,"Special Hospital Team 6                                         ","James Nash House","140 Hilltop Dr","","","OAKDEN","SA","5086","-34.849736","138.63720573",4117515,130607,"",28/04/2025,28/04/2025,"13:00","14:00"
"5","SA","Sturt                           ",10,"Special Hospital Team 6                                         ","James Nash House","140 Hilltop Dr","","","OAKDEN","SA","5086","-34.849736","138.63720573",4117515,130607,"",28/04/2025,28/04/2025,"9:30","12:30"
"5","SA","Sturt                           ",10,"Special Hospital Team 6                                         ","Magill Lodge","524 Magill Rd","","","MAGILL","SA","5072","-34.913576562453706","138.67160001067705",4101141,122398,"",23/04/2025,23/04/2025,"9:30","11:00"
"5","SA","Sturt                           ",10,"Special Hospital Team 6                                         ","Mind Australia - Glenside","22/30 Mulberry Rd","","","GLENSIDE","SA","5065","-34.94445","138.62717",4101336,123366,"",24/04/2025,24/04/2025,"10:00","11:00"
"5","SA","Sturt                           ",10,"Special Hospital Team 6                                         ","Resthaven - Paradise","61 Silkes Rd","","","PARADISE","SA","5075","-34.86755050627261","138.68480780197677",4101538,13151,"",29/04/2025,29/04/2025,"9:30","13:00"
"6","WA","Brand                           ",1,"Other Mobile Team 1                                             ","Casuarina Prison","288 Orton Rd","","","CASUARINA","WA","6167","-32.2417737172446","115.875474055381",5126108,137156,"",30/04/2025,30/04/2025,"13:00","16:00"
"6","WA","Brand                           ",1,"Other Mobile Team 1                                             ","Casuarina Prison","288 Orton Rd","","","CASUARINA","WA","6167","-32.2417737172446","115.875474055381",5126108,137156,"",30/04/2025,30/04/2025,"9:30","12:30"
"6","WA","Brand                           ",1,"Other Mobile Team 1                                             ","Casuarina Prison","288 Orton Rd","","","CASUARINA","WA","6167","-32.2417737172446","115.875474055381",5126108,137156,"",01/05/2025,01/05/2025,"13:00","16:00"
"6","WA","Brand                           ",1,"Other Mobile Team 1                                             ","Casuarina Prison","288 Orton Rd","","","CASUARINA","WA","6167","-32.2417737172446","115.875474055381",5126108,137156,"",01/05/2025,01/05/2025,"9:30","12:30"
"6","WA","Brand                           ",1,"Other Mobile Team 1                                             ","Casuarina Prison","288 Orton Rd","","","CASUARINA","WA","6167","-32.2417737172446","115.875474055381",5126108,137156,"",02/05/2025,02/05/2025,"13:00","16:00"
"6","WA","Brand                           ",1,"Other Mobile Team 1                                             ","Casuarina Prison","288 Orton Rd","","","CASUARINA","WA","6167","-32.2417737172446","115.875474055381",5126108,137156,"",02/05/2025,02/05/2025,"9:30","12:30"
"6","WA","Brand                           ",1,"Special Hospital Team 1                                         ","Baptistcare Gracehaven","2 Westralia Gdns","","","ROCKINGHAM","WA","6168","-32.28516","115.74265",5118805,33060,"",23/04/2025,23/04/2025,"12:30","14:30"
"6","WA","Brand                           ",1,"Special Hospital Team 1                                         ","Baptistcare Gracehaven","2 Westralia Gdns","","","ROCKINGHAM","WA","6168","-32.28516","115.74265",5118805,33060,"",23/04/2025,23/04/2025,"9:45","12:00"
"6","WA","Brand                           ",1,"Special Hospital Team 1                                         ","Bert England Lodge","111 Woodbridge Dr","","","COOLOONGUP","WA","6168","-32.289845","115.768637",5118609,14290,"",22/04/2025,22/04/2025,"9:45","11:15"
"6","WA","Brand                           ",1,"Special Hospital Team 1                                         ","MercyCare Rockingham","1 Tanby Pl","","","COOLOONGUP","WA","6168","-32.3036898242509","115.753784607734",5118604,34408,"",22/04/2025,22/04/2025,"13:00","14:45"
"6","WA","Brand                           ",1,"Special Hospital Team 1                                         ","Rockingham General Hospital","Elanora Dr","","","COOLOONGUP","WA","6168","-32.2924248","115.7669262",5118611,140959,"",28/04/2025,28/04/2025,"13:00","16:45"
"6","WA","Brand                           ",1,"Special Hospital Team 1                                         ","Rockingham General Hospital","Elanora Dr","","","COOLOONGUP","WA","6168","-32.2924248","115.7669262",5118611,140959,"",28/04/2025,28/04/2025,"9:45","12:30"
"6","WA","Brand                           ",1,"Special Hospital Team 2                                         ","Aegis Banksia Park","20 Bright Rd","","","CALISTA","WA","6167","-32.248469210821","115.811254265174",5117003,34049,"",22/04/2025,22/04/2025,"9:45","13:15"
"6","WA","Brand                           ",1,"Special Hospital Team 2                                         ","Aegis Shoalwater","72 Fourth Ave","","","SHOALWATER","WA","6169","-32.2929666867108","115.708775363422",5119023,14293,"",28/04/2025,28/04/2025,"9:45","11:30"
"6","WA","Brand                           ",1,"Special Hospital Team 2                                         ","Bethanie Waters Aged Care","18 Olivenza Cres","","","PORT KENNEDY","WA","6172","-32.3575453","115.7706375",5118718,41952,"",23/04/2025,23/04/2025,"13:00","16:15"
"6","WA","Brand                           ",1,"Special Hospital Team 2                                         ","Bethanie Waters Aged Care","18 Olivenza Cres","","","PORT KENNEDY","WA","6172","-32.3575453","115.7706375",5118718,41952,"",23/04/2025,23/04/2025,"9:45","12:30"
"6","WA","Brand                           ",1,"Special Hospital Team 2                                         ","Brightwater The Oaks","2-10 Oakwood Cres","","","WAIKIKI","WA","6169","-32.32044","115.75621",5119216,121929,"",24/04/2025,24/04/2025,"13:00","16:30"
"6","WA","Brand                           ",1,"Special Hospital Team 2                                         ","Brightwater The Oaks","2-10 Oakwood Cres","","","WAIKIKI","WA","6169","-32.32044","115.75621",5119216,121929,"",24/04/2025,24/04/2025,"9:45","12:30"
"6","WA","Brand                           ",1,"Special Hospital Team 2                                         ","Rockingham Nursing Home","14 Langley St","","","ROCKINGHAM","WA","6168","-32.2814151656561","115.726790099923",5118815,31352,"",28/04/2025,28/04/2025,"13:15","14:30"
"6","WA","Bullwinkel                      ",2,"Other Mobile Team 1                                             ","Acacia Prison","Great Eastern Hwy","","","WOOROLOO","WA","6558","-31.83449","116.34263",5104912,137147,"",23/04/2025,23/04/2025,"12:00","16:30"
"6","WA","Bullwinkel                      ",2,"Other Mobile Team 1                                             ","Acacia Prison","Great Eastern Hwy","","","WOOROLOO","WA","6558","-31.83449","116.34263",5104912,137147,"",23/04/2025,23/04/2025,"9:00","11:30"
"6","WA","Bullwinkel                      ",2,"Other Mobile Team 1                                             ","Wooroloo Prison Farm","Great Eastern Hwy","","","WOOROLOO","WA","6558","-31.81695","116.33814",5104912,137146,"",28/04/2025,28/04/2025,"9:00","12:00"
"6","WA","Bullwinkel                      ",2,"Special Hospital Team 1                                         ","Armadale Health Services","Armadale Kelmscott Hospital","3056 Albany Hwy","","MOUNT NASURA","WA","6112","-32.13312","116.01951",5111510,143100,"",30/04/2025,30/04/2025,"12:30","16:00"
"6","WA","Bullwinkel                      ",2,"Special Hospital Team 1                                         ","Armadale Health Services","Armadale Kelmscott Hospital","3056 Albany Hwy","","MOUNT NASURA","WA","6112","-32.13312","116.01951",5111510,143100,"",30/04/2025,30/04/2025,"9:00","12:00"
"6","WA","Bullwinkel                      ",2,"Special Hospital Team 1                                         ","Harry Hunter Rehab Centre","2498 Albany Hwy","","","GOSNELLS","WA","6110","-32.0931","116.0183",5113624,105407,"",28/04/2025,28/04/2025,"9:30","12:30"
"6","WA","Bullwinkel                      ",2,"Special Hospital Team 1                                         ","Jeremiah Donovan House","138 Lewis Rd","","","FORRESTFIELD","WA","6058","-31.996048","116.019938",5113808,121897,"",23/04/2025,23/04/2025,"9:30","11:30"
"6","WA","Bullwinkel                      ",2,"Special Hospital Team 1                                         ","Juniper Hayloft","1 Lewis Rd","","","MARTIN","WA","6110","-32.06275","116.00641",5113630,107069,"",22/04/2025,22/04/2025,"12:30","15:00"
"6","WA","Bullwinkel                      ",2,"Special Hospital Team 1                                         ","Juniper Hayloft","1 Lewis Rd","","","MARTIN","WA","6110","-32.06275","116.00641",5113630,107069,"",22/04/2025,22/04/2025,"9:30","12:00"
"6","WA","Bullwinkel                      ",2,"Special Hospital Team 1                                         ","Karingal Green","53 Hawkevale Rd","","","HIGH WYCOMBE","WA","6057","-31.9347234183026","116.013853092271",5113908,121886,"",29/04/2025,29/04/2025,"9:30","16:30"
"6","WA","Bullwinkel                      ",2,"Special Hospital Team 1                                         ","Manoah House","86 Mills Rd W","","","MARTIN","WA","6110","-32.06757","116.00734",5113630,71480,"",28/04/2025,28/04/2025,"14:30","16:00"
"6","WA","Bullwinkel                      ",2,"Special Hospital Team 1                                         ","MercyCare Kelmscott","89 Clifton St","","","KELMSCOTT","WA","6111","-32.11406","116.02029",5111424,121934,"",24/04/2025,24/04/2025,"12:30","15:00"
"6","WA","Bullwinkel                      ",2,"Special Hospital Team 1                                         ","MercyCare Kelmscott","89 Clifton St","","","KELMSCOTT","WA","6111","-32.11406","116.02029",5111424,121934,"",24/04/2025,24/04/2025,"9:30","12:00"
"6","WA","Bullwinkel                      ",2,"Special Hospital Team 1                                         ","MercyCare Kelmscott","89 Clifton St","","","KELMSCOTT","WA","6111","-32.11406","116.02029",5111424,121934,"",02/05/2025,02/05/2025,"9:30","10:30"
"6","WA","Bullwinkel                      ",2,"Special Hospital Team 2                                         ","Baptistcare WA Balladong Gardens","20 Redmile Rd","","","YORK","WA","6302","-31.89377954","116.76978637",5124508,122720,"",28/04/2025,28/04/2025,"13:00","14:30"
"6","WA","Bullwinkel                      ",2,"Special Hospital Team 2                                         ","Beverley MPS","1 Sewell St","","","BEVERLEY","WA","6304","-32.10249034","116.9215873",5124502,72691,"",30/04/2025,30/04/2025,"10:30","11:30"
"6","WA","Bullwinkel                      ",2,"Special Hospital Team 2                                         ","Juniper The Residency","47-57 Burgoyne St","","","NORTHAM","WA","6401","-31.65748331","116.681487",5124305,36875,"",29/04/2025,29/04/2025,"9:30","10:30"
"6","WA","Bullwinkel                      ",2,"Special Hospital Team 2                                         ","Parry Care Centre","74 Warlingham Dr","","","LESMURDIE","WA","6076","-31.9992765967398","116.047790682257",5114127,121879,"",23/04/2025,23/04/2025,"9:30","10:30"
"6","WA","Bullwinkel                      ",2,"Special Hospital Team 2                                         ","Regis Greenmount","22 Coongan Ave","","","GREENMOUNT","WA","6056","-31.9025665965598","116.043210675671",5105421,41624,"",22/04/2025,22/04/2025,"13:00","15:30"
"6","WA","Bullwinkel                      ",2,"Special Hospital Team 2                                         ","Regis Greenmount","22 Coongan Ave","","","GREENMOUNT","WA","6056","-31.9025665965598","116.043210675671",5105421,41624,"",22/04/2025,22/04/2025,"9:30","12:30"
"6","WA","Bullwinkel                      ",2,"Special Hospital Team 2                                         ","Sunshine Park","10 Brady Rd","","","LESMURDIE","WA","6076","-32.009529","116.04353",5114132,121878,"",23/04/2025,23/04/2025,"13:00","14:30"
"6","WA","Bullwinkel                      ",2,"Special Hospital Team 2                                         ","Villa Maria","173 Lesmurdie Rd","","","LESMURDIE","WA","6076","-31.9929919263504","116.054437950834",5114103,121880,"",24/04/2025,24/04/2025,"9:00","11:00"
"6","WA","Bullwinkel                      ",2,"Special Hospital Team 2                                         ","York Hospital - Sandalwood House Nursing Home","4 Trews Rd","","","YORK","WA","6302","-31.89353796","116.7555285",5124508,122747,"",28/04/2025,28/04/2025,"9:30","11:00"
"6","WA","Burt                            ",3,"Special Hospital Team 1                                         ","Amaroo Village Buckley Caring Centre","60 Stalker Rd","","","GOSNELLS","WA","6110","-32.07522","115.9941",5113405,14862,"",22/04/2025,22/04/2025,"12:30","15:15"
"6","WA","Burt                            ",3,"Special Hospital Team 1                                         ","Amaroo Village Buckley Caring Centre","60 Stalker Rd","","","GOSNELLS","WA","6110","-32.07522","115.9941",5113405,14862,"",22/04/2025,22/04/2025,"9:45","12:00"
"6","WA","Burt                            ",3,"Special Hospital Team 1                                         ","Amaroo Village Buckley Caring Centre","60 Stalker Rd","","","GOSNELLS","WA","6110","-32.07522","115.9941",5113405,14862,"",23/04/2025,23/04/2025,"12:30","15:15"
"6","WA","Burt                            ",3,"Special Hospital Team 1                                         ","Amaroo Village Buckley Caring Centre","60 Stalker Rd","","","GOSNELLS","WA","6110","-32.07522","115.9941",5113405,14862,"",23/04/2025,23/04/2025,"9:45","12:00"
"6","WA","Burt                            ",3,"Special Hospital Team 1                                         ","BP Luxury Mental Health Care","20 The Crescent","","","MADDINGTON","WA","6109","-32.05101","115.98707",5113610,126287,"",29/04/2025,29/04/2025,"9:45","11:30"
"6","WA","Burt                            ",3,"Special Hospital Team 1                                         ","Dale Residency","4 Hobbs Dr","","","ARMADALE","WA","6112","-32.1631967","116.0126294",5111045,121931,"",28/04/2025,28/04/2025,"9:45","13:00"
"6","WA","Burt                            ",3,"Special Hospital Team 1                                         ","Juniper Sarah Hardy","222 Cammillo Rd","","","KELMSCOTT","WA","6111","-32.1211157591304","116.013805506287",5111412,107071,"",24/04/2025,24/04/2025,"9:45","11:00"
"6","WA","Burt                            ",3,"Special Hospital Team 1                                         ","MercyCare Maddington","47 Woodswallow Parkway","","","MADDINGTON","WA","6169","-32.04193425","116.00454578",5113631,126288,"",29/04/2025,29/04/2025,"13:15","14:45"
"6","WA","Burt                            ",3,"Special Hospital Team 1                                         ","Seaforth Gardens Aged Care","2542 Albany Hwy","","","GOSNELLS","WA","6110","-32.0939865989666","116.014610694129",5113442,14857,"",24/04/2025,24/04/2025,"12:45","15:45"
"6","WA","Burt                            ",3,"Special Hospital Team 2                                         ","Amana Living Thomas Scott Hostel","63 Ypres Rd","","","CAMILLO","WA","6111","-32.11786","116.00122",5111201,14859,"",23/04/2025,23/04/2025,"9:45","11:30"
"6","WA","Burt                            ",3,"Special Hospital Team 2                                         ","Amaroo Village McMahon Caring Centre","74 Lissiman St","","","GOSNELLS","WA","6110","-32.06671","115.99715",5113408,32349,"",22/04/2025,22/04/2025,"12:30","15:15"
"6","WA","Burt                            ",3,"Special Hospital Team 2                                         ","Amaroo Village McMahon Caring Centre","74 Lissiman St","","","GOSNELLS","WA","6110","-32.06671","115.99715",5113408,32349,"",22/04/2025,22/04/2025,"9:45","12:00"
"6","WA","Burt                            ",3,"Special Hospital Team 2                                         ","Baptistcare Graceford","18 Turner Rd","","","BYFORD","WA","6122","-32.228334","116.002395",5114224,122338,"",24/04/2025,24/04/2025,"12:30","13:45"
"6","WA","Burt                            ",3,"Special Hospital Team 2                                         ","Baptistcare Graceford","18 Turner Rd","","","BYFORD","WA","6122","-32.228334","116.002395",5114224,122338,"",24/04/2025,24/04/2025,"9:45","12:00"
"6","WA","Canning                         ",4,"Other Mobile Team 1                                             ","Karnet Prison Farm","Kingsbury Dr","","","SERPENTINE","WA","6125","-32.43837","116.07488",5114401,137142,"",28/04/2025,28/04/2025,"10:00","13:00"
"6","WA","Canning                         ",4,"Special Hospital Team 1                                         ","Aegis Greenfields","95 Lakes Rd","","","GREENFIELDS","WA","6210","-32.53202","115.76132",5102320,36274,"",28/04/2025,28/04/2025,"9:00","12:30"
"6","WA","Canning                         ",4,"Special Hospital Team 1                                         ","Amana Living Wearne Home","7 Leslie St","","","DUDLEY PARK","WA","6210","-32.53607","115.72079",5102816,14303,"",29/04/2025,29/04/2025,"9:00","12:30"
"6","WA","Canning                         ",4,"Special Hospital Team 1                                         ","Bethanie Peel","2 Maclaggan Turn","","","COODANUP","WA","6210","-32.54209","115.7492",5102824,36273,"",22/04/2025,22/04/2025,"9:00","12:30"
"6","WA","Canning                         ",4,"Special Hospital Team 1                                         ","Bolton Clarke","82 Oakmont Ave","","","MEADOW SPRINGS","WA","6210","-32.5016","115.74361",5102707,123263,"",23/04/2025,23/04/2025,"11:30","14:00"
"6","WA","Canning                         ",4,"Special Hospital Team 1                                         ","Bolton Clarke","82 Oakmont Ave","","","MEADOW SPRINGS","WA","6210","-32.5016","115.74361",5102707,123263,"",23/04/2025,23/04/2025,"14:30","16:30"
"6","WA","Canning                         ",4,"Special Hospital Team 1                                         ","Coolibah Total Caring","30 Third Ave","","","MANDURAH","WA","6210","-32.54117","115.74247",5102510,14308,"",24/04/2025,24/04/2025,"12:30","17:00"
"6","WA","Canning                         ",4,"Special Hospital Team 1                                         ","Coolibah Total Caring","30 Third Ave","","","MANDURAH","WA","6210","-32.54117","115.74247",5102510,14308,"",24/04/2025,24/04/2025,"9:00","12:00"
"6","WA","Canning                         ",4,"Special Hospital Team 1                                         ","Mandurah Coastal Care Community","Murray River Nursing Home","83 Boundary Rd","","DUDLEY PARK","WA","6210","-32.54133","115.73686",5102820,123264,"",30/04/2025,30/04/2025,"9:00","11:30"
"6","WA","Canning                         ",4,"Special Hospital Team 2                                         ","Bedingfeld Lodge","4 Bedingfeld Rd","","","PINJARRA","WA","6208","-32.63931","115.87305",5102916,126294,"",30/04/2025,30/04/2025,"13:30","15:00"
"6","WA","Canning                         ",4,"Special Hospital Team 2                                         ","Brightwater The Cove","35 Hudson Dr","","","DUDLEY PARK","WA","6210","-32.55489","115.73931",5102828,41902,"",29/04/2025,29/04/2025,"12:30","15:30"
"6","WA","Canning                         ",4,"Special Hospital Team 2                                         ","Brightwater The Cove","35 Hudson Dr","","","DUDLEY PARK","WA","6210","-32.55489","115.73931",5102828,41902,"",29/04/2025,29/04/2025,"9:30","12:00"
"6","WA","Canning                         ",4,"Special Hospital Team 2                                         ","McNamara Lodge","41 Portrush Pde","","","MEADOW SPRINGS","WA","6210","-32.50353","115.75279",5102713,39040,"",24/04/2025,24/04/2025,"12:30","14:30"
"6","WA","Canning                         ",4,"Special Hospital Team 2                                         ","McNamara Lodge","41 Portrush Pde","","","MEADOW SPRINGS","WA","6210","-32.50353","115.75279",5102713,39040,"",24/04/2025,24/04/2025,"9:30","11:30"
"6","WA","Canning                         ",4,"Special Hospital Team 2                                         ","Mercy Place Mandurah","1 Hungerford Ave","","","HALLS HEAD","WA","6210","-32.54278","115.70721",5102434,14305,"",28/04/2025,28/04/2025,"12:30","14:00"
"6","WA","Canning                         ",4,"Special Hospital Team 2                                         ","Mercy Place Mandurah","1 Hungerford Ave","","","HALLS HEAD","WA","6210","-32.54278","115.70721",5102434,14305,"",28/04/2025,28/04/2025,"9:30","12:00"
"6","WA","Canning                         ",4,"Special Hospital Team 2                                         ","Pam Corker House ","Quambie Park","15 Eastcott St","","WAROONA","WA","6215","-32.84308","115.92756",5101605,14320,"",30/04/2025,30/04/2025,"9:30","11:00"
"6","WA","Canning                         ",4,"Special Hospital Team 2                                         ","Singleton Community Aged Care","190 Foreshore Dr","","","SINGLETON","WA","6175","-32.43812","115.75482",5119142,121928,"",22/04/2025,22/04/2025,"13:00","16:00"
"6","WA","Canning                         ",4,"Special Hospital Team 2                                         ","Singleton Community Aged Care","190 Foreshore Dr","","","SINGLETON","WA","6175","-32.43812","115.75482",5119142,121928,"",22/04/2025,22/04/2025,"9:30","12:30"
"6","WA","Canning                         ",4,"Special Hospital Team 2                                         ","Singleton Community Aged Care","190 Foreshore Dr","","","SINGLETON","WA","6175","-32.43812","115.75482",5119142,121928,"",23/04/2025,23/04/2025,"13:00","16:00"
"6","WA","Canning                         ",4,"Special Hospital Team 2                                         ","Singleton Community Aged Care","190 Foreshore Dr","","","SINGLETON","WA","6175","-32.43812","115.75482",5119142,121928,"",23/04/2025,23/04/2025,"9:30","12:30"
"6","WA","Cowan                           ",5,"Special Hospital Team 1                                         ","Brightwater Balcatta","8 Milton Ave","","","BALCATTA","WA","6021","-31.882071","115.83384387",5108437,138583,"",28/04/2025,28/04/2025,"14:30","15:30"
"6","WA","Cowan                           ",5,"Special Hospital Team 1                                         ","Brightwater Madeley","95 Imperial Crct","","","MADELEY","WA","6065","-31.81165719","115.83428105",5130532,122953,"",30/04/2025,30/04/2025,"13:00","15:00"
"6","WA","Cowan                           ",5,"Special Hospital Team 1                                         ","Hellenic Community Aged Care","2B Hellenic Dr","","","DIANELLA","WA","6059","-31.8698037756059","115.875466927111",5130119,32628,"",24/04/2025,24/04/2025,"9:30","12:30"
"6","WA","Cowan                           ",5,"Special Hospital Team 1                                         ","MyVista Balcatta","11 Nugent St","","","BALCATTA","WA","6021","-31.865849","115.827156",5108429,33724,"",23/04/2025,23/04/2025,"9:30","13:00"
"6","WA","Cowan                           ",5,"Special Hospital Team 1                                         ","MyVista Nursing Home","3 Doncaster Rd","","","MIRRABOOKA","WA","6061","-31.8665894","115.85620384",5130128,122955,"",28/04/2025,28/04/2025,"9:30","12:30"
"6","WA","Cowan                           ",5,"Special Hospital Team 1                                         ","Villa Terenzio","33 Kent Rd","","","MARANGAROO","WA","6064","-31.83043274","115.822858",5110405,14869,"",29/04/2025,29/04/2025,"9:30","12:30"
"6","WA","Curtin                          ",6,"Special Hospital Team 1                                         ","Abbotsford Private Hospital","61 Cambridge St","","","WEST LEEDERVILLE","WA","6007","-31.9409866080226","115.83740070794",5104345,140956,"",29/04/2025,29/04/2025,"9:00","12:00"
"6","WA","Curtin                          ",6,"Special Hospital Team 1                                         ","Aegis Alfred Carson","30 Bay Rd","","","CLAREMONT","WA","6010","-31.9843129608426","115.789939238024",5103106,63311,"",22/04/2025,22/04/2025,"9:00","13:30"
"6","WA","Curtin                          ",6,"Special Hospital Team 1                                         ","Aegis Shawford","8 Twyford Pl","","","INNALOO","WA","6018","-31.8982156398294","115.801363699825",5108832,38999,"",01/05/2025,01/05/2025,"9:00","11:45"
"6","WA","Curtin                          ",6,"Special Hospital Team 1                                         ","Bethanie Geneff","39 Hertha Rd","","","INNALOO","WA","6018","-31.8909825998852","115.799782369499",5108824,32897,"",28/04/2025,28/04/2025,"9:00","11:45"
"6","WA","Curtin                          ",6,"Special Hospital Team 1                                         ","Brightwater Birralee","155 Odin Rd","","","INNALOO","WA","6018","-31.8871953","115.7998545",5108827,91406,"",28/04/2025,28/04/2025,"13:45","16:00"
"6","WA","Curtin                          ",6,"Special Hospital Team 1                                         ","Mercy Place Mont Clare","9 Dean St","","","CLAREMONT","WA","6010","-31.9838716516569","115.775236540093",5103119,71426,"",23/04/2025,23/04/2025,"9:00","10:30"
"6","WA","Curtin                          ",6,"Special Hospital Team 1                                         ","Romily House","19 Shenton Rd","","","CLAREMONT","WA","6010","-31.98008987037634","115.77842565290346",5109215,126290,"",30/04/2025,30/04/2025,"9:00","12:45"
"6","WA","Curtin                          ",6,"Special Hospital Team 1                                         ","The Queenslea","1 Shenton Rd","","","CLAREMONT","WA","6010","-31.980734","115.779957",5103110,122453,"",24/04/2025,24/04/2025,"9:00","14:30"
"6","WA","Curtin                          ",6,"Special Hospital Team 2                                         ","Amana Living - Moline House","7 Deanmore Rd","","","KARRINYUP","WA","6018","-31.8815713316396","115.767438333388",5108910,34731,"",23/04/2025,23/04/2025,"9:00","11:45"
"6","WA","Curtin                          ",6,"Special Hospital Team 2                                         ","Bethanie Subiaco","45 Bishop St","","","JOLIMONT","WA","6014","-31.9426572794122","115.812428231633",5104237,72382,"",24/04/2025,24/04/2025,"9:00","12:45"
"6","WA","Curtin                          ",6,"Special Hospital Team 2                                         ","Freshwater Bay Nursing Home","67 Palmerston St","","","MOSMAN PARK","WA","6012","-32.01119661","115.76690072",5103417,122451,"",28/04/2025,28/04/2025,"14:15","15:45"
"6","WA","Curtin                          ",6,"Special Hospital Team 2                                         ","Juniper Chrystal Halliday","27 Prisk St","","","KARRINYUP","WA","6018","-31.880258","115.774953",5108913,14375,"",23/04/2025,23/04/2025,"13:45","16:15"
"6","WA","Curtin                          ",6,"Special Hospital Team 2                                         ","Mosman Park Nursing Home","57 Palmerston St","","","MOSMAN PARK","WA","6012","-32.01011654594664","115.76704867861574",5103417,122450,"",28/04/2025,28/04/2025,"10:30","12:15"
"6","WA","Curtin                          ",6,"Special Hospital Team 2                                         ","Villa Pelletier - Southern Cross Care WA","48 Ruislip St","","","WEST LEEDERVILLE","WA","6007","-31.93619761","115.82905271",5104333,126291,"",22/04/2025,22/04/2025,"9:00","12:15"
"6","WA","Curtin                          ",6,"Special Hospital Team 3                                         ","Brightwater Onslow Gardens ","39 Hamersley Rd","","","SUBIACO","WA","6008","-31.95302415","115.82908249",5104226,123132,"",30/04/2025,30/04/2025,"9:00","11:15"
"6","WA","Curtin                          ",6,"Special Hospital Team 3                                         ","Hamersley Aged Care Home","441 Rokeby Rd","","","SHENTON PARK","WA","6008","-31.95792448","115.82356383",5104209,122452,"",01/05/2025,01/05/2025,"9:00","11:15"
"6","WA","Curtin                          ",6,"Special Hospital Team 3                                         ","Koh-I-Noor Contemporary Care","32 Pangbourne St","","","WEMBLEY","WA","6014","-31.9369947","115.8132101",5104320,105859,"",28/04/2025,28/04/2025,"9:00","12:00"
"6","WA","Curtin                          ",6,"Special Hospital Team 3                                         ","MercyCare Residential Aged Care Wembley","18 Barrett St","","","WEMBLEY","WA","6014","-31.938077248796","115.823190149748",5104324,14729,"",29/04/2025,29/04/2025,"9:00","12:45"
"6","WA","Curtin                          ",6,"Special Hospital Team 3                                         ","Regents Garden","22 Wheatcroft St","","","SCARBOROUGH","WA","6019","-31.89287","115.76307",5109215,122455,"",22/04/2025,22/04/2025,"9:00","13:00"
"6","WA","Curtin                          ",6,"Special Hospital Team 3                                         ","Regis Nedlands","116 Monash Ave","","","NEDLANDS","WA","6009","-31.97105391","115.80814484",5103534,122456,"",24/04/2025,24/04/2025,"9:00","13:45"
"6","WA","Curtin                          ",6,"Special Hospital Team 3                                         ","Regis Woodlands","10 Sabina St","","","WOODLANDS","WA","6018","-31.91094061","115.78714131",5109623,122454,"",23/04/2025,23/04/2025,"9:00","13:00"
"6","WA","Curtin                          ",6,"Special Hospital Team 4                                         ","Graylands Hospital","Brockway Rd","","","MT CLAREMONT","WA","6010","-31.9590339","115.7916095",5103621,143486,"",30/04/2025,30/04/2025,"9:00","16:00"
"6","WA","Curtin                          ",6,"Special Hospital Team 4                                         ","Graylands Hospital","Brockway Rd","","","MT CLAREMONT","WA","6010","-31.9590339","115.7916095",5103621,143486,"",01/05/2025,01/05/2025,"9:00","16:00"
"6","WA","Curtin                          ",6,"Special Hospital Team 4                                         ","Little Sisters of the Poor","2 Rawlins St","","","GLENDALOUGH","WA","6016","-31.9199678887161","115.823189938369",5104304,14777,"",24/04/2025,24/04/2025,"9:00","13:45"
"6","WA","Durack                          ",7,"Other Mobile Team 1                                             ","Greenough Regional Prison","Lot 214 Edward Rd","","","NARNGULU","WA","6532","-28.835402026145495","114.70116166293255",5128613,137145,"",29/04/2025,29/04/2025,"13:00","16:30"
"6","WA","Durack                          ",7,"Other Mobile Team 1                                             ","Greenough Regional Prison","Lot 214 Edward Rd","","","NARNGULU","WA","6532","-28.835402026145495","114.70116166293255",5128613,137145,"",29/04/2025,29/04/2025,"9:00","12:30"
"6","WA","Durack                          ",7,"Remote Mobile Team 1                                            ","Dodnun Community Shed","Mount Elizabeth Station Access Rd","","","GIBB","WA","6743","-16.43932","126.21224",5126504,72277,"",02/05/2025,02/05/2025,"9:00","12:00"
"6","WA","Durack                          ",7,"Remote Mobile Team 1                                            ","Imintji Community Office","Gibb River Rd","","","KING LEOPOLD RANGES","WA","6728","-17.14943","125.45937",5126330,31106,"",01/05/2025,01/05/2025,"13:00","16:00"
"6","WA","Durack                          ",7,"Remote Mobile Team 1                                            ","Jarlmadangah Burru Community Office","Jarlmadangah Burru Rd","","","CAMBALLIN","WA","6728","-18.01293","124.01025",5126310,89625,"",23/04/2025,23/04/2025,"10:00","13:00"
"6","WA","Durack                          ",7,"Remote Mobile Team 1                                            ","Mowanjum Community Hall","Lot 100","Derby Gibb River Rd","","DERBY","WA","6728","-17.3567","123.6987",5126329,42032,"",30/04/2025,30/04/2025,"8:00","14:00"
"6","WA","Durack                          ",7,"Remote Mobile Team 1                                            ","Mt Barnett Community Office","off Gibb River Rd","","","DERBY","WA","6728","-16.72025","125.93027",5126327,31107,"",01/05/2025,01/05/2025,"8:00","11:00"
"6","WA","Durack                          ",7,"Remote Mobile Team 1                                            ","Pandanus Park Community Office (Verandah)","Pandanus Park Rd","","","WILLARE","WA","6728","-17.73594","123.656844",5126309,31098,"",22/04/2025,22/04/2025,"12:00","15:00"
"6","WA","Durack                          ",7,"Remote Mobile Team 1                                            ","West Kimberley Regional Prison","Lot 500 Derby Hwy","","","DERBY","WA","6728","-17.353926","123.677226",5126301,72057,"",28/04/2025,28/04/2025,"10:00","15:00"
"6","WA","Durack                          ",7,"Remote Mobile Team 1                                            ","West Kimberley Regional Prison","Lot 500 Derby Hwy","","","DERBY","WA","6728","-17.353926","123.677226",5126301,72057,"",29/04/2025,29/04/2025,"10:00","14:30"
"6","WA","Durack                          ",7,"Remote Mobile Team 10                                           ","Kunawarritji Community Care Building","Lot 52 Kunawarritji Community","","","KUNAWARRITJI","WA","6753","-22.32883","124.72725",5126710,35047,"",23/04/2025,23/04/2025,"10:30","13:30"
"6","WA","Durack                          ",7,"Remote Mobile Team 10                                           ","Marble Bar Community Civic Centre","24 Francis St","","","MARBLE BAR","WA","6760","-21.1729263658743","119.745719617862",5126704,72273,"",26/04/2025,26/04/2025,"9:00","15:00"
"6","WA","Durack                          ",7,"Remote Mobile Team 10                                           ","Punmu Community Council Boardroom","1 Third St","Punmu Community","","TELFER","WA","6762","-22.04378","123.11898",5126711,31093,"",24/04/2025,24/04/2025,"9:00","12:00"
"6","WA","Durack                          ",7,"Remote Mobile Team 11                                           ","Beacon CWA House","14 Rowlands St","","","BEACON","WA","6472","-30.45012","117.86543",5124212,121758,"",23/04/2025,23/04/2025,"9:00","12:00"
"6","WA","Durack                          ",7,"Remote Mobile Team 11                                           ","Burracoppin Sports Pavilion","White St","","","BURRACOPPIN","WA","6421","-31.3964129","118.4748449",5124008,121763,"",23/04/2025,23/04/2025,"14:30","17:30"
"6","WA","Durack                          ",7,"Remote Mobile Team 11                                           ","Cue Shire Hall","54 Dowley St","","","CUE","WA","6640","-27.4225005","117.89647",5129008,126234,"",03/05/2025,03/05/2025,"8:00","18:00"
"6","WA","Durack                          ",7,"Remote Mobile Team 11                                           ","Kalannie Community Resource Centre","67 Roche St","","","KALANNIE","WA","6468","-30.36105607","117.11546476",5124102,141858,"",24/04/2025,24/04/2025,"10:30","16:30"
"6","WA","Durack                          ",7,"Remote Mobile Team 11                                           ","Latham Community Centre","41 Taylor Rd","","","LATHAM","WA","6616","-29.75880473","116.45167211",5129102,123224,"",28/04/2025,28/04/2025,"11:00","14:00"
"6","WA","Durack                          ",7,"Remote Mobile Team 11                                           ","Nungarin Recreation Centre","66 Railway Ave","","","NUNGARIN","WA","6490","-31.1862937","118.10318375",5124208,121759,"",22/04/2025,22/04/2025,"13:00","16:00"
"6","WA","Durack                          ",7,"Remote Mobile Team 11                                           ","Pia Wadjarri Community Office","Beringarra-Pindar Rd","","","MURCHISON","WA","6635","-27.122497","116.393541",5129011,42019,"",30/04/2025,30/04/2025,"9:30","12:30"
"6","WA","Durack                          ",7,"Remote Mobile Team 11                                           ","Sandstone Library","2 Hack St","","","SANDSTONE","WA","6639","-27.98707","119.29633",5129003,121755,"",01/05/2025,01/05/2025,"10:30","13:30"
"6","WA","Durack                          ",7,"Remote Mobile Team 11                                           ","Watheroo Sports Pavilion","Elliot Way","","","WATHEROO","WA","6513","-30.29552","116.06204",5124109,140918,"",26/04/2025,26/04/2025,"11:30","15:00"
"6","WA","Durack                          ",7,"Remote Mobile Team 11                                           ","Yalgoo Community Centre","37 Gibbons St","","","YALGOO","WA","6635","-28.3432465459009","116.682170339367",5129006,91652,"",29/04/2025,29/04/2025,"9:00","12:00"
"6","WA","Durack                          ",7,"Remote Mobile Team 12                                           ","Bayulu Store","Lot 48 Guy St","","","ST GEORGE RANGES","WA","6728","-18.29956","125.597",5126308,31089,"",23/04/2025,23/04/2025,"9:30","12:30"
"6","WA","Durack                          ",7,"Remote Mobile Team 12                                           ","Fitzroy Crossing Recreation Centre","101 Fallon Rd","","","FITZROY CROSSING","WA","6765","-18.18828618","125.56645906",5126333,142949,"",28/04/2025,28/04/2025,"10:00","16:00"
"6","WA","Durack                          ",7,"Remote Mobile Team 12                                           ","Fitzroy Crossing Recreation Centre","101 Fallon Rd","","","FITZROY CROSSING","WA","6765","-18.18828618","125.56645906",5126333,142949,"",29/04/2025,29/04/2025,"9:00","15:00"
"6","WA","Durack                          ",7,"Remote Mobile Team 12                                           ","Juniper Guwardi Ngadu","565 Forrest Rd","","","FITZROY CROSSING","WA","6765","-18.1779956","125.5651188",5126335,124474,"",30/04/2025,30/04/2025,"9:30","12:30"
"6","WA","Durack                          ",7,"Remote Mobile Team 12                                           ","Juniper Numbala Nunga","32 Sutherland St","","","DERBY","WA","6728","-17.309831","123.652601",5126305,126091,"",01/05/2025,01/05/2025,"10:30","16:30"
"6","WA","Durack                          ",7,"Remote Mobile Team 12                                           ","Kupartiya Community Centre","Bohemia Downs Rd","","","MUELLER RANGES","WA","6770","-18.89258","126.24559",5126406,31110,"",24/04/2025,24/04/2025,"10:30","13:30"
"6","WA","Durack                          ",7,"Remote Mobile Team 12                                           ","Moongardie Community Shed","Jalinyi Loop","","","MUELLER RANGES","WA","6770","-18.78163","126.44839",5126406,50633,"",26/04/2025,26/04/2025,"10:30","13:30"
"6","WA","Durack                          ",7,"Remote Mobile Team 12                                           ","Ngumpan Community Basketball Court","Christmas Creek-Beefwood Park Rd","","","MUELLER RANGES","WA","6770","-18.7707589","126.0313693",5126321,38891,"",22/04/2025,22/04/2025,"12:00","15:00"
"6","WA","Durack                          ",7,"Remote Mobile Team 13                                           ","Looma Community Admin Centre","Lungura Dr","","","CAMBALLIN","WA","6728","-18.0405","124.1456",5126322,42031,"",29/04/2025,29/04/2025,"8:00","14:00"
"6","WA","Durack                          ",7,"Remote Mobile Team 2                                            ","Djugerari Community (Outside Ranger's Office)","Djugerari Rd","","","ST GEORGE RANGES","WA","6728","-18.988587","125.509614",5126315,31121,"",23/04/2025,23/04/2025,"8:00","11:00"
"6","WA","Durack                          ",7,"Remote Mobile Team 2                                            ","HAAC Building, Yungngora","Yungngora Loop","","","MOUNT HARDMAN","WA","6765","-18.50139","124.82866",5126326,143541,"",22/04/2025,22/04/2025,"8:30","14:30"
"6","WA","Durack                          ",7,"Remote Mobile Team 2                                            ","Jimbalakudunj Community Shed","Jimbalakudunj Rd","","","CAMBALLIN","WA","6728","-17.892145","124.646059",5126311,63027,"",26/04/2025,26/04/2025,"8:00","11:00"
"6","WA","Durack                          ",7,"Remote Mobile Team 2                                            ","Mindi Rardi Community Shed","Mindi Rardi Rd","","","FITZROY CROSSING","WA","6765","-18.197958","125.563226",5126336,42040,"",29/04/2025,29/04/2025,"11:00","14:00"
"6","WA","Durack                          ",7,"Remote Mobile Team 2                                            ","Muludja Remote Community School","Margaret River Rd","","","ST GEORGE RANGES","WA","6728","-18.1593263","125.7593196",5126320,36403,"",28/04/2025,28/04/2025,"12:30","15:30"
"6","WA","Durack                          ",7,"Remote Mobile Team 2                                            ","Ngalingkadji Community Office","Ngalingkadji Rd","off Cherrabun Rd","","ST GEORGE RANGES","WA","6728","-18.6570661","125.708328",5126321,35074,"",23/04/2025,23/04/2025,"13:30","16:30"
"6","WA","Durack                          ",7,"Remote Mobile Team 2                                            ","Ngurtuwarta Homemaker's Centre","Fitzroy Crossing-Jubilee Downs Rd","","","MOUNT HARDMAN","WA","6765","-18.277214","125.5172428",5126331,89629,"",28/04/2025,28/04/2025,"8:00","11:00"
"6","WA","Durack                          ",7,"Remote Mobile Team 2                                            ","Wangkatjungka Community Centre (Hall)","Christmas Creek Rd","","","ST GEORGE RANGES","WA","6728","-18.883869","125.925892",5126313,72054,"",24/04/2025,24/04/2025,"9:00","15:00"
"6","WA","Durack                          ",7,"Remote Mobile Team 2                                            ","Yakanarra Store (Verandah)","Nyinyijarta Rd","","","ST GEORGE RANGES","WA","6728","-18.6710412","125.29606227",5126319,31119,"",30/04/2025,30/04/2025,"9:30","12:30"
"6","WA","Durack                          ",7,"Remote Mobile Team 3                                            ","Bow River Community Tractor Shed","Cnr Bow River Rd & Juwurlinji Rd","","","DURACK","WA","6743","-16.86911","128.18584",5126511,31115,"",29/04/2025,29/04/2025,"8:30","11:30"
"6","WA","Durack                          ",7,"Remote Mobile Team 3                                            ","Discovery Resorts - Lake Argyle Holiday Park (Dining Area)","525 Lake Argyle Rd","","","LAKE ARGYLE","WA","6743","-16.112891901299655","128.7402816723024",5126511,63022,"",02/05/2025,02/05/2025,"10:00","13:00"
"6","WA","Durack                          ",7,"Remote Mobile Team 3                                            ","El Questro Station (Front of shop)","1 Gibb River Rd","via Great Northern Hwy","","DURACK","WA","6743","-16.0081","127.9807",5126511,63021,"",22/04/2025,22/04/2025,"10:00","13:00"
"6","WA","Durack                          ",7,"Remote Mobile Team 3                                            ","Kalumburu Community Resource Centre","72c Carson St","","","KALUMBURU","WA","6740","-14.2954532","126.6422893",5126522,142157,"",26/04/2025,26/04/2025,"8:30","14:30"
"6","WA","Durack                          ",7,"Remote Mobile Team 3                                            ","Mandangala Community Hall (Verandah)","Jungoranung Ave","","","LAKE ARGYLE","WA","6743","-16.52644","128.360565",5126511,140920,"",24/04/2025,24/04/2025,"11:00","14:00"
"6","WA","Durack                          ",7,"Remote Mobile Team 3                                            ","Molly Springs (Wijilawarrim) Community","Wijilawarrim Rd","","","KUNUNURRA","WA","6743","-15.822017","128.468432",5126512,123835,"",23/04/2025,23/04/2025,"13:00","16:00"
"6","WA","Durack                          ",7,"Remote Mobile Team 3                                            ","Munthanmar Community (Under Mango tree)","Fish Farm Road","","","KUNUNURRA","WA","6743","-15.8790326","128.7736594",5126501,123834,"",01/05/2025,01/05/2025,"11:30","14:30"
"6","WA","Durack                          ",7,"Remote Mobile Team 3                                            ","Purnululu School (Frog Hollow)","Wurreranginy Community","Great Northern Hwy","","ORD RIVER","WA","6770","-17.27537","128.05115",5126402,72280,"",30/04/2025,30/04/2025,"9:00","12:00"
"6","WA","Durack                          ",7,"Remote Mobile Team 3                                            ","Warmun Community Hall","Warmun Rd","Off Great Northern Hwy","","WARMUN","WA","6740","-17.030405","128.213601",5126410,69629,"",29/04/2025,29/04/2025,"13:00","16:00"
"6","WA","Durack                          ",7,"Remote Mobile Team 3                                            ","Warmun Community Hall","Warmun Rd","Off Great Northern Hwy","","WARMUN","WA","6740","-17.030405","128.213601",5126410,69629,"",30/04/2025,30/04/2025,"13:30","16:30"
"6","WA","Durack                          ",7,"Remote Mobile Team 3                                            ","Woolah Community","Doon Doon Roadhouse","Lot 815 Great Northern Hwy","","DURACK","WA","6743","-16.3086","128.2476",5126521,31116,"",28/04/2025,28/04/2025,"9:30","12:30"
"6","WA","Durack                          ",7,"Remote Mobile Team 3                                            ","Wuggubun Community Hall","","","","DURACK","WA","6743","-15.9541114","128.3444799",5126511,89628,"",23/04/2025,23/04/2025,"8:00","11:00"
"6","WA","Durack                          ",7,"Remote Mobile Team 4                                            ","Jidi Jidi Aboriginal Corporation Office","Yulga Jinna Community","","","MEEKATHARRA","WA","6642","-25.61654","118.55779",5129009,143561,"",26/04/2025,26/04/2025,"8:30","11:30"
"6","WA","Durack                          ",7,"Remote Mobile Team 4                                            ","Jigalong Community Office","Jigalong Community","","","NEWMAN","WA","6753","-23.3589","120.7813",5126707,143537,"",22/04/2025,22/04/2025,"11:00","17:00"
"6","WA","Durack                          ",7,"Remote Mobile Team 4                                            ","Parnngurr Community Hall","Parnngurr Community","","","TELFER","WA","6762","-22.8152229","122.5874843",5126717,31094,"",23/04/2025,23/04/2025,"13:30","16:30"
"6","WA","Durack                          ",7,"Remote Mobile Team 5                                            ","Burringurrah Community Courthouse","Lot 112A Landor-Mt Augustus Rd","","","GASCOYNE RIVER","WA","6642","-24.65241","116.92853",5127707,89620,"",26/04/2025,26/04/2025,"10:30","13:30"
"6","WA","Durack                          ",7,"Remote Mobile Team 5                                            ","Gascoyne Junction Community Resource Centre","4 Scott St","","","GASCOYNE JUNCTION","WA","6705","-25.05439","115.20914",5127705,72050,"",24/04/2025,24/04/2025,"11:00","14:00"
"6","WA","Durack                          ",7,"Remote Mobile Team 5                                            ","Port Gregory Community Hall","209 Port St","","","GREGORY","WA","6535","-28.1874085","114.2513702",5129205,121752,"",22/04/2025,22/04/2025,"10:00","13:00"
"6","WA","Durack                          ",7,"Remote Mobile Team 5                                            ","Useless Loop Primary School","15 Wilson Rise","","","USELESS LOOP","WA","6537","-26.13001","113.41576",5127702,121753,"",23/04/2025,23/04/2025,"10:00","13:00"
"6","WA","Durack                          ",7,"Remote Mobile Team 6                                            ","Beagle Bay Community Office","54 Gunburrd Dr","","","DAMPIER PENINSULA","WA","6725","-16.9807","122.66493",5126604,14665,"",24/04/2025,24/04/2025,"9:30","15:30"
"6","WA","Durack                          ",7,"Remote Mobile Team 6                                            ","Bidyadanga Community Clinic","87 Wangkaja Rd","","","LAGRANGE","WA","6725","-18.68446358","121.7769408",5126605,141594,"",30/04/2025,30/04/2025,"13:00","14:00"
"6","WA","Durack                          ",7,"Remote Mobile Team 6                                            ","Bidyadanga Community Resource Centre","88 Bidyadanga Rd","","","LAGRANGE","WA","6725","-18.6848174","121.7769432",5126605,31257,"",29/04/2025,29/04/2025,"10:30","13:30"
"6","WA","Durack                          ",7,"Remote Mobile Team 6                                            ","Bidyadanga Community Resource Centre","88 Bidyadanga Rd","","","LAGRANGE","WA","6725","-18.6848174","121.7769432",5126605,31257,"",30/04/2025,30/04/2025,"9:00","12:00"
"6","WA","Durack                          ",7,"Remote Mobile Team 6                                            ","Broome Prison","13 Hamersley St","","","BROOME","WA","6725","-17.9578","122.2408",5126208,89621,"",02/05/2025,02/05/2025,"14:00","17:00"
"6","WA","Durack                          ",7,"Remote Mobile Team 6                                            ","Cygnet Bay Pearl Farm (Verandah)","1 Cygnet Bay Rd","","","DAMPIER PENINSULA","WA","6725","-16.451649","123.009314",5126608,91653,"",28/04/2025,28/04/2025,"9:00","12:00"
"6","WA","Durack                          ",7,"Remote Mobile Team 6                                            ","Djarindjin Community Hall","off Lombadina Rd","","","DAMPIER PENINSULA","WA","6725","-16.5146","122.89521",5126607,72048,"",22/04/2025,22/04/2025,"9:30","15:30"
"6","WA","Durack                          ",7,"Remote Mobile Team 6                                            ","Kiwirrkurra Women's Centre","Lot 73 Kiwirrkurra St","","","GIBSON DESERT NORTH","WA","0872","-22.8164","127.76496",5126709,143534,"",01/05/2025,01/05/2025,"9:30","12:30"
"6","WA","Durack                          ",7,"Remote Mobile Team 6                                            ","Lombadina Community Office","7 Lombadina Rd","","","DAMPIER PENINSULA","WA","6725","-16.51717","122.89322",5126607,72047,"",26/04/2025,26/04/2025,"9:00","12:00"
"6","WA","Durack                          ",7,"Remote Mobile Team 6                                            ","One Arm Point Community Hall","One Arm Point Rd","","","DAMPIER PENINSULA","WA","6725","-16.4449977","123.0518734",5126606,31091,"",23/04/2025,23/04/2025,"10:00","16:00"
"6","WA","Durack                          ",7,"Remote Mobile Team 6                                            ","Port Smith Caravan Park","242 Port Smith Rd","","","LA GRANGE","WA","6725","-18.5174118154565","121.814914452882",5126602,106171,"",02/05/2025,02/05/2025,"9:00","12:00"
"6","WA","Durack                          ",7,"Remote Mobile Team 7                                            ","Halls Creek Peoples Church Frail Aged Hostel","Lot 440 Neighbour St","","","HALLS CREEK","WA","6770","-18.22583418","127.674771",5126401,126308,"",22/04/2025,22/04/2025,"13:30","16:30"
"6","WA","Durack                          ",7,"Remote Mobile Team 7                                            ","Juniper Gerdewoonem","Ivanhoe Rd","","","KUNUNURRA","WA","6743","-15.73390796","128.7137515",5126508,126237,"",02/05/2025,02/05/2025,"12:00","15:00"
"6","WA","Durack                          ",7,"Remote Mobile Team 7                                            ","Koongie Park Community Shed","Freddie St","off Great Northern Hwy","","MUELLER RANGES","WA","6770","-18.338","127.537",5126406,42039,"",22/04/2025,22/04/2025,"9:00","12:00"
"6","WA","Durack                          ",7,"Remote Mobile Team 7                                            ","Kundat Djaru (Ringer Soak) Community Store","Yaruman Rd","","","KUNDAT DJARU","WA","6743","-18.79388","128.61568",5126409,31111,"",24/04/2025,24/04/2025,"10:30","13:30"
"6","WA","Durack                          ",7,"Remote Mobile Team 7                                            ","Kururrungku Store Billiluna Station","Cnr Karla Ave & Luda Rd","","","STURT CREEK","WA","6770","-19.555249","127.660435",5126403,141872,"",30/04/2025,30/04/2025,"8:00","14:00"
"6","WA","Durack                          ",7,"Remote Mobile Team 7                                            ","Mulan Community Office","Mulan Community","Lake Gregory Rd","","STURT CREEK","WA","6770","-20.1025886","127.5947799",5126408,72066,"",28/04/2025,28/04/2025,"11:30","14:30"
"6","WA","Durack                          ",7,"Remote Mobile Team 7                                            ","Wirrimanu Community Store (Verandah)","96 Yakai Marwuntu St","","","TANAMI","WA","6770","-20.142239","127.983068",5126407,142350,"",29/04/2025,29/04/2025,"8:30","14:30"
"6","WA","Durack                          ",7,"Remote Mobile Team 7                                            ","Yiyili Aboriginal Community School","Yiyili Community","","","MUELLER RANGES","WA","6760","-18.7162","126.7557",5126406,31112,"",23/04/2025,23/04/2025,"10:30","13:30"
"6","WA","Durack                          ",7,"Remote Mobile Team 8                                            ","Eighty Mile Beach Caravan Park","896 Eighty Mile Beach Rd","","","EIGHTY MILE BEACH","WA","6725","-19.7558","120.6713",5126602,63020,"",28/04/2025,28/04/2025,"10:30","13:30"
"6","WA","Durack                          ",7,"Remote Mobile Team 8                                            ","Jinparinya Community Nursery","Community Access Rd","Off Great Northern Hwy","","PIPPINGARRA","WA","6722","-20.3716662","118.8249072",5126702,123831,"",22/04/2025,22/04/2025,"11:30","14:30"
"6","WA","Durack                          ",7,"Remote Mobile Team 8                                            ","Nullagine Library","39 Gallop Rd","","","NULLAGINE","WA","6758","-21.89005","120.10598254717183",5126701,72283,"",24/04/2025,24/04/2025,"13:00","16:00"
"6","WA","Durack                          ",7,"Remote Mobile Team 8                                            ","Strelley Community School (Verandah)","off Marble Bar Rd","","","STRELLEY","WA","6721","-20.467322742227314","119.05527977040029",5126702,42034,"",29/04/2025,29/04/2025,"8:00","11:00"
"6","WA","Durack                          ",7,"Remote Mobile Team 8                                            ","Wakathuni Community Basketball Court","Community Access Rd","Off Tom Price-Paraburdoo Rd","","TOM PRICE","WA","6751","-22.867441","117.830966",5127102,42021,"",23/04/2025,23/04/2025,"12:30","15:30"
"6","WA","Durack                          ",7,"Remote Mobile Team 8                                            ","Warralong Community Shelter","Community Access Rd","Off Goldsworthy Rd","","MARBLE BAR","WA","6760","-20.64798536006422","119.59037133230461",5126714,31095,"",26/04/2025,26/04/2025,"11:00","14:00"
"6","WA","Durack                          ",7,"Remote Mobile Team 8                                            ","Yandeyarra Remote Community School (Arts Room)","Yandeyarra RCS","Yandeyarra Rd","","MARBLE BAR","WA","6760","-21.284873","118.405698",5126715,42036,"",01/05/2025,01/05/2025,"11:00","14:00"
"6","WA","Durack                          ",7,"Remote Mobile Team 9                                            ","Coral Bay Learning Centre","64 Banksia Dr","","","CORAL BAY","WA","6701","-23.1453483413151","113.771784015494",5127712,126235,"",03/05/2025,03/05/2025,"8:00","18:00"
"6","WA","Durack                          ",7,"Remote Mobile Team 9                                            ","Roebourne PCYC","1 Sholl St","","","ROEBOURNE","WA","6718","-20.7676334","117.1448211",5127304,140919,"",29/04/2025,29/04/2025,"9:00","15:00"
"6","WA","Durack                          ",7,"Remote Mobile Team 9                                            ","Yaandina Aged Care Centre","58 Hampton St","","","ROEBOURNE","WA","6718","-20.77674726","117.1429891",5127304,126322,"",28/04/2025,28/04/2025,"10:30","13:30"
"6","WA","Durack                          ",7,"Special Hospital Team 2                                         ","Moora Dandaragan MPS","66 Dandaragan St","","","MOORA","WA","6510","-30.639459384698","116.00133052961532",5124105,122732,"",22/04/2025,22/04/2025,"9:30","15:30"
"6","WA","Durack                          ",7,"Special Hospital Team 2                                         ","Wongan Hills MPS","Lot 199 Ackland St","","","WONGAN HILLS","WA","6603","-30.893834234934353","116.72487552678668",5123802,122746,"",23/04/2025,23/04/2025,"9:00","10:00"
"6","WA","Durack                          ",7,"Special Hospital Team 3                                         ","Dryandra Residential & Community Care Inc","45 Leake St","","","KELLERBERRIN","WA","6410","-31.632174487273726","117.7198996032594",5123705,122774,"",28/04/2025,28/04/2025,"10:00","11:00"
"6","WA","Durack                          ",7,"Special Hospital Team 4                                         ","Juniper Hillcrest","40 Onslow St","","","GERALDTON","WA","6530","-28.785580266575288","114.61421542060424",5128519,36096,"",24/04/2025,24/04/2025,"12:30","13:30"
"6","WA","Durack                          ",7,"Special Hospital Team 4                                         ","Juniper Hillcrest","40 Onslow St","","","GERALDTON","WA","6530","-28.785580266575288","114.61421542060424",5128519,36096,"",24/04/2025,24/04/2025,"9:30","12:00"
"6","WA","Durack                          ",7,"Special Hospital Team 4                                         ","Nazareth House Geraldton","17 Crowtherton St","","","BLUFF POINT","WA","6530","-28.728974696226175","114.62295043660527",5128513,14473,"",23/04/2025,23/04/2025,"12:30","14:45"
"6","WA","Durack                          ",7,"Special Hospital Team 4                                         ","Nazareth House Geraldton","17 Crowtherton St","","","BLUFF POINT","WA","6530","-28.728974696226175","114.62295043660527",5128513,14473,"",23/04/2025,23/04/2025,"9:30","12:00"
"6","WA","Durack                          ",7,"Special Hospital Team 4                                         ","Ngurra Nganhungu Barndiyigu Geraldton","U 4  30 Onslow St","","","GERALDTON","WA","6530","-28.78482333","114.61275763",5128519,126090,"",28/04/2025,28/04/2025,"10:30","11:30"
"6","WA","Durack                          ",7,"Special Hospital Team 4                                         ","Northampton Kalbarri MPS","Stephen St","","","NORTHAMPTON","WA","6535","-28.351358566686724","114.63508451612284",5129210,122736,"",22/04/2025,22/04/2025,"10:00","11:00"
"6","WA","Durack                          ",7,"Special Hospital Team 5                                         ","Gnullingoo Mia (Carnarvon MPS)","19 Cleaver St","","","CARNARVON","WA","6701","-24.8872253734905","113.6586851667277",5127601,122722,"",29/04/2025,29/04/2025,"9:30","11:00"
"6","WA","Forrest                         ",8,"Other Mobile Team 1                                             ","Bunbury Regional Prison","Centenary Rd","","","COLLEGE GROVE","WA","6230","-33.3841866235309","115.670670844497",5100806,137143,"",28/04/2025,28/04/2025,"12:30","15:00"
"6","WA","Forrest                         ",8,"Other Mobile Team 1                                             ","Bunbury Regional Prison","Centenary Rd","","","COLLEGE GROVE","WA","6230","-33.3841866235309","115.670670844497",5100806,137143,"",28/04/2025,28/04/2025,"9:30","12:00"
"6","WA","Forrest                         ",8,"Special Hospital Team 1                                         ","Bethanie Dalyellup Aged Care","114 Norton Prmnde","","","DALYELLUP","WA","6230","-33.39728491","115.63106402",5125101,122659,"",24/04/2025,24/04/2025,"10:30","14:00"
"6","WA","Forrest                         ",8,"Special Hospital Team 1                                         ","Bethanie Elanora","37 Hastie St","","","SOUTH BUNBURY","WA","6230","-33.3571936259663","115.625058749242",5125317,31427,"",28/04/2025,28/04/2025,"14:00","15:30"
"6","WA","Forrest                         ",8,"Special Hospital Team 1                                         ","Bethanie Fields Aged Care Facility","111 Eaton Dr","","","EATON","WA","6232","-33.3156789803154","115.723173581157",5101226,41176,"",22/04/2025,22/04/2025,"10:00","13:30"
"6","WA","Forrest                         ",8,"Special Hospital Team 1                                         ","Hocart Lodge","3 Knowles St","","","HARVEY","WA","6220","-33.083594","115.89289",5101406,14324,"",29/04/2025,29/04/2025,"10:30","12:30"
"6","WA","Forrest                         ",8,"Special Hospital Team 1                                         ","Hocart Lodge","3 Knowles St","","","HARVEY","WA","6220","-33.083594","115.89289",5101406,14324,"",29/04/2025,29/04/2025,"13:00","15:00"
"6","WA","Forrest                         ",8,"Special Hospital Team 1                                         ","Ocean Star Village","207 Ocean Dr","","","SOUTH BUNBURY","WA","6230","-33.3505","115.62184",5125318,31420,"",28/04/2025,28/04/2025,"9:30","12:00"
"6","WA","Forrest                         ",8,"Special Hospital Team 1                                         ","Regis Bunbury","926 Woodrow St","","","CAREY PARK","WA","6230","-33.34528","115.64802",5100810,123136,"",30/04/2025,30/04/2025,"9:30","12:30"
"6","WA","Forrest                         ",8,"Special Hospital Team 1                                         ","Wattle Hill Care","2 Wattle St","","","BUNBURY","WA","6230","-33.33494","115.63053",5125308,31416,"",23/04/2025,23/04/2025,"10:00","12:00"
"6","WA","Forrest                         ",8,"Special Hospital Team 1                                         ","Wattle Hill Care","2 Wattle St","","","BUNBURY","WA","6230","-33.33494","115.63053",5125308,31416,"",23/04/2025,23/04/2025,"12:30","14:30"
"6","WA","Forrest                         ",8,"Special Hospital Team 2                                         ","Aegis Ellenvale","55 Bell Dr","","","BROADWATER","WA","6280","-33.66462","115.28604",5129439,121774,"",22/04/2025,22/04/2025,"12:30","15:00"
"6","WA","Forrest                         ",8,"Special Hospital Team 2                                         ","Aegis Ellenvale","55 Bell Dr","","","BROADWATER","WA","6280","-33.66462","115.28604",5129439,121774,"",22/04/2025,22/04/2025,"9:30","12:00"
"6","WA","Forrest                         ",8,"Special Hospital Team 2                                         ","Baptistcare Mirrambeena","21 Farrelly St","","","MARGARET RIVER","WA","6285","-33.9520158","115.0703431",5100407,72566,"",23/04/2025,23/04/2025,"13:30","15:30"
"6","WA","Forrest                         ",8,"Special Hospital Team 2                                         ","Bunbury Gardens Care Community","39 Hayes St","","","BUNBURY","WA","6230","-33.32905442","115.64623093",5125314,122648,"",24/04/2025,24/04/2025,"10:00","12:30"
"6","WA","Forrest                         ",8,"Special Hospital Team 2                                         ","Bunbury Gardens Care Community","39 Hayes St","","","BUNBURY","WA","6230","-33.32905442","115.64623093",5125314,122648,"",24/04/2025,24/04/2025,"13:00","14:00"
"6","WA","Forrest                         ",8,"Special Hospital Team 2                                         ","CapeCare Busselton","20 Ray Ave","","","BROADWATER","WA","6280","-33.6581994674136","115.269221717558",5129414,107136,"",29/04/2025,29/04/2025,"9:30","12:30"
"6","WA","Forrest                         ",8,"Special Hospital Team 2                                         ","Capecare Dunsborough ","171 Naturaliste Tce","","","DUNSBOROUGH","WA","6281","-33.6112699","115.1039827",5100301,122661,"",23/04/2025,23/04/2025,"9:30","11:30"
"6","WA","Forrest                         ",8,"Special Hospital Team 2                                         ","William Carey Court Village","450 Bussell Hwy","","","BROADWATER","WA","6280","-33.661274","115.290674",5129451,33108,"",30/04/2025,30/04/2025,"13:00","15:00"
"6","WA","Forrest                         ",8,"Special Hospital Team 2                                         ","William Carey Court Village","450 Bussell Hwy","","","BROADWATER","WA","6280","-33.661274","115.290674",5129451,33108,"",30/04/2025,30/04/2025,"9:30","12:00"
"6","WA","Fremantle                       ",9,"Other Mobile Team 1                                             ","St Patrick's Community Support Centre","12 Queen Victoria St","","","FREMANTLE","WA","6160","-32.0489720533471","115.749985318694",5116534,107521,"",28/04/2025,28/04/2025,"9:30","12:00"
"6","WA","Fremantle                       ",9,"Special Hospital Team 1                                         ","Aegis Hilton Park","19 Laidlaw St","","","HILTON","WA","6163","-32.072772","115.790195",5116619,14357,"",23/04/2025,23/04/2025,"13:15","16:15"
"6","WA","Fremantle                       ",9,"Special Hospital Team 1                                         ","Aegis Shoreline","22 Kaleep Cl","","","NORTH COOGEE","WA","6163","-32.08345","115.75537",5115803,121918,"",22/04/2025,22/04/2025,"12:30","15:15"
"6","WA","Fremantle                       ",9,"Special Hospital Team 1                                         ","Aegis Shoreline","22 Kaleep Cl","","","NORTH COOGEE","WA","6163","-32.08345","115.75537",5115803,121918,"",22/04/2025,22/04/2025,"9:30","12:00"
"6","WA","Fremantle                       ",9,"Special Hospital Team 1                                         ","Aegis Shoreline","22 Kaleep Cl","","","NORTH COOGEE","WA","6163","-32.08345","115.75537",5115803,121918,"",23/04/2025,23/04/2025,"9:30","11:15"
"6","WA","Fremantle                       ",9,"Special Hospital Team 1                                         ","Amana Living Hale Hostel","31 Waverley Rd","","","COOLBELLUP","WA","6163","-32.080819210101","115.810973632383",5115318,52115,"",30/04/2025,30/04/2025,"15:15","16:15"
"6","WA","Fremantle                       ",9,"Special Hospital Team 1                                         ","Braemar House","10 Windsor Rd","","","EAST FREMANTLE","WA","6158","-32.039084","115.771073",5116414,14325,"",01/05/2025,01/05/2025,"9:30","10:30"
"6","WA","Fremantle                       ",9,"Special Hospital Team 1                                         ","Frank Prendergast House","27 Pearson Dr","","","SUCCESS","WA","6164","-32.13660323","115.85843515",5116140,121921,"",24/04/2025,24/04/2025,"9:30","11:30"
"6","WA","Fremantle                       ",9,"Special Hospital Team 1                                         ","Regis North Fremantle","23 Harvest Rd","","","NORTH FREMANTLE","WA","6159","-32.033768","115.756351",5116506,14328,"",28/04/2025,28/04/2025,"12:30","15:30"
"6","WA","Fremantle                       ",9,"Special Hospital Team 1                                         ","Regis North Fremantle","23 Harvest Rd","","","NORTH FREMANTLE","WA","6159","-32.033768","115.756351",5116506,14328,"",28/04/2025,28/04/2025,"9:30","12:00"
"6","WA","Fremantle                       ",9,"Special Hospital Team 1                                         ","Regis Port Coogee","72 Pantheon Ave","","","NORTH COOGEE","WA","6163","-32.1019919029186","115.761873421056",5115806,104718,"",30/04/2025,30/04/2025,"13:00","13:45"
"6","WA","Fremantle                       ",9,"Special Hospital Team 1                                         ","Regis Port Coogee","72 Pantheon Ave","","","NORTH COOGEE","WA","6163","-32.1019919029186","115.761873421056",5115806,104718,"",30/04/2025,30/04/2025,"9:30","12:30"
"6","WA","Fremantle                       ",9,"Special Hospital Team 1                                         ","Treeby Parklands Care Community","5 Abelia Rd","","","TREEBY","WA","6164","-32.12151","115.87865",5114842,121926,"",29/04/2025,29/04/2025,"9:30","12:30"
"6","WA","Fremantle                       ",9,"Special Hospital Team 1                                         ","Villa Dalmacia Aged Care","27 Gorham Way","","","SPEARWOOD","WA","6163","-32.09910361","115.77325473",5116014,121927,"",29/04/2025,29/04/2025,"14:30","16:30"
"6","WA","Fremantle                       ",9,"Special Hospital Team 2                                         ","Aegis Amberley","30 Mell Rd","","","SPEARWOOD","WA","6163","-32.109462","115.778797",5116023,62865,"",29/04/2025,29/04/2025,"9:30","12:30"
"6","WA","Fremantle                       ",9,"Special Hospital Team 2                                         ","Aegis Carrington","27 Ivermey Rd","","","HAMILTON HILL","WA","6163","-32.0808935818599","115.779261486941",5115406,14355,"",29/04/2025,29/04/2025,"14:30","16:30"
"6","WA","Fremantle                       ",9,"Special Hospital Team 2                                         ","Bethanie Illawong","1 Rodd Pl","","","HAMILTON HILL","WA","6163","-32.09235","115.79174",5115420,14347,"",23/04/2025,23/04/2025,"13:00","16:15"
"6","WA","Fremantle                       ",9,"Special Hospital Team 2                                         ","Bethanie Illawong","1 Rodd Pl","","","HAMILTON HILL","WA","6163","-32.09235","115.79174",5115420,14347,"",23/04/2025,23/04/2025,"9:30","12:30"
"6","WA","Fremantle                       ",9,"Special Hospital Team 2                                         ","Fremantle Hospital - Mental Health Unit","Alma St","","","FREMANTLE","WA","6160","-32.0584975","115.7526997",5116510,141152,"",01/05/2025,01/05/2025,"9:30","13:00"
"6","WA","Fremantle                       ",9,"Special Hospital Team 2                                         ","Fremantle Hospital and Health Service","Alma St","","","FREMANTLE","WA","6160","-32.0575169432121","115.753085898905",5116510,140961,"",30/04/2025,30/04/2025,"12:30","16:00"
"6","WA","Fremantle                       ",9,"Special Hospital Team 2                                         ","Fremantle Hospital and Health Service","Alma St","","","FREMANTLE","WA","6160","-32.0575169432121","115.753085898905",5116510,140961,"",30/04/2025,30/04/2025,"9:30","12:00"
"6","WA","Fremantle                       ",9,"Special Hospital Team 2                                         ","Regents Garden Aubin Grove","248 Lyon Rd","","","AUBIN GROVE","WA","6164","-32.1677211377542","115.860335601917",5114844,71340,"",24/04/2025,24/04/2025,"9:30","12:45"
"6","WA","Fremantle                       ",9,"Special Hospital Team 2                                         ","Residency By Dillons Fremantle","162 Holland St","","","FREMANTLE","WA","6160","-32.04895","115.77725",5116519,121920,"",24/04/2025,24/04/2025,"14:30","17:30"
"6","WA","Fremantle                       ",9,"Special Hospital Team 2                                         ","Southern Plus East Fremantle","15 Wolsely Rd","","","EAST FREMANTLE","WA","6158","-32.0364966123832","115.766330725395",5116404,14335,"",22/04/2025,22/04/2025,"12:30","15:00"
"6","WA","Fremantle                       ",9,"Special Hospital Team 2                                         ","Southern Plus East Fremantle","15 Wolsely Rd","","","EAST FREMANTLE","WA","6158","-32.0364966123832","115.766330725395",5116404,14335,"",22/04/2025,22/04/2025,"9:30","12:00"
"6","WA","Hasluck                         ",10,"Other Mobile Team 1                                             ","Middle Swan Residential Care","6 Eveline Rd","","","MIDDLE SWAN","WA","6056","-31.87484803302315","116.00918685575637",5106514,143104,"",24/04/2025,24/04/2025,"13:00","15:30"
"6","WA","Hasluck                         ",10,"Other Mobile Team 1                                             ","Middle Swan Residential Care","6 Eveline Rd","","","MIDDLE SWAN","WA","6056","-31.87484803302315","116.00918685575637",5106514,143104,"",24/04/2025,24/04/2025,"9:30","12:30"
"6","WA","Hasluck                         ",10,"Special Hospital Team 1                                         ","Aegis Bassendean","27 Hamilton St","","","BASSENDEAN","WA","6054","-31.904252569375018","115.95241225206071",5104435,50757,"",29/04/2025,29/04/2025,"9:30","12:00"
"6","WA","Hasluck                         ",10,"Special Hospital Team 1                                         ","Aegis Hermitage","5 Cottage Cl","","","ELLENBROOK","WA","6069","-31.785551577425988","115.9688250324631",5130027,121882,"",24/04/2025,24/04/2025,"9:30","11:30"
"6","WA","Hasluck                         ",10,"Special Hospital Team 1                                         ","Aegis The Pines","167 Ponte Vecchio Blvd","","","ELLENBROOK","WA","6069","-31.792071067942008","115.96375152322135",5130005,121881,"",22/04/2025,22/04/2025,"13:00","15:30"
"6","WA","Hasluck                         ",10,"Special Hospital Team 1                                         ","Bassendean Individualised Support","4-6 Mann Way","","","BASSENDEAN","WA","6054","-31.901569732688603","115.94331502562814",5104413,137114,"",30/04/2025,30/04/2025,"14:30","15:30"
"6","WA","Hasluck                         ",10,"Special Hospital Team 1                                         ","Bassendean Lodge","24 Hamilton St","","","BASSENDEAN","WA","6054","-31.90452238805162","115.95152819195431",5104435,69622,"",29/04/2025,29/04/2025,"12:30","15:00"
"6","WA","Hasluck                         ",10,"Special Hospital Team 1                                         ","Juniper Carramar ","23A Redgum Way","","","MORLEY","WA","6062","-31.876793704998267","115.92783225510708",5104744,14867,"",01/05/2025,01/05/2025,"9:30","12:00"
"6","WA","Hasluck                         ",10,"Special Hospital Team 1                                         ","Middle Swan Residential Care","6 Eveline Rd","","","MIDDLE SWAN","WA","6056","-31.87484803302315","116.00918685575637",5106514,137117,"",24/04/2025,24/04/2025,"13:30","16:00"
"6","WA","Hasluck                         ",10,"Special Hospital Team 1                                         ","Midland Nursing Home","44 John St","","","MIDLAND","WA","6056","-31.879812164732755","116.01003608145004",5106605,121876,"",30/04/2025,30/04/2025,"9:30","12:30"
"6","WA","Hasluck                         ",10,"Special Hospital Team 1                                         ","Shalom Family Church","111 Bluegum Rd","","","BEECHBORO","WA","6055","-31.86515","115.9209",5129903,126257,"",28/04/2025,28/04/2025,"12:30","15:30"
"6","WA","Hasluck                         ",10,"Special Hospital Team 1                                         ","St Bart's Community Recovery Village - Swan Villas","91 Patterson Dr","","","MIDDLE SWAN","WA","6056","-31.871750696603627","116.02406037087765",5106512,124510,"",28/04/2025,28/04/2025,"9:30","10:30"
"6","WA","Hasluck                         ",10,"Special Hospital Team 1                                         ","St Jude's Hostel","30 Swan St E","","","GUILDFORD","WA","6055","-31.89671","115.98052",5106615,126256,"",22/04/2025,22/04/2025,"9:30","12:30"
"6","WA","Hasluck                         ",10,"Special Hospital Team 1                                         ","St Vincent's Aged Care","224 Swan St W","","","GUILDFORD","WA","6055","-31.896377393395493","115.96150609943025",5106610,121875,"",23/04/2025,23/04/2025,"9:30","13:00"
"6","WA","Hasluck                         ",10,"Special Hospital Team 2                                         ","Baptistcare Morrison Gardens","1A North St","","","MIDLAND","WA","6056","-31.885597225608457","116.0149445348695",5106603,126255,"",22/04/2025,22/04/2025,"9:30","11:00"
"6","WA","Hasluck                         ",10,"Special Hospital Team 2                                         ","St John of God Midland Hospital","1 Clayton St","","","MIDLAND","WA","6056","-31.894167700373742","116.00847763302164",5106617,143105,"",24/04/2025,24/04/2025,"12:30","15:30"
"6","WA","Hasluck                         ",10,"Special Hospital Team 2                                         ","St John of God Midland Hospital","1 Clayton St","","","MIDLAND","WA","6056","-31.894167700373742","116.00847763302164",5106617,143105,"",24/04/2025,24/04/2025,"9:30","12:00"
"6","WA","Hasluck                         ",10,"Special Hospital Team 2                                         ","St John of God Midland Hospital","1 Clayton St","","","MIDLAND","WA","6056","-31.894167700373742","116.00847763302164",5106617,143105,"",28/04/2025,28/04/2025,"12:30","16:00"
"6","WA","Hasluck                         ",10,"Special Hospital Team 2                                         ","St John of God Midland Hospital","1 Clayton St","","","MIDLAND","WA","6056","-31.894167700373742","116.00847763302164",5106617,143105,"",28/04/2025,28/04/2025,"9:30","12:00"
"6","WA","Hasluck                         ",10,"Special Hospital Team 2                                         ","St John of God Midland Hospital","1 Clayton St","","","MIDLAND","WA","6056","-31.894167700373742","116.00847763302164",5106617,143105,"",29/04/2025,29/04/2025,"12:30","16:00"
"6","WA","Hasluck                         ",10,"Special Hospital Team 2                                         ","St John of God Midland Hospital","1 Clayton St","","","MIDLAND","WA","6056","-31.894167700373742","116.00847763302164",5106617,143105,"",29/04/2025,29/04/2025,"9:30","12:00"
"6","WA","Hasluck                         ",10,"Special Hospital Team 2                                         ","St John of God Midland Hospital","1 Clayton St","","","MIDLAND","WA","6056","-31.894167700373742","116.00847763302164",5106617,143105,"",30/04/2025,30/04/2025,"12:30","15:30"
"6","WA","Hasluck                         ",10,"Special Hospital Team 2                                         ","St John of God Midland Hospital","1 Clayton St","","","MIDLAND","WA","6056","-31.894167700373742","116.00847763302164",5106617,143105,"",30/04/2025,30/04/2025,"9:30","12:00"
"6","WA","Hasluck                         ",10,"Special Hospital Team 2                                         ","St John of God Midland Hospital","1 Clayton St","","","MIDLAND","WA","6056","-31.894167700373742","116.00847763302164",5106617,143105,"",01/05/2025,01/05/2025,"12:30","15:30"
"6","WA","Hasluck                         ",10,"Special Hospital Team 2                                         ","St John of God Midland Mental Health Unit","1 Clayton St","","","MIDLAND","WA","6056","-31.894167700373742","116.00847763302164",5106617,137119,"",22/04/2025,22/04/2025,"13:00","15:00"
"6","WA","Hasluck                         ",10,"Special Hospital Team 2                                         ","St John of God Midland Mental Health Unit","1 Clayton St","","","MIDLAND","WA","6056","-31.894167700373742","116.00847763302164",5106617,137119,"",23/04/2025,23/04/2025,"9:30","11:30"
"6","WA","Hasluck                         ",10,"Special Hospital Team 2                                         ","St John of God Midland Mental Health Unit","1 Clayton St","","","MIDLAND","WA","6056","-31.894167700373742","116.00847763302164",5106617,137119,"",01/05/2025,01/05/2025,"9:30","11:30"
"6","WA","Moore                           ",11,"Special Hospital Team 1                                         ","Aegis Woodlake","40 Woodlake Rtrt","","","KINGSLEY","WA","6026","-31.816319","115.819885",5107834,52017,"",29/04/2025,29/04/2025,"9:30","10:30"
"6","WA","Moore                           ",11,"Special Hospital Team 1                                         ","Baptistcare David Buttfield Centre","649 North Beach Rd","","","GWELUP","WA","6018","-31.872169","115.797221",5108951,41660,"",28/04/2025,28/04/2025,"9:30","11:30"
"6","WA","Moore                           ",11,"Special Hospital Team 1                                         ","Barridale Lodge","89 Barridale Dr","","","KINGSLEY","WA","6026","-31.81332","115.79702",5107801,122958,"",29/04/2025,29/04/2025,"12:30","13:30"
"6","WA","Moore                           ",11,"Special Hospital Team 1                                         ","Bethanie Gwelup Aged Care Home","72-74 Huntriss Rd","","","GWELUP","WA","6018","-31.8810676","115.78786633",5108929,123124,"",28/04/2025,28/04/2025,"13:30","15:30"
"6","WA","Moore                           ",11,"Special Hospital Team 1                                         ","Bethanie Kingsley","190 Twickenham Dr","","","KINGSLEY","WA","6026","-31.810045","115.786999",5107831,14868,"",30/04/2025,30/04/2025,"13:00","14:30"
"6","WA","Moore                           ",11,"Special Hospital Team 1                                         ","Carine Parkside Care Community","29 Silica Rd","","","CARINE","WA","6020","-31.8545237313038","115.771333700769",5108958,106215,"",23/04/2025,23/04/2025,"9:30","12:00"
"6","WA","Moore                           ",11,"Special Hospital Team 1                                         ","Edgewater Mercy Hostel","17-19 Pioneer Dr","","","EDGEWATER","WA","6027","-31.7661070605561","115.777758083119",5107726,32631,"",01/05/2025,01/05/2025,"12:30","14:00"
"6","WA","Moore                           ",11,"Special Hospital Team 1                                         ","Lady McCusker Nursing Home","27 Beddi Rd","","","DUNCRAIG","WA","6023","-31.83856434","115.76465422",5107214,122957,"",24/04/2025,24/04/2025,"14:30","15:30"
"6","WA","Moore                           ",11,"Special Hospital Team 1                                         ","Meath Care Kingsley","18 Hocking Rd","","","KINGSLEY","WA","6026","-31.8032356","115.813374",5107826,52016,"",23/04/2025,23/04/2025,"14:00","15:30"
"6","WA","Moore                           ",11,"Special Hospital Team 1                                         ","Mercycare Joondalup","21 Aldwych Way","","","JOONDALUP","WA","6027","-31.7337026109938","115.767305702132",5107732,41171,"",24/04/2025,24/04/2025,"9:30","12:30"
"6","WA","Moore                           ",11,"Special Hospital Team 1                                         ","Step Up Step Down Joondalup","22 Upney Mews","","","JOONDALUP","WA","6027","-31.73617","115.77259",5107705,123742,"",01/05/2025,01/05/2025,"9:30","10:30"
"6","WA","Moore                           ",11,"Special Hospital Team 1                                         ","Trinity Village Hostel","7 Beddi Rd","","","DUNCRAIG","WA","6023","-31.8398966116302","115.764300710653",5107214,14476,"",30/04/2025,30/04/2025,"9:30","11:00"
"6","WA","Moore                           ",11,"Special Hospital Team 2                                         ","Joondalup Health Campus ","Shenton Ave","","","JOONDALUP","WA","6027","-31.7381610207111","115.772745441701",5107705,137153,"Public Main Reception",23/04/2025,23/04/2025,"10:00","12:30"
"6","WA","Moore                           ",11,"Special Hospital Team 2                                         ","Joondalup Health Campus ","Shenton Ave","","","JOONDALUP","WA","6027","-31.7381610207111","115.772745441701",5107705,137153,"Public Main Reception",23/04/2025,23/04/2025,"13:00","15:00"
"6","WA","Moore                           ",11,"Special Hospital Team 2                                         ","Joondalup Health Campus ","Shenton Ave","","","JOONDALUP","WA","6027","-31.7381610207111","115.772745441701",5107705,137153,"Public Main Reception",24/04/2025,24/04/2025,"10:00","12:30"
"6","WA","Moore                           ",11,"Special Hospital Team 2                                         ","Joondalup Health Campus ","Shenton Ave","","","JOONDALUP","WA","6027","-31.7381610207111","115.772745441701",5107705,137153,"Public Main Reception",24/04/2025,24/04/2025,"13:00","14:00"
"6","WA","Moore                           ",11,"Special Hospital Team 2                                         ","Joondalup Health Campus ","Shenton Ave","","","JOONDALUP","WA","6027","-31.7381610207111","115.772745441701",5107705,137153,"Public Main Reception",28/04/2025,28/04/2025,"10:00","12:30"
"6","WA","Moore                           ",11,"Special Hospital Team 2                                         ","Joondalup Health Campus ","Shenton Ave","","","JOONDALUP","WA","6027","-31.7381610207111","115.772745441701",5107705,137153,"Public Main Reception",28/04/2025,28/04/2025,"13:00","15:00"
"6","WA","Moore                           ",11,"Special Hospital Team 2                                         ","Joondalup Health Campus ","Shenton Ave","","","JOONDALUP","WA","6027","-31.7381610207111","115.772745441701",5107705,137153,"Public Main Reception",29/04/2025,29/04/2025,"10:00","12:30"
"6","WA","Moore                           ",11,"Special Hospital Team 2                                         ","Joondalup Health Campus ","Shenton Ave","","","JOONDALUP","WA","6027","-31.7381610207111","115.772745441701",5107705,137153,"Public Main Reception",29/04/2025,29/04/2025,"13:00","15:00"
"6","WA","Moore                           ",11,"Special Hospital Team 2                                         ","Joondalup Health Campus - Mental Health Unit","24 Regents Park Rd","","","JOONDALUP","WA","6027","-31.73746998","115.77228388",5107705,137154,"Main Reception",30/04/2025,30/04/2025,"10:00","12:30"
"6","WA","Moore                           ",11,"Special Hospital Team 2                                         ","Joondalup Health Campus - Mental Health Unit","24 Regents Park Rd","","","JOONDALUP","WA","6027","-31.73746998","115.77228388",5107705,137154,"Main Reception",30/04/2025,30/04/2025,"13:00","14:00"
"6","WA","Moore                           ",11,"Special Hospital Team 3                                         ","Joondalup Health Campus ","Shenton Ave","","","JOONDALUP","WA","6027","-31.7381610207111","115.772745441701",5107705,137153,"Service 2",23/04/2025,23/04/2025,"10:00","12:30"
"6","WA","Moore                           ",11,"Special Hospital Team 3                                         ","Joondalup Health Campus ","Shenton Ave","","","JOONDALUP","WA","6027","-31.7381610207111","115.772745441701",5107705,137153,"Service 2",23/04/2025,23/04/2025,"13:00","15:00"
"6","WA","Moore                           ",11,"Special Hospital Team 3                                         ","Joondalup Health Campus ","Shenton Ave","","","JOONDALUP","WA","6027","-31.7381610207111","115.772745441701",5107705,137153,"Service 2",24/04/2025,24/04/2025,"10:00","12:30"
"6","WA","Moore                           ",11,"Special Hospital Team 3                                         ","Joondalup Health Campus ","Shenton Ave","","","JOONDALUP","WA","6027","-31.7381610207111","115.772745441701",5107705,137153,"Service 2",24/04/2025,24/04/2025,"13:00","14:00"
"6","WA","Moore                           ",11,"Special Hospital Team 3                                         ","Joondalup Health Campus ","Shenton Ave","","","JOONDALUP","WA","6027","-31.7381610207111","115.772745441701",5107705,137153,"Service 2",28/04/2025,28/04/2025,"10:00","12:30"
"6","WA","Moore                           ",11,"Special Hospital Team 3                                         ","Joondalup Health Campus ","Shenton Ave","","","JOONDALUP","WA","6027","-31.7381610207111","115.772745441701",5107705,137153,"Service 2",28/04/2025,28/04/2025,"13:00","15:00"
"6","WA","Moore                           ",11,"Special Hospital Team 3                                         ","Joondalup Health Campus ","Shenton Ave","","","JOONDALUP","WA","6027","-31.7381610207111","115.772745441701",5107705,137153,"Service 2",29/04/2025,29/04/2025,"10:00","12:30"
"6","WA","Moore                           ",11,"Special Hospital Team 3                                         ","Joondalup Health Campus ","Shenton Ave","","","JOONDALUP","WA","6027","-31.7381610207111","115.772745441701",5107705,137153,"Service 2",29/04/2025,29/04/2025,"13:00","15:00"
"6","WA","Moore                           ",11,"Special Hospital Team 3                                         ","Joondalup Health Campus - Mental Health Unit","24 Regents Park Rd","","","JOONDALUP","WA","6027","-31.73746998","115.77228388",5107705,137154,"Service 2",30/04/2025,30/04/2025,"10:00","12:30"
"6","WA","Moore                           ",11,"Special Hospital Team 3                                         ","Joondalup Health Campus - Mental Health Unit","24 Regents Park Rd","","","JOONDALUP","WA","6027","-31.73746998","115.77228388",5107705,137154,"Service 2",30/04/2025,30/04/2025,"13:00","14:00"
"6","WA","O'Connor                        ",12,"Other Mobile Team 1                                             ","Albany Regional Prison","Princess Ave","","","ALBANY","WA","6330","-35.0463705630881","117.82032247827595",5123212,137133,"",22/04/2025,22/04/2025,"10:00","12:30"
"6","WA","O'Connor                        ",12,"Other Mobile Team 1                                             ","Albany Regional Prison","Princess Ave","","","ALBANY","WA","6330","-35.0463705630881","117.82032247827595",5123212,137133,"",22/04/2025,22/04/2025,"13:00","14:15"
"6","WA","O'Connor                        ",12,"Other Mobile Team 1                                             ","Pardelup Prison Farm","Muirs Hwy","","","MT BARKER","WA","6324","-34.63705443324725","117.3829729423283",5123416,137135,"",23/04/2025,23/04/2025,"10:00","11:45"
"6","WA","O'Connor                        ",12,"Other Mobile Team 2                                             ","Eastern Goldfields Regional Prison","150 Vivian St","","","BOULDER","WA","6432","-30.79157449267401","121.47892069888313",5127807,137134,"",30/04/2025,30/04/2025,"13:00","16:00"
"6","WA","O'Connor                        ",12,"Other Mobile Team 2                                             ","Eastern Goldfields Regional Prison","150 Vivian St","","","BOULDER","WA","6432","-30.79157449267401","121.47892069888313",5127807,137134,"",30/04/2025,30/04/2025,"9:30","12:30"
"6","WA","O'Connor                        ",12,"Remote Mobile Team 1                                            ","Augusta Street Rotunda (Laverton)","27 Augusta St","","","LAVERTON","WA","6440","-28.62556","122.404455",5128305,143571,"",28/04/2025,28/04/2025,"12:30","15:30"
"6","WA","O'Connor                        ",12,"Remote Mobile Team 1                                            ","Cosmo Newberry Community Office (Meeting Room)","13 Yilka Dr","off Great Central Rd","","COSMO NEWBERRY","WA","6440","-27.993919416221853","122.89594666542219",5128318,31134,"",01/05/2025,01/05/2025,"10:00","13:00"
"6","WA","O'Connor                        ",12,"Remote Mobile Team 1                                            ","Eucla Motel","Eyre Highway","","","EUCLA","WA","6443","-31.67714","128.88409",5128208,123846,"",23/04/2025,23/04/2025,"11:00","16:45"
"6","WA","O'Connor                        ",12,"Remote Mobile Team 1                                            ","Eucla Motel","Eyre Highway","","","EUCLA","WA","6443","-31.67714","128.88409",5128208,123846,"",24/04/2025,24/04/2025,"8:00","13:45"
"6","WA","O'Connor                        ",12,"Remote Mobile Team 1                                            ","Laverton School","15 MacPherson Pl","","","LAVERTON","WA","6440","-28.6273290577375","122.40432406986",5128305,126241,"",03/05/2025,03/05/2025,"8:00","18:00"
"6","WA","O'Connor                        ",12,"Remote Mobile Team 1                                            ","Mt Margaret Youth Centre","11a Eighth St","","","LAVERTON","WA","6440","-28.79575541200975","122.18524692921811",5128312,14595,"",29/04/2025,29/04/2025,"10:30","13:30"
"6","WA","O'Connor                        ",12,"Remote Mobile Team 1                                            ","Mulga Queen Community Centre","Mulga Queen Rd","","","BANDYA","WA","6440","-27.557033831487974","122.04104474519792",5128321,107141,"",30/04/2025,30/04/2025,"11:00","14:00"
"6","WA","O'Connor                        ",12,"Remote Mobile Team 2                                            ","Jameson (Mantamaru) Community Office","Tjuta St","Off Blackstone-Warburton Rd","","NGAANYATJARRA-GILES","WA","0872","-25.86251","127.66514",5128314,31139,"",29/04/2025,29/04/2025,"10:30","13:30"
"6","WA","O'Connor                        ",12,"Remote Mobile Team 2                                            ","Kungkarrangkalpa Aged Care Facility   ","Wanarn Community","Main Road","","WANARN","WA","6743","-25.2842865","127.5375971",5128317,124479,"",22/04/2025,22/04/2025,"14:00","15:00"
"6","WA","O'Connor                        ",12,"Remote Mobile Team 2                                            ","Papulankutja (Blackstone) Community Office","Gunbarrel Hwy","","","NGAANYATJARRA-GILES","WA","0872","-25.997813949349965","128.2842784473299",5128304,14592,"",30/04/2025,30/04/2025,"9:00","12:00"
"6","WA","O'Connor                        ",12,"Remote Mobile Team 2                                            ","Tjukurla Community Office","Tjukurla Community Access Rd","","","NGAANYATJARRA-GILES ","WA","0872","-24.34845","128.7191",5128322,31131,"",24/04/2025,24/04/2025,"9:00","12:00"
"6","WA","O'Connor                        ",12,"Remote Mobile Team 2                                            ","Wanarn Community Office","Lot 53 Wanarn Community","","","WANARN ","WA","0872","-25.284507524831476","127.54105596318016",5128317,31137,"",22/04/2025,22/04/2025,"9:00","12:00"
"6","WA","O'Connor                        ",12,"Remote Mobile Team 2                                            ","Warakurna Community Office","Lot 1 ","Warakurna Community","","WARAKURNA","WA","0872","-25.0004755","128.2884824",5128315,31138,"",23/04/2025,23/04/2025,"8:30","11:30"
"6","WA","O'Connor                        ",12,"Remote Mobile Team 2                                            ","Warburton Community Office","76 Fourth St","","","WARBURTON","WA","6431","-26.135088153551717","126.57894479267463",5128309,31132,"",01/05/2025,01/05/2025,"8:00","14:00"
"6","WA","O'Connor                        ",12,"Remote Mobile Team 2                                            ","Wingellina (Irrunytju) Community Office","Irrunytju Rd","","","NGAANYATJARRA-GILES","WA","0872","-26.0662398273192","128.93103188714164",5128316,9088,"",28/04/2025,28/04/2025,"10:00","13:00"
"6","WA","O'Connor                        ",12,"Remote Mobile Team 3                                            ","Borden Pavilion (Meeting Room)","Stone St","","","BORDEN","WA","6338","-34.0723069","118.2622247",5122910,123229,"",23/04/2025,23/04/2025,"10:00","13:00"
"6","WA","O'Connor                        ",12,"Remote Mobile Team 3                                            ","Condingup Community Centre","94 Sutcliffe St","","","CONDINGUP","WA","6450","-33.75215907","122.53143701",5127504,142106,"",01/05/2025,01/05/2025,"9:00","15:00"
"6","WA","O'Connor                        ",12,"Remote Mobile Team 3                                            ","Grass Patch Community Post Office","Lot 14  Coolgardie-Esperance Hwy","","","GRASS PATCH","WA","6446","-33.22961963","121.7156177",5127506,143542,"",30/04/2025,30/04/2025,"9:00","15:00"
"6","WA","O'Connor                        ",12,"Remote Mobile Team 3                                            ","Harrismith Community Centre","18 Railway Ave","","","HARRISMITH","WA","6361","-32.9362219293137","117.860482442895",5124712,126239,"",24/04/2025,24/04/2025,"8:30","11:30"
"6","WA","O'Connor                        ",12,"Remote Mobile Team 3                                            ","Kukerin Town Hall","37 Scaddan St","","","KUKERIN","WA","6352","-33.187162","118.085198",5124716,123230,"",22/04/2025,22/04/2025,"9:30","12:30"
"6","WA","O'Connor                        ",12,"Remote Mobile Team 3                                            ","Lake King Pioneer Memorial Hall","Lake King-Newdegate Rd","","","LAKE KING","WA","6356","-33.0889495","119.67443567",5124703,142919,"",26/04/2025,26/04/2025,"9:00","15:00"
"6","WA","O'Connor                        ",12,"Remote Mobile Team 3                                            ","Munglinup Community Centre","1 Bennett St","","","MUNGLINUP","WA","6450","-33.70958639","120.86488007",5127505,142921,"",28/04/2025,28/04/2025,"9:30","15:30"
"6","WA","O'Connor                        ",12,"Remote Mobile Team 3                                            ","Salmon Gums Community Centre","Lot 119 Moore St","","","SALMON GUMS","WA","6445","-32.983134309703615","121.63808224226447",5127510,121770,"",29/04/2025,29/04/2025,"9:00","15:00"
"6","WA","O'Connor                        ",12,"Remote Mobile Team 4                                            ","Bullfinch Community Hall","Dorothy St","","","BULLFINCH","WA","6484","-30.986669153174002","119.11770979267074",5124202,121760,"",23/04/2025,23/04/2025,"10:00","13:00"
"6","WA","O'Connor                        ",12,"Remote Mobile Team 4                                            ","Marvel Loch General Store","35 Lenneberg St","","","MARVEL LOCH","WA","6426","-31.46709643","119.48923016",5124201,121762,"",22/04/2025,22/04/2025,"10:00","13:00"
"6","WA","O'Connor                        ",12,"Remote Mobile Team 4                                            ","Moorine Rock Tennis Club","61 Rankin St","","","MOORINE ROCK","WA","6425","-31.31464","119.12694",5124203,121761,"",24/04/2025,24/04/2025,"9:30","12:30"
"6","WA","O'Connor                        ",12,"Remote Mobile Team 4                                            ","Shackleton Memorial Hall","43 Jermyn St","","","SHACKLETON","WA","6386","-31.93263","117.835401",5124011,121764,"",26/04/2025,26/04/2025,"10:30","13:30"
"6","WA","O'Connor                        ",12,"Remote Mobile Team 4                                            ","Varley Hall","Carstairs Rd","","","VARLEY","WA","6355","-32.79516251483111","119.5119816229735",5124703,123228,"",28/04/2025,28/04/2025,"10:30","13:30"
"6","WA","O'Connor                        ",12,"Remote Mobile Team 5                                            ","Kookynie Grand Hotel (Beer Garden)","54 Britannia Street","","","KOOKYNIE","WA","6431","-29.30133995497215","121.48198667974174",5128301,123231,"",22/04/2025,22/04/2025,"10:00","13:00"
"6","WA","O'Connor                        ",12,"Remote Mobile Team 5                                            ","Kurrawang Community Chapel","1 Sharpe Dr","","","MT BURGES","WA","6429","-30.830290770167288","121.33035023462946",5128215,14610,"",29/04/2025,29/04/2025,"8:00","11:00"
"6","WA","O'Connor                        ",12,"Remote Mobile Team 5                                            ","Menzies Shire Town Hall","124 Shenton St","","","MENZIES","WA","6436","-29.694483234736058","121.02914520257984",5128301,90454,"",26/04/2025,26/04/2025,"9:00","12:00"
"6","WA","O'Connor                        ",12,"Remote Mobile Team 5                                            ","Moonlight Hall","Shire of Wiluna Office","70 Wotton St","","WILUNA","WA","6646","-26.590307889392584","120.22473066746554",5129005,91645,"",24/04/2025,24/04/2025,"10:30","16:30"
"6","WA","O'Connor                        ",12,"Remote Mobile Team 5                                            ","Ninga Mia Main Community Building (Verandah)","51 Nhalpa Dr","","","PARKESTON","WA","6434","-30.73142478786145","121.49254495033797",5127931,107143,"",29/04/2025,29/04/2025,"13:00","16:00"
"6","WA","O'Connor                        ",12,"Remote Mobile Team 5                                            ","Tjuntjuntjara Community Resource Centre","225 Fourth St","","","TJUNTJUNTJARA","WA","6431","-29.339918776920747","127.09738404822852",5128313,31133,"",01/05/2025,01/05/2025,"9:30","12:30"
"6","WA","O'Connor                        ",12,"Remote Mobile Team 5                                            ","Waalitj Foundation Leonora Office","78 Tower St","","","LEONORA","WA","6438","-28.88193","121.33045",5128303,142117,"",23/04/2025,23/04/2025,"9:00","12:00"
"6","WA","O'Connor                        ",12,"Special Hospital Team 1                                         ","Bruce Rock MPS (Bruce Rock Memorial Hospital)","35 Dunstall St","","","BRUCE ROCK","WA","6418","-31.873115044978135","118.14651016731213",5124002,126114,"",28/04/2025,28/04/2025,"10:00","11:30"
"6","WA","O'Connor                        ",12,"Special Hospital Team 1                                         ","Narembeen MPS","29 Ada St","","","NAREMBEEN","WA","6369","-32.06159743602313","118.3910198049688",5124001,122777,"",29/04/2025,29/04/2025,"10:00","11:30"
"6","WA","O'Connor                        ",12,"Special Hospital Team 2                                         ","Kalkarni Residency","27 Whittington St","","","BROOKTON","WA","6306","-32.37042451752574","117.00580954738727",5124610,126115,"",29/04/2025,29/04/2025,"9:30","11:30"
"6","WA","O'Connor                        ",12,"Special Hospital Team 2                                         ","Residency By Dillons Narrogin","52 Williams Rd","","","NARROGIN","WA","6312","-32.935697460024805","117.16792358555843",5124913,36446,"",28/04/2025,28/04/2025,"10:00","12:30"
"6","WA","O'Connor                        ",12,"Special Hospital Team 2                                         ","Residency By Dillons Narrogin","52 Williams Rd","","","NARROGIN","WA","6312","-32.935697460024805","117.16792358555843",5124913,36446,"",28/04/2025,28/04/2025,"13:00","13:45"
"6","WA","O'Connor                        ",12,"Special Hospital Team 3                                         ","Juniper Bethshan","7 Piesse St","","","KATANNING","WA","6317","-33.68657500012979","117.5621126592306",5123013,122772,"",23/04/2025,23/04/2025,"9:00","12:00"
"6","WA","O'Connor                        ",12,"Special Hospital Team 3                                         ","Juniper Waratah Lodge","6 Arnott St","","","WAGIN","WA","6315","-33.30449536549461","117.34656009071928",5125005,36336,"",22/04/2025,22/04/2025,"10:00","11:00"
"6","WA","O'Connor                        ",12,"Special Hospital Team 3                                         ","Kerry Lodge (Katanning MPS)","11-31 Kobeelya Ave","","","KATANNING","WA","6317","-33.68341201686223","117.56332451296547",5123014,122773,"",22/04/2025,22/04/2025,"13:30","14:30"
"6","WA","O'Connor                        ",12,"Special Hospital Team 3                                         ","Springhaven Frail Aged Hostel","15 Barracks Pl","","","KOJONUP","WA","6395","-33.829552254263916","117.15422335595159",5123115,36284,"",24/04/2025,24/04/2025,"9:00","10:30"
"6","WA","O'Connor                        ",12,"Special Hospital Team 4                                         ","Boyup Brook MPS (Boyup Brook Soldiers Memorial Hospital)","12 Hospital Rd","","","BOYUP BROOK","WA","6244","-33.83863103476002","116.39152213380461",5101702,122770,"",23/04/2025,23/04/2025,"10:00","11:00"
"6","WA","O'Connor                        ",12,"Special Hospital Team 4                                         ","Boyup Brook MPS (Boyup Brook Soldiers Memorial Hospital)","12 Hospital Rd","","","BOYUP BROOK","WA","6244","-33.83863103476002","116.39152213380461",5101702,122770,"",23/04/2025,23/04/2025,"13:00","15:00"
"6","WA","O'Connor                        ",12,"Special Hospital Team 4                                         ","Tuia Lodge Frail Aged Facility","30 Allnutt St","","","DONNYBROOK","WA","6239","-33.57729774347345","115.81606824944012",5101803,31418,"",22/04/2025,22/04/2025,"10:00","12:30"
"6","WA","O'Connor                        ",12,"Special Hospital Team 4                                         ","Tuia Lodge Frail Aged Facility","30 Allnutt St","","","DONNYBROOK","WA","6239","-33.57729774347345","115.81606824944012",5101803,31418,"",22/04/2025,22/04/2025,"13:00","14:15"
"6","WA","O'Connor                        ",12,"Special Hospital Team 4                                         ","ValleyView Residence","3-5 Vernon St","","","COLLIE","WA","6225","-33.35031107276687","116.16344977218733",5100916,90159,"",24/04/2025,24/04/2025,"9:30","11:30"
"6","WA","O'Connor                        ",12,"Special Hospital Team 5                                         ","Albany Regional Hospital - Mental Health Unit","30 Warden Ave","","","SPENCER PARK","WA","6330","-35.00347","117.903828",5122519,137132,"",23/04/2025,23/04/2025,"13:00","15:45"
"6","WA","O'Connor                        ",12,"Special Hospital Team 5                                         ","Annie Bryson Mckeown Lodge","2 Angove Rd","","","SPENCER PARK","WA","6330","-35.009681662543436","117.90210524944008",5122510,36239,"",24/04/2025,24/04/2025,"13:30","15:30"
"6","WA","O'Connor                        ",12,"Special Hospital Team 5                                         ","Baptistcare Bethel","2 Bethel Way","","","YAKAMIA","WA","6330","-35.0067","117.88095",5122527,36240,"",28/04/2025,28/04/2025,"9:00","11:15"
"6","WA","O'Connor                        ",12,"Special Hospital Team 5                                         ","Clarence Estate Residential Health & Aged Care","55 Hardie Rd","","","SPENCER PARK","WA","6330","-35.00295411","117.9012744",5122512,59486,"",29/04/2025,29/04/2025,"12:30","14:15"
"6","WA","O'Connor                        ",12,"Special Hospital Team 5                                         ","Clarence Estate Residential Health & Aged Care","55 Hardie Rd","","","SPENCER PARK","WA","6330","-35.00295411","117.9012744",5122512,59486,"",29/04/2025,29/04/2025,"9:30","12:00"
"6","WA","O'Connor                        ",12,"Special Hospital Team 5                                         ","Craigcare Albany","19 Beaufort Rd","","","YAKAMIA","WA","6330","-35.00290630612871","117.87167504914954",5122526,14882,"",01/05/2025,01/05/2025,"10:00","12:00"
"6","WA","O'Connor                        ",12,"Special Hospital Team 5                                         ","Craigcare Albany","19 Beaufort Rd","","","YAKAMIA","WA","6330","-35.00290630612871","117.87167504914954",5122526,14882,"",01/05/2025,01/05/2025,"12:30","13:30"
"6","WA","O'Connor                        ",12,"Special Hospital Team 5                                         ","Gwen Hardie Lodge","67 Mermaid Ave","","","EMU POINT","WA","6330","-34.99797754711109","117.93874926485631",5122513,14885,"",24/04/2025,24/04/2025,"9:00","11:30"
"6","WA","O'Connor                        ",12,"Special Hospital Team 5                                         ","Juniper Korumup","11 Townsend St","","","LOCKYER","WA","6330","-35.005936132070495","117.85286270172911",5123311,107092,"",28/04/2025,28/04/2025,"13:30","16:00"
"6","WA","O'Connor                        ",12,"Special Hospital Team 6                                         ","Esperance Aged Care Facility","17 Eyre St","","","ESPERANCE","WA","6450","-33.855301","121.893261",5127425,63648,"",22/04/2025,22/04/2025,"11:30","13:00"
"6","WA","O'Connor                        ",12,"Special Hospital Team 6                                         ","Esperance Aged Care Facility","17 Eyre St","","","ESPERANCE","WA","6450","-33.855301","121.893261",5127425,63648,"",22/04/2025,22/04/2025,"9:00","11:00"
"6","WA","O'Connor                        ",12,"Special Hospital Team 7                                         ","Edward Collick Home","173 Wilson St","","","SOUTH KALGOORLIE","WA","6430","-30.760317982123304","121.48490909839435",5127911,14634,"",22/04/2025,22/04/2025,"11:30","13:30"
"6","WA","O'Connor                        ",12,"Special Hospital Team 7                                         ","Edward Collick Home","173 Wilson St","","","SOUTH KALGOORLIE","WA","6430","-30.760317982123304","121.48490909839435",5127911,14634,"",22/04/2025,22/04/2025,"9:00","11:00"
"6","WA","O'Connor                        ",12,"Special Hospital Team 7                                         ","Edward Collick Home","173 Wilson St","","","SOUTH KALGOORLIE","WA","6430","-30.760317982123304","121.48490909839435",5127911,14634,"",24/04/2025,24/04/2025,"9:30","12:00"
"6","WA","O'Connor                        ",12,"Special Hospital Team 7                                         ","Southern Cross Care WA - Victoria Park Hostel","1 Croesus St","","","KALGOORLIE","WA","6430","-30.740999483635278","121.47474858399896",5127915,14627,"",23/04/2025,23/04/2025,"10:00","11:00"
"6","WA","O'Connor                        ",12,"Special Hospital Team 7                                         ","Southern Cross Care WA - Victoria Park Nursing Home","1 Croesus St","","","KALGOORLIE","WA","6430","-30.740989826195023","121.47476415093892",5127915,122771,"",23/04/2025,23/04/2025,"11:00","12:15"
"6","WA","O'Connor                        ",12,"Special Hospital Team 8                                         ","Geegeelup Aged Care Facility","3 Scott St","","","BRIDGETOWN","WA","6255","-33.955889895528024","116.12997836360594",5101714,122845,"",01/05/2025,01/05/2025,"9:30","11:00"
"6","WA","Pearce                          ",13,"Special Hospital Team 1                                         ","Aegis Anchorage","340 Anchorage Dr N","","","MINDARIE","WA","6030","-31.677655","115.709371",5110540,50066,"",22/04/2025,22/04/2025,"14:00","16:00"
"6","WA","Pearce                          ",13,"Special Hospital Team 1                                         ","Aegis Shorehaven","49 Scotthorn Dr","","","ALKIMOS","WA","6038","-31.60117473","115.69344153",5125505,122951,"",23/04/2025,23/04/2025,"13:30","15:30"
"6","WA","Pearce                          ",13,"Special Hospital Team 1                                         ","Bethanie Beachside","629 Two Rocks Rd","","","YANCHEP","WA","6035","-31.5439983478489","115.62969337704",5125801,52135,"",22/04/2025,22/04/2025,"10:00","12:00"
"6","WA","Pearce                          ",13,"Special Hospital Team 1                                         ","Jacaranda Lodge","55 Belgrade Rd","","","WANNEROO","WA","6065","-31.750835","115.816267",5110821,14491,"",01/05/2025,01/05/2025,"9:30","12:00"
"6","WA","Pearce                          ",13,"Special Hospital Team 1                                         ","Kinross Care centre","71 Kinross Dr","","","KINROSS","WA","6028","-31.7185","115.73459",5107106,126074,"",29/04/2025,29/04/2025,"10:00","13:00"
"6","WA","Pearce                          ",13,"Special Hospital Team 1                                         ","RAAFA Estate Merriwa - Karri and Tuart Lodge","19 Hughie Edwards Dr","","","MERRIWA","WA","6030","-31.657328","115.70805",5109903,36168,"",24/04/2025,24/04/2025,"10:00","12:00"
"6","WA","Pearce                          ",13,"Special Hospital Team 1                                         ","Regents Garden Aged Resort","33 Drovers Pl","","","WANNEROO","WA","6065","-31.7186157403623","115.777463989546",5130613,50055,"",28/04/2025,28/04/2025,"9:30","12:30"
"6","WA","Pearce                          ",13,"Special Hospital Team 1                                         ","Vivian Bullwinkel Lodge","85 Hester Ave","","","MERRIWA","WA","6030","-31.6709435","115.719119",5109934,50489,"",30/04/2025,30/04/2025,"9:30","12:00"
"6","WA","Pearce                          ",13,"Special Hospital Team 1                                         ","Wanneroo Community Nursing Home","9 Amos Rd","","","WANNEROO","WA","6065","-31.7512559","115.81920367",5130629,126075,"",23/04/2025,23/04/2025,"9:30","10:30"
"6","WA","Perth                           ",14,"Other Mobile Team 1                                             ","Boorloo Bidee Mia","298-300 Wellington St","","","PERTH","WA","6000","-31.95284516","115.86419867",5129729,126295,"",24/04/2025,24/04/2025,"9:00","12:15"
"6","WA","Perth                           ",14,"Other Mobile Team 1                                             ","Ruah Engagement Hub","247 James St","","","NORTHBRIDGE","WA","6003","-31.9454768270759","115.854890745784",5129725,90767,"",22/04/2025,22/04/2025,"9:00","12:30"
"6","WA","Perth                           ",14,"Other Mobile Team 1                                             ","St Bartholomew's House","7 Lime St","","","EAST PERTH","WA","6004","-31.9509697262695","115.869940884052",5129522,90769,"",23/04/2025,23/04/2025,"9:00","12:00"
"6","WA","Perth                           ",14,"Other Mobile Team 1                                             ","The Beacon","9 Aberdeen St","","","PERTH","WA","6000","-31.95029672","115.86627035",5129712,123557,"",28/04/2025,28/04/2025,"9:00","15:00"
"6","WA","Perth                           ",14,"Other Mobile Team 1                                             ","Uniting WA Tranby Engagement Hub","6/5 Aberdeen St","","","PERTH","WA","6000","-31.95067281213555","115.86727581084868",5129712,90768,"",30/04/2025,30/04/2025,"9:00","10:45"
"6","WA","Perth                           ",14,"Other Mobile Team 1                                             ","Wandjoo Bidi","718 Murray St","","","WEST PERTH","WA","6005","-31.946094547181875","115.83928288399431",5129701,126296,"",29/04/2025,29/04/2025,"9:00","12:15"
"6","WA","Perth                           ",14,"Special Hospital Team 1                                         ","Amana Living - St George's Care Centre","2 Essex St","","","BAYSWATER","WA","6053","-31.915805","115.905743",5104527,52130,"",22/04/2025,22/04/2025,"9:00","12:30"
"6","WA","Perth                           ",14,"Special Hospital Team 1                                         ","Archbishop Goody Residential Care","29 Goderich St","","","EAST PERTH","WA","6004","-31.958519","115.875192",5129506,14811,"",22/04/2025,22/04/2025,"14:30","16:15"
"6","WA","Perth                           ",14,"Special Hospital Team 1                                         ","Brightwater Inglewood","2A Walter Rd W","","","INGLEWOOD","WA","6052","-31.91363044","115.87738114",5103935,122462,"Activity Room",29/04/2025,29/04/2025,"9:00","13:45"
"6","WA","Perth                           ",14,"Special Hospital Team 1                                         ","Brightwater Inglewood","2A Walter Rd W","","","INGLEWOOD","WA","6052","-31.91363044","115.87738114",5103935,122462,"Activity Room 2nd Day",30/04/2025,30/04/2025,"9:00","13:00"
"6","WA","Perth                           ",14,"Special Hospital Team 1                                         ","Juniper Karinya","21 Embleton Ave","","","EMBLETON","WA","6062","-31.902282","115.916179",5104524,50064,"",28/04/2025,28/04/2025,"9:00","11:30"
"6","WA","Perth                           ",14,"Special Hospital Team 1                                         ","Mertome Aged Care and Retirement Village","30 Winifred Rd","","","BAYSWATER","WA","6053","-31.915731","115.916646",5104538,14812,"",01/05/2025,01/05/2025,"9:00","12:45"
"6","WA","Perth                           ",14,"Special Hospital Team 1                                         ","Osboine Contemporary Aged Care","39 Newton St","","","BAYSWATER","WA","6053","-31.92515","115.924169",5104555,52131,"",28/04/2025,28/04/2025,"13:30","17:00"
"6","WA","Perth                           ",14,"Special Hospital Team 1                                         ","Regis Embleton","46 Broun Ave","","","EMBLETON","WA","6062","-31.9069988","115.9021921",5104533,63920,"",23/04/2025,23/04/2025,"9:00","11:30"
"6","WA","Perth                           ",14,"Special Hospital Team 1                                         ","Ritcher Lodge","480-482 Guildford Rd","","","BAYSWATER","WA","6053","-31.924324","115.923061",5104555,14816,"",23/04/2025,23/04/2025,"13:30","16:30"
"6","WA","Perth                           ",14,"Special Hospital Team 2                                         ","Aegis Sandstrom","44 Whatley Cres","","","MOUNT LAWLEY","WA","6050","-31.93526456","115.88136763",5103915,122465,"",23/04/2025,23/04/2025,"12:30","13:30"
"6","WA","Perth                           ",14,"Special Hospital Team 2                                         ","Bethanie Joondanna","130 Edinboro St","","","JOONDANNA","WA","6060","-31.9130821476566","115.841792575193",5109528,14875,"",22/04/2025,22/04/2025,"13:15","15:45"
"6","WA","Perth                           ",14,"Special Hospital Team 2                                         ","Bolton Clarke Menora Gardens Retirement Village","51 Alexander Dr","","","MENORA","WA","6050","-31.917134","115.865651",5109728,40845,"",24/04/2025,24/04/2025,"9:00","12:30"
"6","WA","Perth                           ",14,"Special Hospital Team 2                                         ","Juniper Riverslea","100 Guildford Rd","","","MOUNT LAWLEY","WA","6050","-31.9342967452889","115.886393600438",5104610,14813,"",23/04/2025,23/04/2025,"9:00","10:30"
"6","WA","Perth                           ",14,"Special Hospital Team 2                                         ","Juniper St David's Retirement Living","17 Lawley Cres","","","MOUNT LAWLEY","WA","6050","-31.93179","115.87746",5103923,91382,"",28/04/2025,28/04/2025,"9:00","11:30"
"6","WA","Perth                           ",14,"Special Hospital Team 2                                         ","Residency by Dillons Mount Lawley","51-53 Second Ave","","","MOUNT LAWLEY","WA","6050","-31.9294767656651","115.879180621103",5103924,89835,"",23/04/2025,23/04/2025,"15:00","16:00"
"6","WA","Perth                           ",14,"Special Hospital Team 2                                         ","Rosewood Aged Care Leederville","5 Britannia Rd","","","LEEDERVILLE","WA","6007","-31.9269666078341","115.839690706548",5103802,91367,"",22/04/2025,22/04/2025,"9:00","11:15"
"6","WA","Perth                           ",14,"Special Hospital Team 2                                         ","Sunflower Villas","U 16  15 Limosa Cl","","","STIRLING","WA","6021","-31.88539026","115.80194327",5109319,123741,"",28/04/2025,28/04/2025,"13:30","14:30"
"6","WA","Perth                           ",14,"Special Hospital Team 3                                         ","Aegis Lincoln Park","21 Wright St","","","PERTH","WA","6000","-31.9431031061579","115.871335433256",5129625,14820,"",24/04/2025,24/04/2025,"9:00","10:00"
"6","WA","Perth                           ",14,"Special Hospital Team 3                                         ","Aegis St Michael's","53 Wasley St","","","NORTH PERTH","WA","6006","-31.9317564466267","115.861929973738",5104016,14815,"",22/04/2025,22/04/2025,"9:00","11:00"
"6","WA","Perth                           ",14,"Special Hospital Team 3                                         ","Aegis Stirling","32 Spencer Ave","","","YOKINE","WA","6060","-31.9041264865748","115.860657931823",5109710,50315,"",30/04/2025,30/04/2025,"9:00","12:15"
"6","WA","Perth                           ",14,"Special Hospital Team 3                                         ","Casson House","2-10 Woodville St","","","NORTH PERTH","WA","6006","-31.930881","115.858135",5104021,52133,"",01/05/2025,01/05/2025,"9:00","12:00"
"6","WA","Perth                           ",14,"Special Hospital Team 3                                         ","Leighton Nursing Home","40 Florence St","","","WEST PERTH","WA","6005","-31.93676645","115.8510864",5129601,122463,"",22/04/2025,22/04/2025,"13:00","14:30"
"6","WA","Perth                           ",14,"Special Hospital Team 3                                         ","Maurice Zeffert","119 Cresswell Rd","","","YOKINE","WA","6060","-31.901222706361","115.864298701083",5109716,14388,"",28/04/2025,28/04/2025,"9:00","12:15"
"6","WA","Perth                           ",14,"Special Hospital Team 3                                         ","Rosewood Aged Care West Perth","67 Cleaver St","","","WEST PERTH","WA","6005","-31.9373056073745","115.848832706029",5129623,14935,"",29/04/2025,29/04/2025,"9:00","12:15"
"6","WA","Perth                           ",14,"Special Hospital Team 3                                         ","The Richardson Aged Care","32 Richardson St","","","WEST PERTH","WA","6005","-31.94808461","115.83767471",5129727,122461,"",23/04/2025,23/04/2025,"9:30","14:45"
"6","WA","Perth                           ",14,"Special Hospital Team 4                                         ","St John of God Hospital Mt Lawley","Thirlmere Rd","","","MT LAWLEY","WA","6050","-31.9358119","115.8843935",5103914,137163,"Conference Room",22/04/2025,22/04/2025,"9:00","14:30"
"6","WA","Perth                           ",14,"Special Hospital Team 4                                         ","St John of God Hospital Mt Lawley","Thirlmere Rd","","","MT LAWLEY","WA","6050","-31.9358119","115.8843935",5103914,137163,"Conference Room",23/04/2025,23/04/2025,"9:00","13:00"
"6","WA","Perth                           ",14,"Special Hospital Team 4                                         ","St John of God Hospital Mt Lawley","Thirlmere Rd","","","MT LAWLEY","WA","6050","-31.9358119","115.8843935",5103914,137163,"Continued bed to bed",29/04/2025,29/04/2025,"9:00","12:00"
"6","WA","Perth                           ",14,"Special Hospital Team 4                                         ","St John of God Hospital Mt Lawley","Thirlmere Rd","","","MT LAWLEY","WA","6050","-31.9358119","115.8843935",5103914,137163,"Service 2",24/04/2025,24/04/2025,"9:00","13:00"
"6","WA","Perth                           ",14,"Special Hospital Team 4                                         ","St John of God Hospital Mt Lawley","Thirlmere Rd","","","MT LAWLEY","WA","6050","-31.9358119","115.8843935",5103914,137163,"Service 2",28/04/2025,28/04/2025,"9:00","12:45"
"6","WA","Perth                           ",14,"Special Hospital Team 5                                         ","Amana Living James Brown Care Centre","James Brown House","171 Albert St","","OSBORNE PARK","WA","6017","-31.897765","115.82462",5109315,143481,"",30/04/2025,30/04/2025,"9:00","14:00"
"6","WA","Perth                           ",14,"Special Hospital Team 5                                         ","Royal Perth Hospital - Mental Health Unit","Wellington St","","","PERTH","WA","6000","-31.9547","115.866",5129729,143261,"",29/04/2025,29/04/2025,"9:00","11:15"
"6","WA","Swan                            ",15,"Other Mobile Team 1                                             ","Bentley Health Service","18/56 Mills St","","","BENTLEY","WA","6102","-32.00537290950054","115.92753241025109",5112403,137124,"Blocks A & B",22/04/2025,22/04/2025,"9:30","12:00"
"6","WA","Swan                            ",15,"Other Mobile Team 1                                             ","Bentley Health Service","18/56 Mills St","","","BENTLEY","WA","6102","-32.00537290950054","115.92753241025109",5112403,137124,"Blocks C & D",22/04/2025,22/04/2025,"12:30","14:30"
"6","WA","Swan                            ",15,"Other Mobile Team 1                                             ","Bentley Health Service","18/56 Mills St","","","BENTLEY","WA","6102","-32.00537290950054","115.92753241025109",5112403,137124,"Blocks E & F",23/04/2025,23/04/2025,"9:30","12:00"
"6","WA","Swan                            ",15,"Other Mobile Team 1                                             ","Bentley Health Service","18/56 Mills St","","","BENTLEY","WA","6102","-32.00537290950054","115.92753241025109",5112403,137124,"Blocks G, H & I",23/04/2025,23/04/2025,"12:30","14:30"
"6","WA","Swan                            ",15,"Other Mobile Team 1                                             ","Boronia Pre-release Centre for Women","14-16 Hayman Rd","","","BENTLEY","WA","6102","-32.003044400097565","115.89784989435225",5112417,137123,"",01/05/2025,01/05/2025,"10:00","12:30"
"6","WA","Swan                            ",15,"Special Hospital Team 1                                         ","Aegis Balmoral","29 Gardner St","","","COMO","WA","6152","-31.98986209127759","115.85744194647836",5114502,143109,"",01/05/2025,01/05/2025,"12:30","15:00"
"6","WA","Swan                            ",15,"Special Hospital Team 1                                         ","Aegis Balmoral","29 Gardner St","","","COMO","WA","6152","-31.98986209127759","115.85744194647836",5114502,143109,"",01/05/2025,01/05/2025,"9:30","12:00"
"6","WA","Swan                            ",15,"Special Hospital Team 1                                         ","Aegis Karalee","68 Lyall St","","","REDCLIFFE","WA","6104","-31.938810207733578","115.94116028510979",5111827,121888,"",29/04/2025,29/04/2025,"9:30","11:00"
"6","WA","Swan                            ",15,"Special Hospital Team 1                                         ","Aegis Lakeside","33 Stanton Rd","","","REDCLIFFE","WA","6104","-31.939495046485433","115.94187009989433",5111827,121894,"",28/04/2025,28/04/2025,"9:30","10:30"
"6","WA","Swan                            ",15,"Special Hospital Team 1                                         ","Agmaroy Nursing Home","115 Leach Hwy","","","WILSON","WA","6107","-32.01938602442148","115.91133500969451",5112438,121859,"",28/04/2025,28/04/2025,"12:30","15:30"
"6","WA","Swan                            ",15,"Special Hospital Team 1                                         ","Baptistcare Gracewood","20 Roebuck Dr","","","SALTER POINT","WA","6152","-32.020602287900495","115.8623151710616",5114606,143106,"",22/04/2025,22/04/2025,"12:30","14:30"
"6","WA","Swan                            ",15,"Special Hospital Team 1                                         ","Baptistcare Gracewood","20 Roebuck Dr","","","SALTER POINT","WA","6152","-32.020602287900495","115.8623151710616",5114606,143106,"",22/04/2025,22/04/2025,"9:30","12:00"
"6","WA","Swan                            ",15,"Special Hospital Team 1                                         ","Juniper Hilltop Residential Aged Care","Hilltop Dr","4-10 Hayman Rd","","BENTLEY","WA","6102","-32.007295434598404","115.90131451663278",5112445,121884,"",29/04/2025,29/04/2025,"13:00","15:30"
"6","WA","Swan                            ",15,"Special Hospital Team 1                                         ","Juniper Trinity Residential Aged Care","Rivergum Dr","4-10 Hayman Rd","","BENTLEY","WA","6102","-32.00591270843087","115.8997365422257",5112445,121885,"",23/04/2025,23/04/2025,"9:30","11:30"
"6","WA","Swan                            ",15,"Special Hospital Team 1                                         ","Peter Arney Home","1 Gentilli Way","","","SALTER POINT","WA","6152","-32.01698125532768","115.8588632372388",5114530,121890,"",30/04/2025,30/04/2025,"9:30","12:30"
"6","WA","Swan                            ",15,"Special Hospital Team 1                                         ","Regis Como","36 Talbot Ave","","","COMO","WA","6152","-32.002514916297564","115.86742822133955",5114520,143107,"",23/04/2025,23/04/2025,"13:30","14:30"
"6","WA","Swan                            ",15,"Special Hospital Team 2                                         ","Aegis Parkview","6 Drummond St","","","REDCLIFFE","WA","6104","-31.938150228633752","115.9420328274388",5111827,121887,"",28/04/2025,28/04/2025,"12:30","14:30"
"6","WA","Swan                            ",15,"Special Hospital Team 2                                         ","Belmont Aged Care","14 Cleaver Tce","","","RIVERVALE","WA","6103","-31.95496474135906","115.91729151523661",5131122,121998,"",28/04/2025,28/04/2025,"9:30","10:30"
"6","WA","Swan                            ",15,"Special Hospital Team 2                                         ","Bentley Villas","1 Channon St","","","BENTLEY","WA","6102","-32.00384309216687","115.92794359250412",5112403,126260,"",29/04/2025,29/04/2025,"14:30","16:00"
"6","WA","Swan                            ",15,"Special Hospital Team 2                                         ","Brightwater Redcliffe","23 Johnson St","","","REDCLIFFE","WA","6104","-31.94156070888196","115.94367322318547",5111816,121895,"",30/04/2025,30/04/2025,"12:30","15:30"
"6","WA","Swan                            ",15,"Special Hospital Team 2                                         ","Concorde Nursing Home","25 Anstey St","","","SOUTH PERTH","WA","6151","-31.98344646901157","115.86255347290854",5114706,137121,"",23/04/2025,23/04/2025,"13:30","15:30"
"6","WA","Swan                            ",15,"Special Hospital Team 2                                         ","Howard Solomon Residential Estate","91 Hybanthus Rd","","","FERNDALE","WA","6148","-32.03798037298121","115.92166370174564",5112837,14362,"",29/04/2025,29/04/2025,"9:30","12:30"
"6","WA","Swan                            ",15,"Special Hospital Team 2                                         ","Kensington Park Nursing Home","62 Gwenyfred Rd","","","KENSINGTON","WA","6151","-31.977446644029115","115.88746814166771",5112304,121892,"",01/05/2025,01/05/2025,"11:00","12:30"
"6","WA","Swan                            ",15,"Special Hospital Team 2                                         ","Michael Lee Centre","80/82 Henley St","","","COMO","WA","6152","-32.005426073995466","115.87361399194712",5114613,143110,"",22/04/2025,22/04/2025,"12:30","14:30"
"6","WA","Swan                            ",15,"Special Hospital Team 2                                         ","Michael Lee Centre","80/82 Henley St","","","COMO","WA","6152","-32.005426073995466","115.87361399194712",5114613,143110,"",22/04/2025,22/04/2025,"9:30","12:00"
"6","WA","Swan                            ",15,"Special Hospital Team 2                                         ","Sister Mary Glowrey Residential Aged Care","12 Lapage St","","","BELMONT","WA","6104","-31.945850375854356","115.92331630229974",5111807,126259,"",24/04/2025,24/04/2025,"9:30","12:30"
"6","WA","Swan                            ",15,"Special Hospital Team 2                                         ","Windsor Park Aged Care","110 Star St","","","CARLISLE","WA","6101","-31.979557413992843","115.92071406422482",5111924,126261,"",30/04/2025,30/04/2025,"9:30","10:30"
"6","WA","Swan                            ",15,"Special Hospital Team 3                                         ","Bethanie Como","30 McNabb Loop","","","COMO","WA","6152","-31.999762491824825","115.87388482837622",5114531,121889,"",28/04/2025,28/04/2025,"9:30","13:30"
"6","WA","Swan                            ",15,"Special Hospital Team 3                                         ","Bidi Wungen Kaat Centre - Transitional Care Unit","38 Alday St","","","ST JAMES","WA","6102","-31.995888196699287","115.91078915576848",5112419,137122,"",23/04/2025,23/04/2025,"9:30","12:30"
"6","WA","Swan                            ",15,"Special Hospital Team 3                                         ","Castledare Village","108 Fern Rd","","","WILSON","WA","6107","-32.02256531810542","115.91404675387187",5112414,34767,"",24/04/2025,24/04/2025,"12:30","16:30"
"6","WA","Swan                            ",15,"Special Hospital Team 3                                         ","Craigcare Ascot Waters","2 Waterway Cres","","","ASCOT","WA","6104","-31.936262505685296","115.9192317263244",5111829,121898,"",22/04/2025,22/04/2025,"9:30","13:30"
"6","WA","Swan                            ",15,"Special Hospital Team 3                                         ","Devenish Lodge","54 Devenish St","","","EAST VICTORIA PARK","WA","6101","-31.991127986911994","115.89875497106055",5111916,124518,"",28/04/2025,28/04/2025,"15:30","17:00"
"6","WA","Swan                            ",15,"Special Hospital Team 3                                         ","Juniper Annesley Residential Aged Care","145-147 Hill View Tce","","","BENTLEY","WA","6102","-32.00547006951697","115.90287589933159",5112431,121891,"",30/04/2025,30/04/2025,"9:30","12:30"
"6","WA","Swan                            ",15,"Special Hospital Team 3                                         ","Mercy Place Lathlain","63 Archer St","","","CARLISLE","WA","6101","-31.974093707066068","115.91536446748513",5111920,121896,"",29/04/2025,29/04/2025,"9:30","13:00"
"6","WA","Swan                            ",15,"Special Hospital Team 3                                         ","Richmond Wellbeing Queens Park","126 Railway Pde","","","QUEENS PARK","WA","6107","-32.004863206660666","115.93735071154212",5112730,124523,"",24/04/2025,24/04/2025,"9:30","10:30"
"6","WA","Tangney                         ",16,"Other Mobile Team 1                                             ","Hakea Prison ","1170 Nicholson Rd","","","CANNING VALE","WA","6155","-32.10536468833075","115.9221929390899",5113335,137126,"",29/04/2025,29/04/2025,"10:00","11:30"
"6","WA","Tangney                         ",16,"Other Mobile Team 1                                             ","Melaleuca Women's Prison","Nicholson Rd","","","CANNING VALE","WA","6155","-32.10537723603783","115.92254972873538",5113335,137125,"",30/04/2025,30/04/2025,"12:30","15:00"
"6","WA","Tangney                         ",16,"Other Mobile Team 1                                             ","Melaleuca Women's Prison","Nicholson Rd","","","CANNING VALE","WA","6155","-32.10537723603783","115.92254972873538",5113335,137125,"",02/05/2025,02/05/2025,"9:00","11:30"
"6","WA","Tangney                         ",16,"Special Hospital Team 1                                         ","Aegis Murdoch","16 Fiona Wood Rd","","","MURDOCH","WA","6150","-32.06836488322039","115.84756631644146",5118213,126262,"",29/04/2025,29/04/2025,"9:30","13:30"
"6","WA","Tangney                         ",16,"Special Hospital Team 1                                         ","Alfred Cove Care Community","94 Kitchener Rd","","","ALFRED COVE","WA","6154","-32.036559349995294","115.8121437575684",5118119,121853,"",30/04/2025,30/04/2025,"14:00","16:00"
"6","WA","Tangney                         ",16,"Special Hospital Team 1                                         ","Applecross Shore Care Community","30 Carron Rd","","","APPLECROSS","WA","6153","-32.008263451058795","115.8467993237449",5117501,121868,"",28/04/2025,28/04/2025,"13:00","15:30"
"6","WA","Tangney                         ",16,"Special Hospital Team 1                                         ","Braemar Village","24-32 Charsley St","","","WILLAGEE","WA","6156","-32.05082492321038","115.8148438679235",5118302,121863,"",24/04/2025,24/04/2025,"9:30","11:30"
"6","WA","Tangney                         ",16,"Special Hospital Team 1                                         ","Frederick Guest Hostel Amana Living","25 Gleddon Rd","","","BULL CREEK","WA","6149","-32.0512366241511","115.8594721692145",5117911,121852,"",28/04/2025,28/04/2025,"9:30","11:00"
"6","WA","Tangney                         ",16,"Special Hospital Team 1                                         ","Murdoch Gardens Care Community","Discovery Way","Entry via Wagtail Cl","","MURDOCH","WA","6150","-32.070432401825585","115.8285112747594",5118213,121864,"",23/04/2025,23/04/2025,"13:00","16:30"
"6","WA","Tangney                         ",16,"Special Hospital Team 1                                         ","Regents Garden Bateman","2 Amur Pl","","","BATEMAN","WA","6150","-32.0464233344297","115.84879950969534",5117602,143111,"",22/04/2025,22/04/2025,"12:30","15:00"
"6","WA","Tangney                         ",16,"Special Hospital Team 1                                         ","Regents Garden Bateman","2 Amur Pl","","","BATEMAN","WA","6150","-32.0464233344297","115.84879950969534",5117602,143111,"",22/04/2025,22/04/2025,"9:30","12:00"
"6","WA","Tangney                         ",16,"Special Hospital Team 1                                         ","Regents Garden Booragoon ","495 Marmion St","","","BOORAGOON","WA","6154","-32.03997484181647","115.82490482873318",5117815,50477,"",23/04/2025,23/04/2025,"9:30","11:00"
"6","WA","Tangney                         ",16,"Special Hospital Team 2                                         ","Adventist Residential Village","31 Webb St","","","ROSSMOYNE","WA","6148","-32.04461865898818","115.86611136826326",5112917,121860,"",29/04/2025,29/04/2025,"9:30","12:00"
"6","WA","Tangney                         ",16,"Special Hospital Team 2                                         ","Aegis Amherst","75 Amherst Rd","","","CANNING VALE","WA","6155","-32.077779794006034","115.92916073298768",5113336,143112,"",01/05/2025,01/05/2025,"12:30","15:00"
"6","WA","Tangney                         ",16,"Special Hospital Team 2                                         ","Aegis Amherst","75 Amherst Rd","","","CANNING VALE","WA","6155","-32.077779794006034","115.92916073298768",5113336,143112,"",01/05/2025,01/05/2025,"9:30","12:00"
"6","WA","Tangney                         ",16,"Special Hospital Team 2                                         ","Aegis Melville","1 French Rd","","","MELVILLE","WA","6156","-32.0374820772109","115.7949251845558",5118127,121861,"",28/04/2025,28/04/2025,"9:30","12:30"
"6","WA","Tangney                         ",16,"Special Hospital Team 2                                         ","Braemar Cooinda","31 Moorhouse St","","","WILLAGEE","WA","6156","-32.04644470107644","115.81545744278411",5118302,143427,"",29/04/2025,29/04/2025,"14:00","16:00"
"6","WA","Tangney                         ",16,"Special Hospital Team 2                                         ","Carinya of Bicton","220 Preston Point Rd","","","BICTON","WA","6157","-32.030129671520264","115.78408452447957",5117703,121855,"",30/04/2025,30/04/2025,"9:30","13:30"
"6","WA","Tangney                         ",16,"Special Hospital Team 2                                         ","Carinya on Bristol","41 Bristol Ave","","","BICTON","WA","6157","-32.0289228818259","115.78249577161897",5117715,121872,"",23/04/2025,23/04/2025,"14:00","16:30"
"6","WA","Tangney                         ",16,"Special Hospital Team 2                                         ","Gordon Lodge","2 Bull Creek Dr","","","BULL CREEK","WA","6149","-32.04795714512509","115.8560056388887",5117907,121867,"",22/04/2025,22/04/2025,"9:30","12:30"
"6","WA","Tangney                         ",16,"Special Hospital Team 2                                         ","Joseph Cooke House","2 Houtmans St","","","SHELLEY","WA","6148","-32.03899423236461","115.87476460729005",5112908,126263,"",28/04/2025,28/04/2025,"14:00","15:30"
"6","WA","Tangney                         ",16,"Special Hospital Team 2                                         ","Margaret Hubery Village","36 Fifth Ave","","","ROSSMOYNE","WA","6148","-32.03595205495932","115.8740273927837",5112908,121857,"",24/04/2025,24/04/2025,"9:30","13:30"
"6","WA","Tangney                         ",16,"Special Hospital Team 2                                         ","Melville Parkside Care Community","15 Cottrill St","","","MYAREE","WA","6154","-32.03840439483353","115.81056036366984",5118119,121851,"",23/04/2025,23/04/2025,"9:30","12:00"
"6","WA","Tangney                         ",16,"Special Hospital Team 2                                         ","RAAFA Alice Ross-King Care Centre"," 2 Bull Creek Dr ","","","BULL CREEK","WA","6149","-32.04790643590278","115.8568639729105",5117907,121854,"",22/04/2025,22/04/2025,"14:00","16:30"
"7","TAS","Bass                            ",1,"Other Mobile Team 1                                             ","Launceston Reception Prison","Launceston Police Station","125-127 Cimitiere St","","LAUNCESTON","TAS","7250","-41.4356","147.136",6103811,50307,"",29/04/2025,29/04/2025,"13:30","16:00"
"7","TAS","Bass                            ",1,"Other Mobile Team 2                                             ","Safe Space Launceston ","Launceston City Mission","46 Frederick St","","LAUNCESTON","TAS","7250","-41.44154","147.1388",6103809,123747,"",24/04/2025,24/04/2025,"9:00","11:00"
"7","TAS","Bass                            ",1,"Other Mobile Team 2                                             ","Safe Space Launceston ","Launceston City Mission","46 Frederick St","","LAUNCESTON","TAS","7250","-41.44154","147.1388",6103809,123747,"",30/04/2025,30/04/2025,"14:30","16:30"
"7","TAS","Bass                            ",1,"Special Hospital Team 1                                         ","Ainslie Village Low Head - Southern Cross Care","200 Low Head Rd","","","LOW HEAD","TAS","7253","-41.0781665","146.8073179",6105901,34153,"",29/04/2025,29/04/2025,"10:30","14:30"
"7","TAS","Bass                            ",1,"Special Hospital Team 1                                         ","Cadorna House","91A Cormiston Rd","","","RIVERSIDE","TAS","7250","-41.4021607","147.0860739",6104606,35249,"",28/04/2025,28/04/2025,"13:30","14:30"
"7","TAS","Bass                            ",1,"Special Hospital Team 1                                         ","Calvary Riverside Views Aged Care Home","58A Cormiston Rd","","","RIVERSIDE","TAS","7250","-41.4037146","147.0831794",6104606,106783,"",28/04/2025,28/04/2025,"9:30","11:30"
"7","TAS","Bass                            ",1,"Special Hospital Team 1                                         ","May Shaw Health Centre Scottsdale","19 Cameron St"," ","","SCOTTSDALE","TAS","7260","-41.1550268","147.5219159",6110002,91642,"",23/04/2025,23/04/2025,"10:30","13:30"
"7","TAS","Bass                            ",1,"Special Hospital Team 1                                         ","Mount Esk Southern Cross Care (Tas)","38 Station Rd","","","ST LEONARDS","TAS","7250","-41.4599462520271","147.196194088199",6105004,31570,"",24/04/2025,24/04/2025,"10:00","11:30"
"7","TAS","Bass                            ",1,"Special Hospital Team 1                                         ","Uniting AgeWell Aldersgate Village (Newnham Community)","3 Tallentire Rd ","","","NEWNHAM ","TAS","7248","-41.37865","147.12388",6104122,91643,"",30/04/2025,30/04/2025,"10:00","13:30"
"7","TAS","Bass                            ",1,"Special Hospital Team 2                                         ","Beaconsfield District Health Service - RACF","13 Bolton St","","","BEACONSFIELD","TAS","7270","-41.193865","146.806007",6105307,36025,"",01/05/2025,01/05/2025,"10:00","12:00"
"7","TAS","Bass                            ",1,"Special Hospital Team 2                                         ","Dudley House","12 Hoblers Bridge Rd","","","NEWSTEAD","TAS","7250","-41.441848","147.162668",6104208,126112,"",24/04/2025,24/04/2025,"14:00","15:00"
"7","TAS","Bass                            ",1,"Special Hospital Team 2                                         ","OneCare The Manor","2 Guy St","","","KINGS MEADOWS","TAS","7249","-41.4656384687695","147.153733855744",6103702,13276,"",23/04/2025,23/04/2025,"9:30","15:30"
"7","TAS","Bass                            ",1,"Special Hospital Team 2                                         ","Regis Aged Care - Legana","1-9 Freshwater Point Rd","","","LEGANA","TAS","7277","-41.363554","147.039689",6103911,34496,"",29/04/2025,29/04/2025,"9:00","14:30"
"7","TAS","Bass                            ",1,"Special Hospital Team 2                                         ","Regis Aged Care - Legana","1-9 Freshwater Point Rd","","","LEGANA","TAS","7277","-41.363554","147.039689",6103911,34496,"",30/04/2025,30/04/2025,"10:00","13:30"
"7","TAS","Bass                            ",1,"Special Hospital Team 2                                         ","Respect (Masonic Care Tasmania) Fred French Home","9 Amy Rd","","","NEWSTEAD","TAS","7250","-41.4490431195413","147.164917455822",6104204,13275,"",24/04/2025,24/04/2025,"9:30","12:00"
"7","TAS","Bass                            ",1,"Special Hospital Team 2                                         ","Respect (Masonic Care Tasmania) Fred French Home","9 Amy Rd","","","NEWSTEAD","TAS","7250","-41.4490431195413","147.164917455822",6104204,13275,"",28/04/2025,28/04/2025,"9:30","12:00"
"7","TAS","Bass                            ",1,"Special Hospital Team 3                                         ","Calvary Sandhill","25 Waveney St ","","","SOUTH LAUNCESTON  ","TAS","7249","-41.46074","147.14817",6104712,62901,"",30/04/2025,30/04/2025,"10:00","15:00"
"7","TAS","Bass                            ",1,"Special Hospital Team 3                                         ","Glenara Lakes Village - Southern Cross Care (Tas)","390 Hobart Rd","","","YOUNGTOWN","TAS","7249","-41.4864872495533","147.162333691204",6105204,41117,"",24/04/2025,24/04/2025,"10:30","15:30"
"7","TAS","Bass                            ",1,"Special Hospital Team 3                                         ","Regis Aged Care - Norwood","8 Blenheim St","","","NORWOOD","TAS","7250","-41.4557299","147.1757671",6104304,33304,"",23/04/2025,23/04/2025,"10:00","14:00"
"7","TAS","Bass                            ",1,"Special Hospital Team 3                                         ","Respect (Masonic Care Tasmania) Peace Haven Home","185 Penquite Rd","","","NORWOOD","TAS","7250","-41.4544571906173","147.178411632437",6104302,121567,"",28/04/2025,28/04/2025,"10:00","14:00"
"7","TAS","Bass                            ",1,"Special Hospital Team 3                                         ","Respect (Masonic Care Tasmania) Peace Haven Home","185 Penquite Rd","","","NORWOOD","TAS","7250","-41.4544571906173","147.178411632437",6104302,121567,"",29/04/2025,29/04/2025,"10:30","13:30"
"7","TAS","Bass                            ",1,"Special Hospital Team 3                                         ","Uniting AgeWell Aldersgate Village (Kings Meadows)","12-22 Hobart Rd","","","KINGS MEADOWS ","TAS","7249","-41.4598299087745","147.154223306443",6104702,13267,"",01/05/2025,01/05/2025,"10:00","14:30"
"7","TAS","Bass                            ",1,"Special Hospital Team 4                                         ","Launceston General Hospital","274-300 Charles St","","","LAUNCESTON","TAS","7250","-41.4464","147.143",6103805,127185,"",23/04/2025,23/04/2025,"8:30","16:30"
"7","TAS","Bass                            ",1,"Special Hospital Team 4                                         ","Launceston General Hospital","274-300 Charles St","","","LAUNCESTON","TAS","7250","-41.4464","147.143",6103805,127185,"",24/04/2025,24/04/2025,"8:30","16:30"
"7","TAS","Bass                            ",1,"Special Hospital Team 4                                         ","Launceston General Hospital","274-300 Charles St","","","LAUNCESTON","TAS","7250","-41.4464","147.143",6103805,127185,"",28/04/2025,28/04/2025,"8:30","16:30"
"7","TAS","Bass                            ",1,"Special Hospital Team 4                                         ","Launceston General Hospital","274-300 Charles St","","","LAUNCESTON","TAS","7250","-41.4464","147.143",6103805,127185,"",29/04/2025,29/04/2025,"8:30","16:30"
"7","TAS","Bass                            ",1,"Special Hospital Team 4                                         ","Launceston General Hospital - Northside Mental Health Unit","274-280 Charles St","","","LAUNCESTON","TAS","7250","-41.4464","147.143",6103805,126926,"",30/04/2025,30/04/2025,"8:30","11:00"
"7","TAS","Braddon                         ",2,"Special Hospital Team 1                                         ","Baptcare Karingal Community","32 Lovett St","","","DEVONPORT","TAS","7310","-41.182267","146.336382",6108528,13294,"",23/04/2025,23/04/2025,"10:00","14:30"
"7","TAS","Braddon                         ",2,"Special Hospital Team 1                                         ","Meercroft Care Inc.","Clements St","","","DEVONPORT","TAS","7310","-41.166281","146.3580971",6108516,13295,"",22/04/2025,22/04/2025,"9:30","14:30"
"7","TAS","Braddon                         ",2,"Special Hospital Team 1                                         ","Melaleuca Home for the Aged","73 Mary St","","","EAST DEVONPORT","TAS","7310","-41.183504","146.377318",6108615,13296,"",29/04/2025,29/04/2025,"9:00","12:00"
"7","TAS","Braddon                         ",2,"Special Hospital Team 1                                         ","OneCare Ltd Rubicon Grove","89 Club Dr","","","SHEARWATER","TAS","7307","-41.1607204694403","146.528509438746",6108915,104678,"",01/05/2025,01/05/2025,"9:00","12:30"
"7","TAS","Braddon                         ",2,"Special Hospital Team 1                                         ","Respect - Mt St Vincent ","75 South Rd","","","WEST ULVERSTONE","TAS","7315","-41.1529417215963","146.153325502871",6108309,13292,"",28/04/2025,28/04/2025,"9:30","15:30"
"7","TAS","Braddon                         ",2,"Special Hospital Team 1                                         ","Uniting AgeWell Latrobe Community - Strathdevon","37 Moriarty Rd","","","LATROBE","TAS","7307","-41.2317911","146.4222893",6108701,32163,"",24/04/2025,24/04/2025,"10:00","15:00"
"7","TAS","Braddon                         ",2,"Special Hospital Team 2                                         ","Emmerton Park Inc.","2-12 Senior Dr","","","SMITHTON","TAS","7330","-40.8471539067716","145.127474590428",6109508,13282,"",30/04/2025,30/04/2025,"9:00","16:00"
"7","TAS","Braddon                         ",2,"Special Hospital Team 2                                         ","North West Private Hospital - Rivendell Clinic","21 Brickport Rd","","","COOEE","TAS","7320","-41.04590596","145.8800289",6107814,129688,"",29/04/2025,29/04/2025,"9:30","11:00"
"7","TAS","Braddon                         ",2,"Special Hospital Team 2                                         ","North West Regional Hospital - Mental Health Unit","23 Brickport Rd","","","COOEE","TAS","7320","-41.04736836","145.88156059",6107814,129689,"",29/04/2025,29/04/2025,"13:00","15:00"
"7","TAS","Braddon                         ",2,"Special Hospital Team 2                                         ","OneCare Ltd Umina Park","22-24 Mooreville Rd","","","SHOREWELL PARK","TAS","7320","-41.06152644","145.87742616",6107803,13287,"",23/04/2025,23/04/2025,"9:00","15:30"
"7","TAS","Braddon                         ",2,"Special Hospital Team 2                                         ","OneCare Ltd Umina Park","22-24 Mooreville Rd","","","SHOREWELL PARK","TAS","7320","-41.06152644","145.87742616",6107803,13287,"",24/04/2025,24/04/2025,"9:00","15:30"
"7","TAS","Braddon                         ",2,"Special Hospital Team 2                                         ","Respect - Eliza Purton ","26-28 Lakin St","","","WEST ULVERSTONE","TAS","7315","-41.1487927","146.1463046",6108312,13290,"",28/04/2025,28/04/2025,"10:00","15:00"
"7","TAS","Braddon                         ",2,"Special Hospital Team 2                                         ","Synovum Care Group - Wynyard Care Centre","Cnr Moore St & Quiggin St","","","WYNYARD","TAS","7325","-40.9910545","145.7357776",6108420,13286,"",22/04/2025,22/04/2025,"9:30","11:00"
"7","TAS","Braddon                         ",2,"Special Hospital Team 2                                         ","Yaraandoo Aged Care Home - Southern Cross Care (Tas) Inc","1A Cardigan St","","","SOMERSET","TAS","7322","-41.044418","145.828999",6108107,13288,"",22/04/2025,22/04/2025,"13:00","15:00"
"7","TAS","Braddon                         ",2,"Special Hospital Team 3                                         ","West Coast District Hospital Lyell House","60-64 Orr St","","","QUEENSTOWN","TAS","7467","-42.08122128","145.55830658",6109717,122327,"",24/04/2025,24/04/2025,"10:00","11:00"
"7","TAS","Clark                           ",3,"Other Mobile Team 1                                             ","Hobart Reception Prison","27-29 Liverpool St","","","HOBART","TAS","7000","-42.87907","147.32878",6102719,123745,"",23/04/2025,23/04/2025,"9:30","12:00"
"7","TAS","Clark                           ",3,"Other Mobile Team 2                                             ","Bethlehem House","225 Harrington St","","","HOBART","TAS","7000","-42.8797","147.31849",6102717,126890,"",23/04/2025,23/04/2025,"10:00","16:00"
"7","TAS","Clark                           ",3,"Other Mobile Team 2                                             ","Safe Space Hobart (Hobart City Mission)","50 Barrack St","","","HOBART ","TAS","7000","-42.885101","147.321803",6102720,123749,"",22/04/2025,22/04/2025,"10:30","13:30"
"7","TAS","Clark                           ",3,"Other Mobile Team 2                                             ","Safe Space Hobart (Hobart City Mission)","50 Barrack St","","","HOBART ","TAS","7000","-42.885101","147.321803",6102720,123749,"",28/04/2025,28/04/2025,"10:30","13:30"
"7","TAS","Clark                           ",3,"Special Hospital Team 1                                         ","Barrington Lodge","120 Swanston St","","","NEW TOWN","TAS","7008","-42.853719","147.303633",6103009,41954,"",22/04/2025,22/04/2025,"9:00","11:30"
"7","TAS","Clark                           ",3,"Special Hospital Team 1                                         ","Guilford Young Grove","13 St Canice Ave","","","SANDY BAY","TAS","7005","-42.911889","147.350874",6103108,13306,"",23/04/2025,23/04/2025,"13:45","16:45"
"7","TAS","Clark                           ",3,"Special Hospital Team 1                                         ","Mary Ogilvy Home","51 Pirie St","","","NEW TOWN","TAS","7008","-42.856919948304","147.305853639767",6103012,33126,"",29/04/2025,29/04/2025,"9:00","13:00"
"7","TAS","Clark                           ",3,"Special Hospital Team 1                                         ","Rivulet","14 Gore St","","","SOUTH HOBART","TAS","7004","-42.89118","147.31732",6103218,72232,"",28/04/2025,28/04/2025,"9:00","12:30"
"7","TAS","Clark                           ",3,"Special Hospital Team 1                                         ","Rosary Gardens","85 Creek Rd","","","NEW TOWN","TAS","7008","-42.856213","147.294851",6103007,33120,"",24/04/2025,24/04/2025,"13:45","17:00"
"7","TAS","Clark                           ",3,"Special Hospital Team 1                                         ","Sandown Apartments","1 Southerwood Dr","","","SANDY BAY","TAS","7005","-42.91448","147.3542831",6103105,34906,"",22/04/2025,22/04/2025,"13:30","16:30"
"7","TAS","Clark                           ",3,"Special Hospital Team 1                                         ","St Ann's","142-146 Davey St","","","HOBART","TAS","7000","-42.890849","147.322571",6102716,13310,"",24/04/2025,24/04/2025,"9:00","12:00"
"7","TAS","Clark                           ",3,"Special Hospital Team 1                                         ","Uniting AgeWell Queenborough Rise","3 Peel St","","","SANDY BAY","TAS","7005","-42.90667","147.33027",6102907,52121,"",23/04/2025,23/04/2025,"9:00","12:00"
"7","TAS","Clark                           ",3,"Special Hospital Team 1                                         ","Uniting AgeWell Rosetta Community, Strathaven","9 Strathaven Dr","","","ROSETTA","TAS","7010","-42.81657","147.25957",6101801,13304,"",30/04/2025,30/04/2025,"9:00","13:00"
"7","TAS","Clark                           ",3,"Special Hospital Team 2                                         ","Glenview Community Services","2-10 Windsor St","","","GLENORCHY","TAS","7010","-42.83502","147.281635",6101709,13307,"",23/04/2025,23/04/2025,"9:00","14:30"
"7","TAS","Clark                           ",3,"Special Hospital Team 2                                         ","Mistral Place","Level 1, 4 Liverpool St","","","HOBART","TAS","7000","-42.87854","147.33073",6102719,123755,"",30/04/2025,30/04/2025,"10:30","12:00"
"7","TAS","Clark                           ",3,"Special Hospital Team 2                                         ","OneCare Barossa Park Lodge","17A Clydesdale Ave","","","GLENORCHY","TAS","7010","-42.83906","147.27296",6101732,121651,"",24/04/2025,24/04/2025,"8:30","17:00"
"7","TAS","Clark                           ",3,"Special Hospital Team 2                                         ","Roy Fagan Centre","54 Kalang Ave","","","LENAH VALLEY","TAS","7008","-42.86176","147.27587",6102818,123756,"",30/04/2025,30/04/2025,"13:45","16:15"
"7","TAS","Clark                           ",3,"Special Hospital Team 2                                         ","Royal Hobart Hospital - Mental Health Unit","48 Liverpool St","","","HOBART","TAS","7000","-42.87964","147.32968",6102719,126923,"",29/04/2025,29/04/2025,"10:00","16:00"
"7","TAS","Clark                           ",3,"Special Hospital Team 2                                         ","The Gardens","2-4 Mitcham Rd","","","CLAREMONT","TAS","7011","-42.788867","147.261353",6101505,52122,"",28/04/2025,28/04/2025,"9:00","11:00"
"7","TAS","Clark                           ",3,"Special Hospital Team 2                                         ","Uniting AgeWell Rosetta Community, Strathglen","2B Chardonnay Dr","","","BERRIEDALE","TAS","7011","-42.8125703639154","147.252635197107",6101417,33114,"",28/04/2025,28/04/2025,"12:45","14:45"
"7","TAS","Clark                           ",3,"Special Hospital Team 3                                         ","Calvary Health Care Lenah Valley Campus","49 Augusta Rd","","","LENAH VALLEY","TAS","7008","-42.865991","147.30369",6102821,128194,"",28/04/2025,28/04/2025,"9:30","16:30"
"7","TAS","Clark                           ",3,"Special Hospital Team 3                                         ","Calvary Health Care Lenah Valley Campus","49 Augusta Rd","","","LENAH VALLEY","TAS","7008","-42.865991","147.30369",6102821,128194,"",29/04/2025,29/04/2025,"9:30","16:30"
"7","TAS","Clark                           ",3,"Special Hospital Team 3                                         ","Calvary Health Care Lenah Valley Campus","49 Augusta Rd","","","LENAH VALLEY","TAS","7008","-42.865991","147.30369",6102821,128194,"",30/04/2025,30/04/2025,"9:30","16:30"
"7","TAS","Clark                           ",3,"Special Hospital Team 4                                         ","Royal Hobart Hospital","48 Liverpool St","","","HOBART","TAS","7000","-42.880057","147.329922",6102719,129635,"",29/04/2025,29/04/2025,"9:00","16:00"
"7","TAS","Clark                           ",3,"Special Hospital Team 4                                         ","Royal Hobart Hospital","48 Liverpool St","","","HOBART","TAS","7000","-42.880057","147.329922",6102719,129635,"",30/04/2025,30/04/2025,"9:00","16:00"
"7","TAS","Clark                           ",3,"Special Hospital Team 4                                         ","Royal Hobart Hospital","48 Liverpool St","","","HOBART","TAS","7000","-42.880057","147.329922",6102719,129635,"",01/05/2025,01/05/2025,"9:00","16:00"
"7","TAS","Clark                           ",3,"Special Hospital Team 4                                         ","Royal Hobart Hospital","48 Liverpool St","","","HOBART","TAS","7000","-42.880057","147.329922",6102719,129635,"",02/05/2025,02/05/2025,"8:00","17:00"
"7","TAS","Franklin                        ",4,"Other Mobile Team 1                                             ","Risdon Prison ","672D East Derwent Hwy","","","RISDON VALE","TAS","7016","-42.81202","147.34171",6101009,123744,"Cell to cell maximum unit",24/04/2025,24/04/2025,"8:30","15:30"
"7","TAS","Franklin                        ",4,"Other Mobile Team 1                                             ","Risdon Prison ","672D East Derwent Hwy","","","RISDON VALE","TAS","7016","-42.81202","147.34171",6101009,123744,"Cell to cell medium unit",29/04/2025,29/04/2025,"9:00","15:00"
"7","TAS","Franklin                        ",4,"Other Mobile Team 1                                             ","Risdon Prison ","672D East Derwent Hwy","","","RISDON VALE","TAS","7016","-42.81202","147.34171",6101009,123744,"Ron Barwick",23/04/2025,23/04/2025,"12:30","15:00"
"7","TAS","Franklin                        ",4,"Other Mobile Team 1                                             ","Risdon Prison ","672D East Derwent Hwy","","","RISDON VALE","TAS","7016","-42.81202","147.34171",6101009,123744,"Southern Remand Centre",28/04/2025,28/04/2025,"9:00","15:00"
"7","TAS","Franklin                        ",4,"Other Mobile Team 2                                             ","Risdon Prison ","672D East Derwent Hwy","","","RISDON VALE","TAS","7016","-42.81202","147.34171",6101009,123744,"Mary Hutchinson",28/04/2025,28/04/2025,"13:30","16:00"
"7","TAS","Franklin                        ",4,"Special Hospital Team 1                                         ","Bishop Davies Court","27 Redwood Rd","","","KINGSTON","TAS","7050","-42.98478","147.29997",6102235,125204,"",22/04/2025,22/04/2025,"13:00","15:00"
"7","TAS","Franklin                        ",4,"Special Hospital Team 1                                         ","Derwent Views  ","7 Ballawinnie Rd","","","LINDISFARNE","TAS","7015","-42.851795","147.358936",6100809,121652,"",28/04/2025,28/04/2025,"9:00","16:45"
"7","TAS","Franklin                        ",4,"Special Hospital Team 1                                         ","Fairway Rise","2 Toogood Dr","","","LINDISFARNE","TAS","7015","-42.85589","147.37397",6100813,121654,"",23/04/2025,23/04/2025,"8:30","17:00"
"7","TAS","Franklin                        ",4,"Special Hospital Team 1                                         ","Hawthorn Village","23A Wells Pde","","","BLACKMANS BAY","TAS","7052","-42.99924","147.32497",6102315,34204,"",22/04/2025,22/04/2025,"9:30","11:15"
"7","TAS","Franklin                        ",4,"Special Hospital Team 1                                         ","Huon Regional Care - Dover","15 Chapman Ave","","","DOVER","TAS","7117","-43.31454","147.01639",6107103,125787,"",24/04/2025,24/04/2025,"13:45","16:00"
"7","TAS","Franklin                        ",4,"Special Hospital Team 1                                         ","Huon Regional Care - Franklin","3278 Huon Hwy","","","FRANKLIN","TAS","7113","-43.08183","147.01595",6107208,13326,"",24/04/2025,24/04/2025,"9:00","11:30"
"7","TAS","Franklin                        ",4,"Special Hospital Team 1                                         ","Regis Tasmania - Eastern Shore","1 Acorn Dr","","","WARRANE","TAS","7018","-42.85269","147.3816",6100909,72354,"",29/04/2025,29/04/2025,"9:00","10:45"
"7","TAS","Franklin                        ",4,"Special Hospital Team 1                                         ","Wintringham Hobart","66 Alexandra Esp","","","BELLERIVE","TAS","7018","-42.87914","147.38588",6100413,121913,"",29/04/2025,29/04/2025,"12:30","14:30"
"7","TAS","Franklin                        ",4,"Special Hospital Team 2                                         ","Queen Victoria Care","13 Milford St","","","LINDISFARNE","TAS","7015","-42.84728","147.35753",6100811,121655,"",24/04/2025,24/04/2025,"8:30","17:00"
"7","TAS","Franklin                        ",4,"Special Hospital Team 2                                         ","Snug Village","10A Torpy Ave","","","SNUG","TAS","7054","-43.06665","147.25864",6102423,13321,"",28/04/2025,28/04/2025,"9:30","11:45"
"7","TAS","Franklin                        ",4,"Special Hospital Team 2                                         ","The Hobart Clinic","31 Chipmans Rd","","","ROKEBY","TAS","7019","-42.90466","147.43557",6101116,32192,"",23/04/2025,23/04/2025,"15:15","17:00"
"7","TAS","Franklin                        ",4,"Special Hospital Team 2                                         ","Uniting AgeWell Lillian Martin","283 Cambridge Rd","","","MORNINGTON","TAS","7018","-42.85879","147.39023",6100906,121653,"",23/04/2025,23/04/2025,"9:00","12:00"
"7","TAS","Franklin                        ",4,"Special Hospital Team 2                                         ","Wilfred Lopes","672D East Derwent Hwy","","","RISDON VALE","TAS","7016","-42.81200776","147.34171226",6101009,129636,"",30/04/2025,30/04/2025,"9:00","10:30"
"7","TAS","Lyons                           ",5,"Special Hospital Team 1                                         ","Eskleigh Foundation","16087 Midland Hwy","","","PERTH","TAS","7300","-41.592338","147.185453",6106212,36021,"",28/04/2025,28/04/2025,"9:30","12:00"
"7","TAS","Lyons                           ",5,"Special Hospital Team 1                                         ","Grenoch Home","11 East Barrack St","","","DELORAINE","TAS","7304","-41.527226","146.658645",6105404,36023,"",23/04/2025,23/04/2025,"9:30","12:00"
"7","TAS","Lyons                           ",5,"Special Hospital Team 1                                         ","Kanangra Hostel","10 Kanangra Dr","","","DELORAINE","TAS","7304","-41.5252641204958","146.648197717089",6105406,126479,"",23/04/2025,23/04/2025,"14:00","16:00"
"7","TAS","Lyons                           ",5,"Special Hospital Team 1                                         ","Respect - Tyler Village","320 Westbury Rd","","","PROSPECT VALE","TAS","7250","-41.4772293866326","147.125254749746",6104407,13265,"",28/04/2025,28/04/2025,"14:00","16:30"
"7","TAS","Lyons                           ",5,"Special Hospital Team 1                                         ","Tandara Lodge Community Care Inc.","10 Nightingale Ave","","","SHEFFIELD","TAS","7306","-41.385639","146.323868",6109105,52250,"",24/04/2025,24/04/2025,"10:00","14:30"
"7","TAS","Lyons                           ",5,"Special Hospital Team 1                                         ","Toosey Aged and Community Care - RACF","10 Archer St","","","LONGFORD","TAS","7301","-41.5930254868459","147.11954621502",6106009,36020,"",29/04/2025,29/04/2025,"9:30","14:00"
"7","TAS","Lyons                           ",5,"Special Hospital Team 2                                         ","Campbell Town Health and Community Service  - RACF","70 High St","","","CAMPBELL TOWN","TAS","7210","-41.926395","147.49341",6106102,36019,"",28/04/2025,28/04/2025,"9:30","12:00"
"7","TAS","Lyons                           ",5,"Special Hospital Team 2                                         ","May Shaw Health Centre Swansea - RACF","37 Wellington St","","","SWANSEA","TAS","7190","-42.127503","148.077113",6107414,36606,"",29/04/2025,29/04/2025,"10:00","11:30"
"7","TAS","Lyons                           ",5,"Special Hospital Team 2                                         ","Medea Park Residential Care - Nursing Home","17 Circassian St","","","ST HELENS","TAS","7216","-41.323673","148.244822",6106421,36017,"",29/04/2025,29/04/2025,"14:30","17:00"
"7","TAS","Lyons                           ",5,"Special Hospital Team 2                                         ","Midlands Multi Purpose Health Centre - RACF","13 Church St","","","OATLANDS","TAS","7120","-42.298836220203","147.369199976724",6106710,36012,"",28/04/2025,28/04/2025,"14:00","15:00"
"7","TAS","Lyons                           ",5,"Special Hospital Team 3                                         ","Corumbene","13-21 Lower Rd","","","NEW NORFOLK","TAS","7140","-42.781182","147.070133",6102001,36016,"",23/04/2025,23/04/2025,"10:00","14:00"
"7","TAS","Lyons                           ",5,"Special Hospital Team 3                                         ","Huon Regional Care - Tasman","1614 Nubeena Rd","","","NUBEENA","TAS","7184","-43.0966","147.743",6107307,122116,"",29/04/2025,29/04/2025,"14:00","15:30"
"7","TAS","Lyons                           ",5,"Special Hospital Team 3                                         ","Millbrook Rise Centre","3 Hobart Rd","","","NEW NORFOLK","TAS","7140","-42.7810506105148","147.081914856742",6102010,36015,"",24/04/2025,24/04/2025,"10:00","11:30"
"7","TAS","Lyons                           ",5,"Special Hospital Team 3                                         ","Respect - Wellington Views","24 Stanfield Dr","","","OLD BEACH","TAS","7017","-42.76097338611383","147.26666131051243",6100306,126113,"",24/04/2025,24/04/2025,"13:30","15:00"
"7","TAS","Lyons                           ",5,"Special Hospital Team 3                                         ","Uniting AgeWell Sorell Community Ningana","1 The Circle","","","SORELL","TAS","7172","-42.7856075377139","147.557853358289",6103517,36013,"",29/04/2025,29/04/2025,"9:00","11:30"
"8","NT","Lingiari                        ",1,"Other Mobile Team 1                                             ","Darwin Correctional Centre","325 Willard Rd","","","HOLTZE","NT","0829","-12.4436966308538","131.027289981469",7103116,106315,"",28/04/2025,28/04/2025,"12:30","15:30"
"8","NT","Lingiari                        ",1,"Other Mobile Team 1                                             ","Darwin Correctional Centre","325 Willard Rd","","","HOLTZE","NT","0829","-12.4436966308538","131.027289981469",7103116,106315,"",28/04/2025,28/04/2025,"8:30","11:00"
"8","NT","Lingiari                        ",1,"Other Mobile Team 1                                             ","Darwin Correctional Centre","325 Willard Rd","","","HOLTZE","NT","0829","-12.4436966308538","131.027289981469",7103116,106315,"",29/04/2025,29/04/2025,"12:30","15:30"
"8","NT","Lingiari                        ",1,"Other Mobile Team 1                                             ","Darwin Correctional Centre","325 Willard Rd","","","HOLTZE","NT","0829","-12.4436966308538","131.027289981469",7103116,106315,"",29/04/2025,29/04/2025,"8:30","11:00"
"8","NT","Lingiari                        ",1,"Other Mobile Team 1                                             ","Darwin Correctional Centre","325 Willard Rd","","","HOLTZE","NT","0829","-12.4436966308538","131.027289981469",7103116,106315,"",30/04/2025,30/04/2025,"12:30","15:30"
"8","NT","Lingiari                        ",1,"Other Mobile Team 1                                             ","Darwin Correctional Centre","325 Willard Rd","","","HOLTZE","NT","0829","-12.4436966308538","131.027289981469",7103116,106315,"",30/04/2025,30/04/2025,"8:30","11:00"
"8","NT","Lingiari                        ",1,"Other Mobile Team 1                                             ","Knuckey Lagoon Indigenous Village","30 Lagoon Rd","","","KNUCKEY LAGOON","NT","0828","-12.4365416667","130.937486111",7101203,142089,"",01/05/2025,01/05/2025,"8:30","11:00"
"8","NT","Lingiari                        ",1,"Other Mobile Team 2                                             ","Alice Springs Correctional Centre (ASSC)","Stuart Hwy","","","ALICE SPRINGS","NT","0870","-23.8619","133.803",7105202,31284,"",22/04/2025,22/04/2025,"13:30","17:00"
"8","NT","Lingiari                        ",1,"Other Mobile Team 2                                             ","Alice Springs Correctional Centre (ASSC)","Stuart Hwy","","","ALICE SPRINGS","NT","0870","-23.8619","133.803",7105202,31284,"",22/04/2025,22/04/2025,"9:00","12:00"
"8","NT","Lingiari                        ",1,"Other Mobile Team 2                                             ","Alice Springs Correctional Centre (ASSC)","Stuart Hwy","","","ALICE SPRINGS","NT","0870","-23.8619","133.803",7105202,31284,"",23/04/2025,23/04/2025,"13:30","16:30"
"8","NT","Lingiari                        ",1,"Other Mobile Team 2                                             ","Alice Springs Correctional Centre (ASSC)","Stuart Hwy","","","ALICE SPRINGS","NT","0870","-23.8619","133.803",7105202,31284,"",23/04/2025,23/04/2025,"9:00","12:00"
"8","NT","Lingiari                        ",1,"Other Mobile Team 2                                             ","Alice Springs Correctional Centre (ASSC)","Stuart Hwy","","","ALICE SPRINGS","NT","0870","-23.8619","133.803",7105202,31284,"",24/04/2025,24/04/2025,"9:00","11:30"
"8","NT","Lingiari                        ",1,"Other Mobile Team 2                                             ","Alice Springs Correctional Centre (ASSC)","Stuart Hwy","","","ALICE SPRINGS","NT","0870","-23.8619","133.803",7105202,31284,"",02/05/2025,02/05/2025,"13:00","15:00"
"8","NT","Lingiari                        ",1,"Other Mobile Team 2                                             ","Alice Springs Correctional Centre (ASSC)","Stuart Hwy","","","ALICE SPRINGS","NT","0870","-23.8619","133.803",7105202,31284,"",02/05/2025,02/05/2025,"9:00","11:30"
"8","NT","Lingiari                        ",1,"Other Mobile Team 2                                             ","Anthelk-Ewlpaye (Charles Creek)","Ulpaya Rd","","","ANTHELK-EWLPAYE","NT","0870","-23.689793","133.879318",7104514,123858,"",24/04/2025,24/04/2025,"13:30","16:30"
"8","NT","Lingiari                        ",1,"Other Mobile Team 2                                             ","Anthepe","","","","ALICE SPRINGS","NT","0870","-23.758","133.866",7105107,125502,"",29/04/2025,29/04/2025,"9:00","12:00"
"8","NT","Lingiari                        ",1,"Other Mobile Team 2                                             ","Ilparpa","","","","ALICE SPRINGS","NT","0870","-23.766","133.871",7105107,125504,"",29/04/2025,29/04/2025,"14:00","17:00"
"8","NT","Lingiari                        ",1,"Other Mobile Team 2                                             ","Ilpeye Ilpeye","","","","ALICE SPRINGS","NT","0870","-23.37","133.907",7105201,125505,"",01/05/2025,01/05/2025,"9:00","12:00"
"8","NT","Lingiari                        ",1,"Other Mobile Team 2                                             ","Ilyiperenye","","","","ALICE SPRINGS","NT","0870","-23.744","133.871",7105107,125503,"",30/04/2025,30/04/2025,"9:00","12:00"
"8","NT","Lingiari                        ",1,"Other Mobile Team 2                                             ","Inarlenge Community Centre (Little Sisters)","Ntjalka Cct","","","ILPARPA","NT","0870","-23.728819","133.858963",7105108,123865,"Alias Little Sisters",28/04/2025,28/04/2025,"9:00","12:00"
"8","NT","Lingiari                        ",1,"Other Mobile Team 2                                             ","Karnte Community Centre","Kurparu Rd","","","KARNTE","NT","0870","-23.762896","133.863724",7105107,123864,"",30/04/2025,30/04/2025,"14:00","17:00"
"8","NT","Lingiari                        ",1,"Other Mobile Team 2                                             ","Mount Nancy","","","","ALICE SPRINGS","NT","0870","-23.668","133.87",7104506,125501,"",28/04/2025,28/04/2025,"14:00","17:00"
"8","NT","Lingiari                        ",1,"Other Mobile Team 2                                             ","Nyewente Community Centre (Trucking Yards)","","","","NYEWENTE","NT","0870","-23.687792","133.862854",7104513,123860,"Alias Trucking Yards",01/05/2025,01/05/2025,"14:00","17:00"
"8","NT","Lingiari                        ",1,"Remote Mobile Team 1                                            ","Milikapiti - Council conference room","Lot 351","","","MILIKAPITI","NT","0822","-11.42399","130.67571",7106005,36617,"",23/04/2025,23/04/2025,"8:30","15:30"
"8","NT","Lingiari                        ",1,"Remote Mobile Team 1                                            ","Pickertaramoor - College","1 Mantiyupi Rd","","","PIRLANGIMPI","NT","0822","-11.76302","130.8904",7106002,90018,"",24/04/2025,24/04/2025,"9:30","12:30"
"8","NT","Lingiari                        ",1,"Remote Mobile Team 1                                            ","Pirlangimpi - Council Chambers","Lot 317","","","PIRLANGIMPI","NT","0822","-11.40356","130.41826",7106004,36618,"",22/04/2025,22/04/2025,"9:00","16:00"
"8","NT","Lingiari                        ",1,"Remote Mobile Team 1                                            ","Wurrumiyanga - NUA Store","Lot 398 ","Wurrumiyanga","","WURRUMIYANGA","NT","0822","-11.7583","130.63476",7106003,141850,"",29/04/2025,29/04/2025,"9:00","15:30"
"8","NT","Lingiari                        ",1,"Remote Mobile Team 1                                            ","Wurrumiyanga - NUA Store","Lot 398 ","Wurrumiyanga","","WURRUMIYANGA","NT","0822","-11.7583","130.63476",7106003,141850,"",30/04/2025,30/04/2025,"9:00","15:30"
"8","NT","Lingiari                        ",1,"Remote Mobile Team 1                                            ","Wurrumiyanga - NUA Store","Lot 398 ","Wurrumiyanga","","WURRUMIYANGA","NT","0822","-11.7583","130.63476",7106003,141850,"",01/05/2025,01/05/2025,"9:00","15:30"
"8","NT","Lingiari                        ",1,"Remote Mobile Team 1                                            ","Wurrumiyanga - NUA Store","Lot 398 ","Wurrumiyanga","","WURRUMIYANGA","NT","0822","-11.7583","130.63476",7106003,141850,"",02/05/2025,02/05/2025,"9:00","15:30"
"8","NT","Lingiari                        ",1,"Remote Mobile Team 1                                            ","Wurrumiyanga - NUA Store","Lot 398 ","Wurrumiyanga","","WURRUMIYANGA","NT","0822","-11.7583","130.63476",7106003,141850,"",03/05/2025,03/05/2025,"8:00","18:00"
"8","NT","Lingiari                        ",1,"Remote Mobile Team 10                                           ","Douglas Daly Research Farm","Jungwa Rd","","","DOUGLAS DALY","NT","0822","-13.83381","131.18598",7105808,36689,"",02/05/2025,02/05/2025,"13:30","16:30"
"8","NT","Lingiari                        ",1,"Remote Mobile Team 10                                           ","Kybrook Farm - PCAAA Council Office","Lot 5","","","PINE CREEK","NT","0847","-13.86363","131.82306",7105803,36690,"",02/05/2025,02/05/2025,"8:00","11:00"
"8","NT","Lingiari                        ",1,"Remote Mobile Team 10                                           ","Lingara - Community","","","","YARRALIN","NT","0852","-16.486944","130.64333",7106812,36736,"",28/04/2025,28/04/2025,"12:30","15:30"
"8","NT","Lingiari                        ",1,"Remote Mobile Team 10                                           ","Marrakai - Corroboree Park Tavern","Lot 3095 Arnhem Hwy","","","MARRAKAI","NT","0822","-12.761698558815766","131.50085032030628",7105714,36718,"",24/04/2025,24/04/2025,"10:00","16:00"
"8","NT","Lingiari                        ",1,"Remote Mobile Team 10                                           ","Minjilang - Council Office","Lot 118","","","MINJILANG","NT","0822","-11.15028","132.57797",7106102,36614,"",23/04/2025,23/04/2025,"9:30","15:30"
"8","NT","Lingiari                        ",1,"Remote Mobile Team 10                                           ","Nitjpurru (Pigeon Hole) - Community","","","","VICTORIA RVR DNS STN","NT","0852","-16.81412","131.22037",7106804,36737,"",30/04/2025,30/04/2025,"11:15","13:45"
"8","NT","Lingiari                        ",1,"Remote Mobile Team 10                                           ","Pine Creek - Community Hall","75 Main Tce","","","PINE CREEK","NT","0847","-13.82385","131.83534",7105803,118565,"",03/05/2025,03/05/2025,"8:00","18:00"
"8","NT","Lingiari                        ",1,"Remote Mobile Team 10                                           ","Yarralin - Community Store","Lot 33","","","YARRALIN","NT","0852","-16.44841","130.88279",7106809,36735,"",29/04/2025,29/04/2025,"9:00","15:00"
"8","NT","Lingiari                        ",1,"Remote Mobile Team 11                                           ","Binjari - Admin Building","","","","BINJARI","NT","0852","-14.55218","132.18212",7106714,36696,"",24/04/2025,24/04/2025,"9:00","15:00"
"8","NT","Lingiari                        ",1,"Remote Mobile Team 11                                           ","Daguragu - Community","Lot 154","","","DAGURAGU","NT","0822","-17.40059","130.80491",7106805,90023,"",30/04/2025,30/04/2025,"9:00","15:00"
"8","NT","Lingiari                        ",1,"Remote Mobile Team 11                                           ","Jodetluk - Community","Gorge Rd","","","KATHERINE","NT","0850","-14.360001","132.43333",7106718,36698,"",22/04/2025,22/04/2025,"12:30","15:30"
"8","NT","Lingiari                        ",1,"Remote Mobile Team 11                                           ","Kalkarindji - Court/Training Room","Lot 97","Buntine Hwy","","KALKARINDJI","NT","0852","-17.44594","130.83741",7106806,36191,"",29/04/2025,29/04/2025,"9:30","17:30"
"8","NT","Lingiari                        ",1,"Remote Mobile Team 11                                           ","Lajamanu - Learning Centre","","","","LAJAMANU","NT","0852","-18.33523","130.63567",7106807,36739,"",28/04/2025,28/04/2025,"9:00","17:00"
"8","NT","Lingiari                        ",1,"Remote Mobile Team 11                                           ","Minyerri - Alawa Corp Meeting Room","Lot 69","","","MINYERRI","NT","0852","-15.22204","134.0809",7106606,36657,"",23/04/2025,23/04/2025,"9:00","15:00"
"8","NT","Lingiari                        ",1,"Remote Mobile Team 12                                           ","Gapuwiyak - Recreation Hall","Lot 185","","","GAPUWIYAK","NT","0822","-12.5032","135.80479",7106303,36665,"",22/04/2025,22/04/2025,"12:30","16:30"
"8","NT","Lingiari                        ",1,"Remote Mobile Team 12                                           ","Gapuwiyak - Recreation Hall","Lot 185","","","GAPUWIYAK","NT","0822","-12.5032","135.80479",7106303,36665,"",23/04/2025,23/04/2025,"8:00","16:00"
"8","NT","Lingiari                        ",1,"Remote Mobile Team 12                                           ","Gapuwiyak - Recreation Hall","Lot 185","","","GAPUWIYAK","NT","0822","-12.5032","135.80479",7106303,36665,"",24/04/2025,24/04/2025,"8:30","12:30"
"8","NT","Lingiari                        ",1,"Remote Mobile Team 12                                           ","Ngangalala - Community","","","","RAMINGINING","NT","0822","-12.2983472222","134.9922361111",7106319,36663,"",01/05/2025,01/05/2025,"9:00","12:00"
"8","NT","Lingiari                        ",1,"Remote Mobile Team 12                                           ","Ramingining - Recreation Hall","Lot 131","","","RAMINGINING","NT","0822","-12.32728","134.92615",7106318,36664,"",29/04/2025,29/04/2025,"8:00","16:00"
"8","NT","Lingiari                        ",1,"Remote Mobile Team 12                                           ","Ramingining - Recreation Hall","Lot 131","","","RAMINGINING","NT","0822","-12.32728","134.92615",7106318,36664,"",30/04/2025,30/04/2025,"8:00","16:00"
"8","NT","Lingiari                        ",1,"Remote Mobile Team 12                                           ","Yathalamarra - Community","","","","RAMINGINING","NT","0822","-12.2744583333","134.9219583333",7106319,36662,"",28/04/2025,28/04/2025,"12:00","15:00"
"8","NT","Lingiari                        ",1,"Remote Mobile Team 12                                           ","Yathalamarra - Community","","","","RAMINGINING","NT","0822","-12.2744583333","134.9219583333",7106319,36662,"",02/05/2025,02/05/2025,"9:00","12:00"
"8","NT","Lingiari                        ",1,"Remote Mobile Team 13                                           ","Ngukurr - Council Meeting Room","Lot 293","","","NGUKURR","NT","0852","-14.73439","134.73213",7106608,36550,"",29/04/2025,29/04/2025,"8:00","16:00"
"8","NT","Lingiari                        ",1,"Remote Mobile Team 13                                           ","Ngukurr - Council Meeting Room","Lot 293","","","NGUKURR","NT","0852","-14.73439","134.73213",7106608,36550,"",30/04/2025,30/04/2025,"8:00","16:00"
"8","NT","Lingiari                        ",1,"Remote Mobile Team 13                                           ","Rittarangu - Urapunga School","Lot 21","","","URAPUNGA","NT","0852","-14.71027","134.56406",7106607,36656,"",28/04/2025,28/04/2025,"13:30","16:30"
"8","NT","Lingiari                        ",1,"Remote Mobile Team 13                                           ","Rockhole - Community","Florina Rd","","","ROCK HOLE","NT","0852","-14.51935","132.18633",7106713,36697,"",01/05/2025,01/05/2025,"14:30","17:30"
"8","NT","Lingiari                        ",1,"Remote Mobile Team 14                                           ","Amanbidji - School","Lot 15","","","AMANBIDJI","NT","0852","-16.42755","129.61801",7106803,36692,"",29/04/2025,29/04/2025,"10:30","13:30"
"8","NT","Lingiari                        ",1,"Remote Mobile Team 14                                           ","Bulla - Store Front","","","","AUVERGNE STN","NT","6743","-15.764539","130.039606",7106810,36693,"",30/04/2025,30/04/2025,"8:30","11:30"
"8","NT","Lingiari                        ",1,"Remote Mobile Team 14                                           ","Gilwi - Community","","","","TIMBER CREEK","NT","0852","-15.78673","130.53281",7106808,41281,"",01/05/2025,01/05/2025,"9:00","12:00"
"8","NT","Lingiari                        ",1,"Remote Mobile Team 14                                           ","Myatt - Community","","","","TIMBER CREEK","NT","0852","-15.70656","130.483347",7106802,41282,"",01/05/2025,01/05/2025,"13:30","16:30"
"8","NT","Lingiari                        ",1,"Remote Mobile Team 14                                           ","Timber Creek - Basketball Court","Victoria Daly Regional Council","LOT 79, Victoria Highway","","TIMBER CREEK","NT","0852","-15.657183489149691","130.480266",7106802,143468,"",30/04/2025,30/04/2025,"13:30","16:30"
"8","NT","Lingiari                        ",1,"Remote Mobile Team 15                                           ","Barkly Work Camp","Ruger Rd","","","TENNANT CREEK","NT","0862","-19.65452","134.21676",7105609,119423,"",26/04/2025,26/04/2025,"8:00","12:00"
"8","NT","Lingiari                        ",1,"Remote Mobile Team 15                                           ","Elliott - Council Conference Room","Lot 134","","","ELLIOTT","NT","0862","-17.55422","133.54515",7105510,36732,"",23/04/2025,23/04/2025,"9:00","15:00"
"8","NT","Lingiari                        ",1,"Remote Mobile Team 15                                           ","Marlinja - Newcastle Waters School","","","","NEWCASTLE WATERS","NT","0862","-17.3733","133.41024",7105501,36742,"",24/04/2025,24/04/2025,"9:00","12:00"
"8","NT","Lingiari                        ",1,"Remote Mobile Team 15                                           ","Mungalawurru - Community","","","","MUNGALAWURRA","NT","0862","-19.38253","133.59552",7105501,36743,"",26/04/2025,26/04/2025,"14:00","17:00"
"8","NT","Lingiari                        ",1,"Remote Mobile Team 15                                           ","Tennant Creek Hospital","Schmidt St","","","TENNANT CREEK","NT","0860","-19.6480442213288","134.186901389544",7105601,126426,"",28/04/2025,28/04/2025,"15:30","17:00"
"8","NT","Lingiari                        ",1,"Remote Mobile Team 15                                           ","Wangkana Kari Hostel","Lot 782 Paterson St","","","TENNANT CREEK","NT","0860","-19.656043899897593","134.188072162912",7105615,142046,"",29/04/2025,29/04/2025,"8:30","11:30"
"8","NT","Lingiari                        ",1,"Remote Mobile Team 15                                           ","Wogyala - Community","Lot 19","","","WOGAYALA","NT","0862","-19.00617","135.17821",7105502,36749,"",28/04/2025,28/04/2025,"9:00","12:00"
"8","NT","Lingiari                        ",1,"Remote Mobile Team 16                                           ","Amoonguna - Community Hall","Lot 60","","","AMOONGUNA","NT","0872","-23.76585","133.93604",7105203,36796,"",24/04/2025,24/04/2025,"9:00","15:00"
"8","NT","Lingiari                        ",1,"Remote Mobile Team 16                                           ","Santa Teresa - Council Office","Lot 151","","","SANTA TERESA","NT","0872","-24.1307","134.3733",7105204,36556,"",22/04/2025,22/04/2025,"9:00","16:00"
"8","NT","Lingiari                        ",1,"Remote Mobile Team 16                                           ","Santa Teresa - Council Office","Lot 151","","","SANTA TERESA","NT","0872","-24.1307","134.3733",7105204,36556,"",23/04/2025,23/04/2025,"9:00","16:00"
"8","NT","Lingiari                        ",1,"Remote Mobile Team 17                                           ","Ali Curung - Council Office","","","","ALI-CURUNG","NT","0872","-21.005","134.40593",7105504,36767,"",29/04/2025,29/04/2025,"9:00","15:00"
"8","NT","Lingiari                        ",1,"Remote Mobile Team 17                                           ","Finke - Council Office","Lot 2","","","FINKE","NT","0872","-25.58225","134.57701",7105006,36841,"",22/04/2025,22/04/2025,"9:00","15:00"
"8","NT","Lingiari                        ",1,"Remote Mobile Team 17                                           ","Imangara - Community","","","","MURRAY DNS STN","NT","0872","-21.04961","134.68117",7105508,36769,"",28/04/2025,28/04/2025,"13:30","16:30"
"8","NT","Lingiari                        ",1,"Remote Mobile Team 17                                           ","Pmara Jutunta - Activity Centre","Lot 4","","","TI TREE","NT","0872","-22.20726","133.43103",7105407,36757,"",02/05/2025,02/05/2025,"8:30","11:30"
"8","NT","Lingiari                        ",1,"Remote Mobile Team 17                                           ","Tara - Community","","","","NEUTRAL JUNCTION STN","NT","0872","-21.50658","133.99669",7105509,36763,"",30/04/2025,30/04/2025,"9:00","12:00"
"8","NT","Lingiari                        ",1,"Remote Mobile Team 17                                           ","Titjikala - Knowledge Centre","Lot 65","","","TITJIKALA","NT","0872","-24.67304","134.07663",7105206,36797,"",23/04/2025,23/04/2025,"10:00","16:00"
"8","NT","Lingiari                        ",1,"Remote Mobile Team 17                                           ","Walkabout Bore - Community","","","","MPWELLARRE","NT","0872","-24.38261","133.81687",7105216,36798,"",24/04/2025,24/04/2025,"10:00","13:00"
"8","NT","Lingiari                        ",1,"Remote Mobile Team 17                                           ","Willowra - Council Office","Pawu St","","","WILLOWRA","NT","0872","-21.24751","132.61048",7105403,36754,"",01/05/2025,01/05/2025,"9:30","15:30"
"8","NT","Lingiari                        ",1,"Remote Mobile Team 17                                           ","Wilora - Community","","","","STIRLING STN","NT","0872","-21.7411","133.7311",7105409,36762,"",30/04/2025,30/04/2025,"13:30","16:30"
"8","NT","Lingiari                        ",1,"Remote Mobile Team 18                                           ","Alyuen - Community","","","","AILERON STN","NT","0872","-22.66949","133.35147",7105410,36756,"",22/04/2025,22/04/2025,"8:30","11:30"
"8","NT","Lingiari                        ",1,"Remote Mobile Team 18                                           ","Laramba - Store Front Park","","","","NAPPERBY STN","NT","0872","-22.53431","132.75378",7105405,36821,"",28/04/2025,28/04/2025,"11:00","17:00"
"8","NT","Lingiari                        ",1,"Remote Mobile Team 18                                           ","Nturiya - Community","","","","TI TREE STN","NT","0872","-22.12379","133.26529",7105408,36758,"",22/04/2025,22/04/2025,"14:00","17:00"
"8","NT","Lingiari                        ",1,"Remote Mobile Team 18                                           ","Nyirripi - Night Patrol Complex","Lot 58","","","NYIRRIPI","NT","0872","-22.649","130.55308",7105302,36818,"",30/04/2025,30/04/2025,"11:00","17:00"
"8","NT","Lingiari                        ",1,"Remote Mobile Team 18                                           ","Ti Tree - Council Office Breezeway","Lot 38","","","TI TREE","NT","0872","-22.130208","133.413577",7105406,36759,"",23/04/2025,23/04/2025,"9:30","15:30"
"8","NT","Lingiari                        ",1,"Remote Mobile Team 18                                           ","Yuelamu - Council Office","34 Arrunge Cres","","","MT ALLAN STN","NT","0872","-22.25942","132.20509",7105404,36819,"",29/04/2025,29/04/2025,"9:00","15:00"
"8","NT","Lingiari                        ",1,"Remote Mobile Team 18                                           ","Yuendumu - Council Conference Room","Lot 323","","","YUENDUMU","NT","0872","-22.25489","131.79591",7105401,36820,"",01/05/2025,01/05/2025,"10:30","17:30"
"8","NT","Lingiari                        ",1,"Remote Mobile Team 18                                           ","Yuendumu - Council Conference Room","Lot 323","","","YUENDUMU","NT","0872","-22.25489","131.79591",7105401,36820,"",02/05/2025,02/05/2025,"8:00","17:00"
"8","NT","Lingiari                        ",1,"Remote Mobile Team 19                                           ","Alpurrurulam (Lake Nash) - Conference Room","Lot 132","","","ALPURRURULAM","NT","0872","-20.9859","137.85055",7105507,36840,"",23/04/2025,23/04/2025,"11:00","17:00"
"8","NT","Lingiari                        ",1,"Remote Mobile Team 19                                           ","Artekerre - Community","","","","ARTEKERRE","NT","0872","-23.257387","133.766604",7105201,36789,"",22/04/2025,22/04/2025,"8:30","11:30"
"8","NT","Lingiari                        ",1,"Remote Mobile Team 19                                           ","Burt Creek - Community","","","","BURT CREEK","NT","0872","-23.196524","133.747591",7105201,41313,"",22/04/2025,22/04/2025,"13:00","16:00"
"8","NT","Lingiari                        ",1,"Remote Mobile Team 19                                           ","Canteen Creek - CCOA Training Room","Lot 45","","","CANTEEN CREEK","NT","0872","-20.64467","135.58571",7105505,36555,"",30/04/2025,30/04/2025,"9:00","15:00"
"8","NT","Lingiari                        ",1,"Remote Mobile Team 19                                           ","Mungkarta - Community","","","","MUNGKARTA","NT","0872","-20.33702","134.19843",7105503,36764,"",28/04/2025,28/04/2025,"14:00","17:00"
"8","NT","Lingiari                        ",1,"Remote Mobile Team 19                                           ","Wutunugurra (Epenarra) Council Office Area","Lot 53","","","EPENARRA","NT","0872","-20.46265","135.25059",7105506,36766,"",29/04/2025,29/04/2025,"11:00","17:00"
"8","NT","Lingiari                        ",1,"Remote Mobile Team 2                                            ","Batchelor - Area School","71 Kirra Cres","","","BATCHELOR","NT","0845","-13.04611","131.03279",7105710,118566,"",03/05/2025,03/05/2025,"8:00","18:00"
"8","NT","Lingiari                        ",1,"Remote Mobile Team 2                                            ","Emu Point - Community","","","","WOODYKUPILDIYA","NT","0822","-14.17021","130.32777",7105802,41285,"",24/04/2025,24/04/2025,"9:30","12:30"
"8","NT","Lingiari                        ",1,"Remote Mobile Team 2                                            ","Merrepen - Community","","","","MERREPEN OUTSTATION","NT","0822","-14.22128","129.96735",7105902,71017,"",28/04/2025,28/04/2025,"11:00","14:00"
"8","NT","Lingiari                        ",1,"Remote Mobile Team 2                                            ","Nama","","","","WADEYE","NT","0822","-14.2403","129.518",7105901,50611,"",29/04/2025,29/04/2025,"13:30","15:00"
"8","NT","Lingiari                        ",1,"Remote Mobile Team 2                                            ","Nauiyu - Council Boardroom","Lot 124","","","NAUIYU","NT","0822","-13.7505416666","130.688930553",7105801,36194,"",01/05/2025,01/05/2025,"9:30","15:30"
"8","NT","Lingiari                        ",1,"Remote Mobile Team 2                                            ","Nganmarriyanga - Council Office","Lot 31","","","PALUMPA","NT","0822","-14.35121","129.88197",7105804,41286,"",22/04/2025,22/04/2025,"9:30","15:30"
"8","NT","Lingiari                        ",1,"Remote Mobile Team 2                                            ","Peppimenarti The Village - School Veranda","","","","PEPPIMENARTI","NT","0822","-14.14969","130.07682",7105805,36706,"",23/04/2025,23/04/2025,"13:00","16:00"
"8","NT","Lingiari                        ",1,"Remote Mobile Team 2                                            ","Peppimenarti Top Camp - Shop Entrance","Lot 15","","","PEPPIMENARTI","NT","0822","-14.15624","130.08169",7105805,124205,"",23/04/2025,23/04/2025,"9:00","12:00"
"8","NT","Lingiari                        ",1,"Remote Mobile Team 2                                            ","Woodycupaldiya - Community","Lot 19","","","WOODYCUPILDIYA","NT","0822","-13.85926","130.00115",7105806,36707,"",30/04/2025,30/04/2025,"10:30","13:30"
"8","NT","Lingiari                        ",1,"Remote Mobile Team 2                                            ","Wooliana - School","496 Woolianna Rd","","","WOOLIANA","NT","0822","-13.71145","130.68056",7105807,36701,"",02/05/2025,02/05/2025,"9:30","12:30"
"8","NT","Lingiari                        ",1,"Remote Mobile Team 2                                            ","Wudapuli - Community","","","","WADEYE","NT","0822","-14.21351","129.85315",7105902,36704,"",29/04/2025,29/04/2025,"11:00","13:00"
"8","NT","Lingiari                        ",1,"Remote Mobile Team 20                                           ","Arawerr - Community","","","","UTOPIA","NT","0872","-22.01371","134.84618",7105213,36780,"",30/04/2025,30/04/2025,"13:00","16:00"
"8","NT","Lingiari                        ",1,"Remote Mobile Team 20                                           ","Arlparra - Conference Room","Sandover Hwy","","","ANGKARRIPA","NT","0872","-22.08779","134.77476",7105213,36772,"",02/05/2025,02/05/2025,"10:00","16:00"
"8","NT","Lingiari                        ",1,"Remote Mobile Team 20                                           ","Atheley - Community","","","","ANGKARRIPA","NT","0872","-21.91757","134.86766",7105213,41311,"",01/05/2025,01/05/2025,"13:30","16:30"
"8","NT","Lingiari                        ",1,"Remote Mobile Team 20                                           ","Atnarara (Soakage Bore) - Community","","","","ANGKARRIPA","NT","0872","-22.02622","134.78721",7105213,36774,"",30/04/2025,30/04/2025,"9:00","12:00"
"8","NT","Lingiari                        ",1,"Remote Mobile Team 20                                           ","Atneltyey - Community","","","","ANGKARRIPA","NT","0872","-22.03683","134.61166",7105214,36776,"",29/04/2025,29/04/2025,"13:00","16:00"
"8","NT","Lingiari                        ",1,"Remote Mobile Team 20                                           ","Camel Camp - Community","","","","ANGKARRIPA","NT","0872","-22.27181","134.55242",7105213,36785,"",28/04/2025,28/04/2025,"11:30","14:30"
"8","NT","Lingiari                        ",1,"Remote Mobile Team 20                                           ","Inkwelaye - Community","","","","ANGKARRIPA","NT","0872","-22.07951","134.83153",7105213,36784,"",01/05/2025,01/05/2025,"9:00","12:00"
"8","NT","Lingiari                        ",1,"Remote Mobile Team 20                                           ","Kaltukatjara - Council Conference Room","12 Eagle St","","","DOCKER RIVER","NT","0872","-24.87489","129.08311",7105014,36205,"",23/04/2025,23/04/2025,"8:30","14:30"
"8","NT","Lingiari                        ",1,"Remote Mobile Team 20                                           ","Kintore - Council Conference Room","Lot 217","","","KINTORE","NT","0872","-23.27585","129.38865",7105303,36839,"",22/04/2025,22/04/2025,"10:00","15:30"
"8","NT","Lingiari                        ",1,"Remote Mobile Team 20                                           ","Pungalindum - Community","","","","ANGKARRIPA","NT","0872","-22.07061","134.68879",7105213,36775,"",29/04/2025,29/04/2025,"9:00","12:00"
"8","NT","Lingiari                        ",1,"Remote Mobile Team 21                                           ","Areyonga (Utju) - Council Office","37 Utju Drive","","","AREYONGA","NT","0872","-24.07312","132.26952",7105314,36557,"",22/04/2025,22/04/2025,"10:30","16:30"
"8","NT","Lingiari                        ",1,"Remote Mobile Team 21                                           ","Haasts Bluff (Ikuntji) - Conference Room","Lot 57","","","IKUNTJI","NT","0872","-23.44755","131.88244",7105306,36825,"",30/04/2025,30/04/2025,"8:00","14:00"
"8","NT","Lingiari                        ",1,"Remote Mobile Team 21                                           ","Hermannsburg (Ntaria) - Rec Hall (Meeting Room)","Lot 11","","","HERMANNSBURG","NT","0872","-23.94454","132.77709",7105313,36208,"",23/04/2025,23/04/2025,"9:30","15:30"
"8","NT","Lingiari                        ",1,"Remote Mobile Team 21                                           ","Mbunghara - Community","","","","MBUNGHARA","NT","0872","-23.28916","132.36048",7105312,36827,"",28/04/2025,28/04/2025,"11:00","14:00"
"8","NT","Lingiari                        ",1,"Remote Mobile Team 21                                           ","Mt Liebig - Council Conference Room","Lot 86","","","MT LIEBIG","NT","0872","-23.26606","131.27202",7105308,36823,"",29/04/2025,29/04/2025,"8:00","14:00"
"8","NT","Lingiari                        ",1,"Remote Mobile Team 21                                           ","Papunya - Council Office","Lot 224","","","PAPUNYA","NT","0872","-23.2041","131.90919",7105305,36826,"",01/05/2025,01/05/2025,"9:30","15:30"
"8","NT","Lingiari                        ",1,"Remote Mobile Team 21                                           ","Wallace Rockhole - Community","","","","WALLACE ROCKHOLE","NT","0872","-24.1245","133.0863",7105307,36799,"",24/04/2025,24/04/2025,"9:00","12:00"
"8","NT","Lingiari                        ",1,"Remote Mobile Team 22                                           ","Ampilatwatja - Council Conference Room","Lot 3","","","AMPILATWATJA","NT","0872","-21.65824","135.22707",7105209,36211,"",01/05/2025,01/05/2025,"9:00","16:00"
"8","NT","Lingiari                        ",1,"Remote Mobile Team 22                                           ","Ampilatwatja - Council Conference Room","Lot 3","","","AMPILATWATJA","NT","0872","-21.65824","135.22707",7105209,36211,"",02/05/2025,02/05/2025,"9:00","16:00"
"8","NT","Lingiari                        ",1,"Remote Mobile Team 22                                           ","Atnwengerrpe - Community","","","","AMPILATWATJA","NT","0872","-21.86956","134.99411",7105212,36783,"",30/04/2025,30/04/2025,"10:00","13:00"
"8","NT","Lingiari                        ",1,"Remote Mobile Team 22                                           ","Indaringinya - Community","","","","INDARINGINYA","NT","0822","-21.677","134.72",7105211,36777,"",29/04/2025,29/04/2025,"9:00","12:00"
"8","NT","Lingiari                        ",1,"Remote Mobile Team 22                                           ","Inkawenyerre (Rocket Range) - Community","","","","AMPILATWATJA","NT","0872","-21.82016","134.84707",7105211,36779,"",29/04/2025,29/04/2025,"13:30","16:30"
"8","NT","Lingiari                        ",1,"Remote Mobile Team 22                                           ","Irrultja - Community","","","","AMPILATWATJA","NT","0872","-21.980385","135.111563",7105210,36782,"",23/04/2025,23/04/2025,"13:30","16:30"
"8","NT","Lingiari                        ",1,"Remote Mobile Team 22                                           ","Iylentye - Community","","","","ANGKARRIPA","NT","0872","-21.98676","134.72667",7105213,36773,"",23/04/2025,23/04/2025,"8:30","11:30"
"8","NT","Lingiari                        ",1,"Remote Mobile Team 22                                           ","Mulga Bore - Community","","","","ANGKARRIPA","NT","0872","-22.45139","134.20944",7105410,36770,"",24/04/2025,24/04/2025,"10:30","13:30"
"8","NT","Lingiari                        ",1,"Remote Mobile Team 23                                           ","Christmas Island - Poon San Community Hall","2 Murray Rd","","","CHRISTMAS ISLAND","WA","6798","-10.4234763","105.679929",9100104,141625,"",26/04/2025,26/04/2025,"8:00","18:00"
"8","NT","Lingiari                        ",1,"Remote Mobile Team 23                                           ","Christmas Island - Shire Office","George Fam Centre","2 Murray Rd","","CHRISTMAS ISLAND","WA","6798","-10.4178286","105.6757622",9100104,141626,"",23/04/2025,23/04/2025,"8:00","16:00"
"8","NT","Lingiari                        ",1,"Remote Mobile Team 23                                           ","Christmas Island - Shire Office","George Fam Centre","2 Murray Rd","","CHRISTMAS ISLAND","WA","6798","-10.4178286","105.6757622",9100104,141626,"",24/04/2025,24/04/2025,"8:00","16:00"
"8","NT","Lingiari                        ",1,"Remote Mobile Team 24                                           ","Cocos (K) Islands Community Resource Centre","Administration Bldg, ","","","WEST ISLAND","WA","6799","-12.1885485","96.8295388",9100202,118558,"",23/04/2025,23/04/2025,"9:00","17:00"
"8","NT","Lingiari                        ",1,"Remote Mobile Team 24                                           ","Indian Ocean Group Training Centre","Office 7, 225 Jalan Bunga Mawar ","","","HOME ISLAND, COCOS KEELING ISLANDS","WA","6799","-12.1174471","96.8965481",9100201,121712,"",24/04/2025,24/04/2025,"9:00","16:00"
"8","NT","Lingiari                        ",1,"Remote Mobile Team 24                                           ","Indian Ocean Group Training Centre","Office 7, 225 Jalan Bunga Mawar ","","","HOME ISLAND, COCOS KEELING ISLANDS","WA","6799","-12.1174471","96.8965481",9100201,121712,"",26/04/2025,26/04/2025,"8:00","18:00"
"8","NT","Lingiari                        ",1,"Remote Mobile Team 25                                           ","Imanpa - Council Office","","","","IMANPA","NT","0872","-25.12885","132.57102",7105005,36831,"",29/04/2025,29/04/2025,"11:00","17:00"
"8","NT","Lingiari                        ",1,"Remote Mobile Team 25                                           ","Kings Canyon Resort","Luritja Rd","","","WATARRKA NATIONAL  PARK","NT","0872","-24.25118","131.5111",7105013,143513,"",23/04/2025,23/04/2025,"13:00","16:00"
"8","NT","Lingiari                        ",1,"Remote Mobile Team 25                                           ","Mutitjulu - Community Hall","Lot 213","","","MUTITJULU","NT","0872","-25.34775","131.0633",7105003,36558,"",01/05/2025,01/05/2025,"8:00","14:00"
"8","NT","Lingiari                        ",1,"Remote Mobile Team 25                                           ","Nganampa Ngura Mutitjulu-nya Aged Care","Lot 37, Petermann Rd","","","MUTITJULU","NT","0872","-25.34868","131.06431",7105003,104680,"",30/04/2025,30/04/2025,"13:00","14:00"
"8","NT","Lingiari                        ",1,"Remote Mobile Team 25                                           ","Ukaka - Community","","","","UKAKA","NT","0872","-24.59261","132.37395",7105013,36833,"",24/04/2025,24/04/2025,"10:00","13:00"
"8","NT","Lingiari                        ",1,"Remote Mobile Team 25                                           ","Ulpanyali - Community","","","","WATARRKA NATIONAL PK","NT","0872","-24.23091","131.50075",7105013,36835,"",23/04/2025,23/04/2025,"8:30","11:30"
"8","NT","Lingiari                        ",1,"Remote Mobile Team 25                                           ","Wanmarra - Community","","","","WATARRKA NATIONAL PK","NT","0872","-24.3889","131.804",7105013,36834,"",22/04/2025,22/04/2025,"12:00","15:00"
"8","NT","Lingiari                        ",1,"Remote Mobile Team 25                                           ","Yulara Community Shed","Gregory Tce","","","YULARA","NT","0872","-25.2422033","130.9916661",7105012,70318,"",02/05/2025,02/05/2025,"8:00","18:00"
"8","NT","Lingiari                        ",1,"Remote Mobile Team 25                                           ","Yulara Community Shed","Gregory Tce","","","YULARA","NT","0872","-25.2422033","130.9916661",7105012,70318,"",03/05/2025,03/05/2025,"8:00","18:00"
"8","NT","Lingiari                        ",1,"Remote Mobile Team 26                                           ","Atitjere (Harts Range) Council Conference Room","Lot 106","","","ATITJERE","NT","0872","-22.98465","134.93543",7105207,36792,"",30/04/2025,30/04/2025,"9:00","15:00"
"8","NT","Lingiari                        ",1,"Remote Mobile Team 26                                           ","Engawala - Council Conference Room","Lot 2","Turner St","","ALCOOTA STN","NT","0872","-22.80308","134.45384",7105208,36791,"",28/04/2025,28/04/2025,"10:00","16:45"
"8","NT","Lingiari                        ",1,"Remote Mobile Team 26                                           ","Irrerlirre - Community","","","","IRRERLIRRE","NT","0872","-22.8462","135.1345",7105215,36795,"",29/04/2025,29/04/2025,"14:00","17:00"
"8","NT","Lingiari                        ",1,"Remote Mobile Team 26                                           ","Mt Eaglebeak - Community","","","","MT EAGLEBEAK","NT","0872","-22.9547","135.19823",7105215,36794,"",29/04/2025,29/04/2025,"9:00","12:00"
"8","NT","Lingiari                        ",1,"Remote Mobile Team 26                                           ","Orrtipa-Thurra - Community","","","","BONYA BAIKAL","NT","0872","-22.784582","136.16829",7105215,36793,"",01/05/2025,01/05/2025,"11:30","14:30"
"8","NT","Lingiari                        ",1,"Remote Mobile Team 27                                           ","Manthathpe - Community Shed","","","","WADEYE","NT","0822","-14.232523","129.503846",7105901,41293,"",29/04/2025,29/04/2025,"9:00","16:00"
"8","NT","Lingiari                        ",1,"Remote Mobile Team 27                                           ","Thamarrurr Aged Care Facility","Lot 490","","","WADEYE","NT","0822","-14.24114","129.52042",7105901,104661,"",28/04/2025,28/04/2025,"11:00","12:00"
"8","NT","Lingiari                        ",1,"Remote Mobile Team 27                                           ","Wadeye - Sport and Rec Hall","Lot 460","","","WADEYE","NT","0822","-14.238279","129.520234",7105901,72215,"",30/04/2025,30/04/2025,"9:00","15:00"
"8","NT","Lingiari                        ",1,"Remote Mobile Team 27                                           ","Wadeye - Sport and Rec Hall","Lot 460","","","WADEYE","NT","0822","-14.238279","129.520234",7105901,72215,"",01/05/2025,01/05/2025,"9:00","15:00"
"8","NT","Lingiari                        ",1,"Remote Mobile Team 27                                           ","Wadeye - Sport and Rec Hall","Lot 460","","","WADEYE","NT","0822","-14.238279","129.520234",7105901,72215,"",02/05/2025,02/05/2025,"9:00","15:00"
"8","NT","Lingiari                        ",1,"Remote Mobile Team 27                                           ","Wadeye - Sport and Rec Hall","Lot 460","","","WADEYE","NT","0822","-14.238279","129.520234",7105901,72215,"",03/05/2025,03/05/2025,"8:00","18:00"
"8","NT","Lingiari                        ",1,"Remote Mobile Team 28                                           ","Mala'la Residential Aged Care Centre","Lot 458 Main Rd","","","MANINGRIDA","NT","0822","-12.050486","134.221785",7106103,104679,"",29/04/2025,29/04/2025,"12:30","13:30"
"8","NT","Lingiari                        ",1,"Remote Mobile Team 28                                           ","Maningrida - Council Breezeway","Lot 00477","","","MANINGRIDA","NT","0822","-12.051372","134.222338",7106103,50165,"",30/04/2025,30/04/2025,"8:30","16:30"
"8","NT","Lingiari                        ",1,"Remote Mobile Team 28                                           ","Maningrida - MPA conference room","Lot 526  Airport Rd","","","MANINGRIDA","NT","0822","-12.049471867553063","134.22543634877127",7106103,141849,"",02/05/2025,02/05/2025,"8:30","16:30"
"8","NT","Lingiari                        ",1,"Remote Mobile Team 28                                           ","Maningrida - MPA conference room","Lot 526  Airport Rd","","","MANINGRIDA","NT","0822","-12.049471867553063","134.22543634877127",7106103,141849,"",03/05/2025,03/05/2025,"8:00","18:00"
"8","NT","Lingiari                        ",1,"Remote Mobile Team 28                                           ","Maningrida - New Suburb","","","","MANINGRIDA","NT","0822","-12.049774","134.235096",7106103,121457,"",01/05/2025,01/05/2025,"8:30","16:30"
"8","NT","Lingiari                        ",1,"Remote Mobile Team 29                                           ","Cooinda - Gagudju Lodge","Kakadu Hwy","","","KAKADU NATIONAL PARK","NT","0822","-12.90513","132.52153",7105717,36640,"",30/04/2025,30/04/2025,"9:00","12:00"
"8","NT","Lingiari                        ",1,"Remote Mobile Team 29                                           ","Gunbalanya - Council Conference Room","Lot 389","","","GUNBALUNYA","NT","0822","-12.32579","133.05704",7106101,36548,"",22/04/2025,22/04/2025,"11:00","16:00"
"8","NT","Lingiari                        ",1,"Remote Mobile Team 29                                           ","Gunbalanya - Council Conference Room","Lot 389","","","GUNBALUNYA","NT","0822","-12.32579","133.05704",7106101,36548,"",23/04/2025,23/04/2025,"8:00","16:00"
"8","NT","Lingiari                        ",1,"Remote Mobile Team 29                                           ","Gunbalanya - Council Conference Room","Lot 389","","","GUNBALUNYA","NT","0822","-12.32579","133.05704",7106101,36548,"",24/04/2025,24/04/2025,"8:30","11:30"
"8","NT","Lingiari                        ",1,"Remote Mobile Team 29                                           ","Jabiru - ALPA Building","10 Gregory Pl.","","","JABIRU","NT","0822","-12.66969","132.83424",0,143512,"",02/05/2025,02/05/2025,"8:30","16:30"
"8","NT","Lingiari                        ",1,"Remote Mobile Team 29                                           ","Jabiru - ALPA Building","10 Gregory Pl.","","","JABIRU","NT","0822","-12.66969","132.83424",0,143512,"",03/05/2025,03/05/2025,"8:00","18:00"
"8","NT","Lingiari                        ",1,"Remote Mobile Team 29                                           ","Kakadu National Park - Bowali Visitors Centre","Kakadu Hwy","Kakadu National Park","","KAKADU NATIONAL PARK","NT","0822","-12.67529","132.81705",7105717,41272,"",01/05/2025,01/05/2025,"8:00","11:00"
"8","NT","Lingiari                        ",1,"Remote Mobile Team 29                                           ","Mudginberri - Community","","","","KAKADU NATIONAL PARK","NT","0822","-12.59772","132.87334",7105701,36641,"",01/05/2025,01/05/2025,"12:30","15:30"
"8","NT","Lingiari                        ",1,"Remote Mobile Team 29                                           ","Patonga Airstrip - Community","","","","KAKADU NATIONAL PARK","NT","0822","-12.94826","132.56901",7105717,36638,"",30/04/2025,30/04/2025,"13:30","16:30"
"8","NT","Lingiari                        ",1,"Remote Mobile Team 3                                            ","Bolkdjam - Community","","","","MANINGRIDA","NT","0822","-12.41151","134.41998",7106104,41267,"",23/04/2025,23/04/2025,"8:30","11:30"
"8","NT","Lingiari                        ",1,"Remote Mobile Team 3                                            ","Buluhkaduru - Community","","","","MANINGRIDA","NT","0822","-12.432472","134.42307",7106104,36628,"",23/04/2025,23/04/2025,"13:00","16:00"
"8","NT","Lingiari                        ",1,"Remote Mobile Team 3                                            ","Gamardi - Community","","","","MANINGRIDA","NT","0822","-12.27398","134.68321",7106104,36630,"",01/05/2025,01/05/2025,"9:00","12:00"
"8","NT","Lingiari                        ",1,"Remote Mobile Team 3                                            ","Gochan Jiny-Jirra - Community","","","","MANINGRIDA","NT","0822","-12.19925","134.45751",7106104,36631,"",29/04/2025,29/04/2025,"13:30","16:30"
"8","NT","Lingiari                        ",1,"Remote Mobile Team 3                                            ","Gumarrirnbang - Community","","","","GUNBALUNYA","NT","0822","-12.32945","133.99695",7106107,36621,"",24/04/2025,24/04/2025,"9:00","12:00"
"8","NT","Lingiari                        ",1,"Remote Mobile Team 3                                            ","Ji-Balbal","","","","MANINGRIDA","NT","0822","-12.298","134.62",7106104,36629,"",30/04/2025,30/04/2025,"8:30","11:30"
"8","NT","Lingiari                        ",1,"Remote Mobile Team 3                                            ","Ji-Bena - Community","","","","MANINGRIDA","NT","0822","-12.14418","134.5264",7106104,36632,"",30/04/2025,30/04/2025,"13:00","16:00"
"8","NT","Lingiari                        ",1,"Remote Mobile Team 3                                            ","Ji-Malawa - Community","","","","MANINGRIDA","NT","0822","-12.12168","134.67334",7106104,36633,"",01/05/2025,01/05/2025,"14:00","17:00"
"8","NT","Lingiari                        ",1,"Remote Mobile Team 3                                            ","Ji-Marda - Community ","","","","MANINGRIDA","NT","0822","-12.056125","134.6150138889",7106104,36634,"",29/04/2025,29/04/2025,"9:00","12:00"
"8","NT","Lingiari                        ",1,"Remote Mobile Team 3                                            ","Kabulwarnamyo - Community","","","","GUNBALUNYA","NT","0822","-12.76486","133.84472",7106107,50610,"",28/04/2025,28/04/2025,"9:00","12:00"
"8","NT","Lingiari                        ",1,"Remote Mobile Team 3                                            ","Kolorbidahdah - Community","","","","MANINGRIDA","NT","0822","-12.61309","134.32539",7106104,41269,"",24/04/2025,24/04/2025,"13:30","16:30"
"8","NT","Lingiari                        ",1,"Remote Mobile Team 3                                            ","Mamadawerre - Community","","","","GUNBALUNYA","NT","0822","-12.25629","133.65782",7106105,36620,"",22/04/2025,22/04/2025,"13:30","16:30"
"8","NT","Lingiari                        ",1,"Remote Mobile Team 3                                            ","Manmoyi - Community","","","","GUNBALUNYA","NT","0822","-12.54064","134.110013",7106106,36627,"",02/05/2025,02/05/2025,"9:30","12:30"
"8","NT","Lingiari                        ",1,"Remote Mobile Team 3                                            ","Marrkolidjban - Community","","","","MANINGRIDA","NT","0822","-12.2375138889","134.0644583333",7106104,36622,"",28/04/2025,28/04/2025,"13:30","16:30"
"8","NT","Lingiari                        ",1,"Remote Mobile Team 3                                            ","Mumeka - Community","","","","MANINGRIDA","NT","0822","-12.3631","134.1364",7106104,36623,"",26/04/2025,26/04/2025,"13:30","16:30"
"8","NT","Lingiari                        ",1,"Remote Mobile Team 3                                            ","Yikarrakkal - Community","","","","MANINGRIDA","NT","0822","-12.503625","134.1114027778",7106104,41268,"",26/04/2025,26/04/2025,"9:00","12:00"
"8","NT","Lingiari                        ",1,"Remote Mobile Team 30                                           ","Borroloola - Mawa Office Breezeway","","","","BORROLOOLA","NT","0854","-16.05733","136.30756",7106601,36184,"",29/04/2025,29/04/2025,"8:30","15:30"
"8","NT","Lingiari                        ",1,"Remote Mobile Team 30                                           ","Borroloola - Mawa Office Breezeway","","","","BORROLOOLA","NT","0854","-16.05733","136.30756",7106601,36184,"",30/04/2025,30/04/2025,"8:30","15:30"
"8","NT","Lingiari                        ",1,"Remote Mobile Team 30                                           ","Borroloola - Mawa Office Breezeway","","","","BORROLOOLA","NT","0854","-16.05733","136.30756",7106601,36184,"",01/05/2025,01/05/2025,"8:30","15:30"
"8","NT","Lingiari                        ",1,"Remote Mobile Team 30                                           ","Borroloola - Mawa Office Breezeway","","","","BORROLOOLA","NT","0854","-16.05733","136.30756",7106601,36184,"",02/05/2025,02/05/2025,"8:30","15:30"
"8","NT","Lingiari                        ",1,"Remote Mobile Team 30                                           ","King Ash Bay, Boat & Fishing Club","1 Batten Rd","","","KING ASH BAY","NT","0854","-15.93305","136.47763",7106602,36729,"",28/04/2025,28/04/2025,"10:00","16:00"
"8","NT","Lingiari                        ",1,"Remote Mobile Team 30                                           ","Munyalini (Campbell Springs) - Community","","","","BORROLOOLA","NT","0854","-16.09259","136.18938",7106602,41298,"",23/04/2025,23/04/2025,"14:00","17:00"
"8","NT","Lingiari                        ",1,"Remote Mobile Team 30                                           ","Robinson River - Resource Centre Breezeway","Lot 5","","","ROBINSON RIVER","NT","0854","-16.7582","136.9839",7106611,36723,"",24/04/2025,24/04/2025,"9:30","15:30"
"8","NT","Lingiari                        ",1,"Remote Mobile Team 30                                           ","Wada Warra (Bone Lagoon) - Community","","","","BORROLOOLA","NT","0854","-15.74902","136.25224",7106602,71466,"",26/04/2025,26/04/2025,"13:30","16:30"
"8","NT","Lingiari                        ",1,"Remote Mobile Team 30                                           ","Wandangula (Policeman's Lagoon) - Community","","","","BORROLOOLA","NT","0854","-16.05477","136.34558",7106602,36727,"",26/04/2025,26/04/2025,"8:00","11:00"
"8","NT","Lingiari                        ",1,"Remote Mobile Team 31                                           ","Adelaide River Primary School","31 Memorial Tce","","","ADELAIDE RIVER","NT","0846","-13.23708713","131.10927469",7105704,126420,"",03/05/2025,03/05/2025,"8:00","18:00"
"8","NT","Lingiari                        ",1,"Remote Mobile Team 31                                           ","Tipperary Station","","","","TIPPERARY STN","NT","0822","-13.7298385","131.0404587",7105807,36688,"",02/05/2025,02/05/2025,"10:30","13:30"
"8","NT","Lingiari                        ",1,"Remote Mobile Team 4                                            ","Acacia Larrakia - Community","","","","ACACIA LARRAKIA COMMUNITY","NT","0822","-12.81087","131.17192",7103513,41532,"",22/04/2025,22/04/2025,"14:00","17:00"
"8","NT","Lingiari                        ",1,"Remote Mobile Team 4                                            ","Dundee Beach School","500 Namarada Dr","","","DUNDEE BEACH","NT","0822","-12.75136","130.37836",7105708,36717,"",23/04/2025,23/04/2025,"9:30","15:30"
"8","NT","Lingiari                        ",1,"Remote Mobile Team 4                                            ","Sand Palms Roadhouse","Bynoe Haven Rd","","","DUNDEE FOREST","NT","0822","-12.8132864","130.6166562",7105708,71019,"",22/04/2025,22/04/2025,"9:00","12:00"
"8","NT","Lingiari                        ",1,"Remote Mobile Team 4                                            ","Umbakumba - Language/Cultural Centre","35 Mamarika Rd","","","UMBAKUMBA","NT","0822","-13.85879","136.81337",7106203,130586,"",01/05/2025,01/05/2025,"8:30","16:30"
"8","NT","Lingiari                        ",1,"Remote Mobile Team 4                                            ","Warruwi - ALPA Store Veranda","Lot 174","","","WARRUWI","NT","0822","-11.65028","133.39008",7106108,36613,"",29/04/2025,29/04/2025,"9:30","15:30"
"8","NT","Lingiari                        ",1,"Remote Mobile Team 5                                            ","Banthula - Community","","","","GALIWIN'KU","NT","0822","-11.83585","135.87365",7106310,90532,"",29/04/2025,29/04/2025,"9:00","12:00"
"8","NT","Lingiari                        ",1,"Remote Mobile Team 5                                            ","Belyuen - Council Meeting Room","Lot 291","","","BELYUEN","NT","0822","-12.53779","130.69871",7105702,36186,"",22/04/2025,22/04/2025,"9:30","15:30"
"8","NT","Lingiari                        ",1,"Remote Mobile Team 5                                            ","Galiwin'ku - Basketball Court Conference Room","Lot 121","","","GALIWINKU","NT","0822","-12.02724","135.56612",7106307,36668,"",30/04/2025,30/04/2025,"8:30","16:30"
"8","NT","Lingiari                        ",1,"Remote Mobile Team 5                                            ","Galiwin'ku - Basketball Court Conference Room","Lot 121","","","GALIWINKU","NT","0822","-12.02724","135.56612",7106307,36668,"",01/05/2025,01/05/2025,"8:00","16:00"
"8","NT","Lingiari                        ",1,"Remote Mobile Team 5                                            ","Galiwin'ku - Basketball Court Conference Room","Lot 121","","","GALIWINKU","NT","0822","-12.02724","135.56612",7106307,36668,"",02/05/2025,02/05/2025,"8:00","16:00"
"8","NT","Lingiari                        ",1,"Remote Mobile Team 5                                            ","Galiwin'ku - Basketball Court Conference Room","Lot 121","","","GALIWINKU","NT","0822","-12.02724","135.56612",7106307,36668,"",03/05/2025,03/05/2025,"8:00","18:00"
"8","NT","Lingiari                        ",1,"Remote Mobile Team 5                                            ","Mapuru - School","","","","GALIWINKU","NT","0822","-12.25264","135.4375",7106310,36673,"",28/04/2025,28/04/2025,"14:30","16:30"
"8","NT","Lingiari                        ",1,"Remote Mobile Team 5                                            ","Milingimbi - Youth Sport & Rec Hall","52 Gadapu Rd","","","MILINGIMBI","NT","0822","-12.10286","134.91752",7106305,36180,"",23/04/2025,23/04/2025,"9:30","17:30"
"8","NT","Lingiari                        ",1,"Remote Mobile Team 5                                            ","Milingimbi - Youth Sport & Rec Hall","52 Gadapu Rd","","","MILINGIMBI","NT","0822","-12.10286","134.91752",7106305,36180,"",24/04/2025,24/04/2025,"8:00","16:00"
"8","NT","Lingiari                        ",1,"Remote Mobile Team 6                                            ","Datjala Work Camp (Nhulunbuy)","Lot 1671 ","Bottlebrush Ave","","NHULUNBUY","NT","0880","-12.19074","136.7882",7106408,104639,"",22/04/2025,22/04/2025,"12:00","15:00"
"8","NT","Lingiari                        ",1,"Remote Mobile Team 6                                            ","Galupa - Community","","","","GUNYANGARA","NT","0880","-12.192629","136.690146",7106312,36667,"",24/04/2025,24/04/2025,"13:00","16:00"
"8","NT","Lingiari                        ",1,"Remote Mobile Team 6                                            ","Garrthalala - Community","","","","YIRRKALA","NT","0880","-12.76305","136.56918",7106304,36685,"",28/04/2025,28/04/2025,"11:00","14:00"
"8","NT","Lingiari                        ",1,"Remote Mobile Team 6                                            ","Gove District Hospital","Matthew Flinders Way","","","NHULUNBUY","NT","0880","-12.18641","136.77753",7106408,126428,"",23/04/2025,23/04/2025,"14:00","16:00"
"8","NT","Lingiari                        ",1,"Remote Mobile Team 6                                            ","Gunyangara - Drop in Centre","Lot 116","","","GUNYANGARA","NT","0880","-12.21451","136.70707",7106311,143467,"",29/04/2025,29/04/2025,"9:30","15:30"
"8","NT","Lingiari                        ",1,"Remote Mobile Team 6                                            ","Nhulunbuy Hostel","Aboriginal Hostel","11 Bottlebrush Ave","","NHULUNBUY","NT","0880","-12.1865","136.78943",7106408,142045,"",23/04/2025,23/04/2025,"8:30","11:30"
"8","NT","Lingiari                        ",1,"Remote Mobile Team 6                                            ","Wallaby Beach - Community","","","","WALLABY BEACH COMMUNITY","NT","0880","-12.18742","136.71284",7106312,71018,"",24/04/2025,24/04/2025,"8:30","11:30"
"8","NT","Lingiari                        ",1,"Remote Mobile Team 6                                            ","Yutjuwala Djiwarr Flexible Aged Care"," 7 Barramundi Cl","","","NHULUNBUY","NT","0881","-12.188653","136.786238",7106408,126424,"",22/04/2025,22/04/2025,"16:00","17:00"
"8","NT","Lingiari                        ",1,"Remote Mobile Team 7                                            ","Baniyala - Training Centre Veranda","","","","YIRRKALA","NT","0880","-13.2004","136.2261",7106313,36681,"",22/04/2025,22/04/2025,"12:30","15:30"
"8","NT","Lingiari                        ",1,"Remote Mobile Team 7                                            ","Birany Birany - Community","","","","GUNYANGARA","NT","0880","-12.81703","136.47669",7106304,36686,"",29/04/2025,29/04/2025,"13:00","16:00"
"8","NT","Lingiari                        ",1,"Remote Mobile Team 7                                            ","Dhalinybuy - Community","","","","GUNYANGARA","NT","0880","-12.4125","136.3878",7106315,36670,"",24/04/2025,24/04/2025,"8:30","11:30"
"8","NT","Lingiari                        ",1,"Remote Mobile Team 7                                            ","Donydji - Community","","","","GAPUWIYAK","NT","0822","-12.89045","135.47028",7106302,36676,"",28/04/2025,28/04/2025,"9:00","12:00"
"8","NT","Lingiari                        ",1,"Remote Mobile Team 7                                            ","Gan Gan - Community","","","","YIRRKALA","NT","0880","-13.04605","135.94354",7106314,36677,"",28/04/2025,28/04/2025,"13:30","16:30"
"8","NT","Lingiari                        ",1,"Remote Mobile Team 7                                            ","Gurrumuru - Community","","","","YIRRKALA","NT","0880","-12.5922361111","136.2316805556",7106304,36687,"",24/04/2025,24/04/2025,"13:00","16:00"
"8","NT","Lingiari                        ",1,"Remote Mobile Team 7                                            ","Mata Mata - Community","","","","GALIWINKU","NT","0822","-12.07676","136.27125",7106306,36674,"",23/04/2025,23/04/2025,"9:00","12:00"
"8","NT","Lingiari                        ",1,"Remote Mobile Team 7                                            ","Rorruwuy - Community","","","","GALIWINKU","NT","0822","-12.20292","136.29564",7106306,36675,"",23/04/2025,23/04/2025,"13:30","16:30"
"8","NT","Lingiari                        ",1,"Remote Mobile Team 7                                            ","Wandawuy - Community","","","","YIRRKALA","NT","0880","-12.89147","136.35636",7106304,36683,"",29/04/2025,29/04/2025,"8:30","11:30"
"8","NT","Lingiari                        ",1,"Remote Mobile Team 7                                            ","Yirrkala - Church Hall","201 Tuffin Rd","","","YIRRKALA","NT","0880","-12.2497","136.89119",7106308,36181,"",30/04/2025,30/04/2025,"8:30","16:30"
"8","NT","Lingiari                        ",1,"Remote Mobile Team 7                                            ","Yirrkala - Church Hall","201 Tuffin Rd","","","YIRRKALA","NT","0880","-12.2497","136.89119",7106308,36181,"",01/05/2025,01/05/2025,"8:30","16:30"
"8","NT","Lingiari                        ",1,"Remote Mobile Team 8                                            ","Alyangula - Sports & Entertainment Centre","Flinders St","","","ALYANGULA","NT","0885","-13.850787503694216","136.42061276581188",7106207,70315,"",29/04/2025,29/04/2025,"13:00","21:00"
"8","NT","Lingiari                        ",1,"Remote Mobile Team 8                                            ","Alyangula - Sports & Entertainment Centre","Flinders St","","","ALYANGULA","NT","0885","-13.850787503694216","136.42061276581188",7106207,70315,"",30/04/2025,30/04/2025,"13:00","21:00"
"8","NT","Lingiari                        ",1,"Remote Mobile Team 8                                            ","Angurugu - Sports & Rec Hall","Lot 653","","","ANGURUGU","NT","0822","-13.98332","136.46147",7106205,36183,"",01/05/2025,01/05/2025,"9:00","17:00"
"8","NT","Lingiari                        ",1,"Remote Mobile Team 8                                            ","Angurugu - Sports & Rec Hall","Lot 653","","","ANGURUGU","NT","0822","-13.98332","136.46147",7106205,36183,"",02/05/2025,02/05/2025,"9:00","17:00"
"8","NT","Lingiari                        ",1,"Remote Mobile Team 8                                            ","Malkala - Community","","","","ANGURUGU","NT","0822","-13.8914027778","136.4422361111",7106209,36650,"",26/04/2025,26/04/2025,"11:00","14:00"
"8","NT","Lingiari                        ",1,"Remote Mobile Team 8                                            ","Milyakburra - Cultural Centre","Lot 77","","","BICKERTON ISLAND","NT","0822","-13.78207","136.19555",7106201,36646,"",24/04/2025,24/04/2025,"13:00","16:00"
"8","NT","Lingiari                        ",1,"Remote Mobile Team 8                                            ","Numbulwar - Council conference room","Lot 176","","","NUMBULWAR","NT","0852","-14.27892","135.74063",7106604,36647,"",22/04/2025,22/04/2025,"13:00","18:00"
"8","NT","Lingiari                        ",1,"Remote Mobile Team 8                                            ","Numbulwar - Council conference room","Lot 176","","","NUMBULWAR","NT","0852","-14.27892","135.74063",7106604,36647,"",23/04/2025,23/04/2025,"8:00","17:00"
"8","NT","Lingiari                        ",1,"Remote Mobile Team 8                                            ","Numbulwar - Council conference room","Lot 176","","","NUMBULWAR","NT","0852","-14.27892","135.74063",7106604,36647,"",24/04/2025,24/04/2025,"8:00","10:00"
"8","NT","Lingiari                        ",1,"Remote Mobile Team 9                                            ","Barunga - Council Meeting Room","","","","BARUNGA","NT","0852","-14.52481","132.8647",7106501,36652,"",24/04/2025,24/04/2025,"8:00","16:00"
"8","NT","Lingiari                        ",1,"Remote Mobile Team 9                                            ","Bulman - Council Conference Room","Lot 6","","","BULMAN","NT","0852","-13.66547","134.33427",7106509,36644,"",01/05/2025,01/05/2025,"8:00","14:00"
"8","NT","Lingiari                        ",1,"Remote Mobile Team 9                                            ","Jilkminggan - Council Boardroom","Lot 17","","","JILKMINGGAN","NT","0852","-14.95499","133.30259",7106507,36654,"",29/04/2025,29/04/2025,"10:00","16:00"
"8","NT","Lingiari                        ",1,"Remote Mobile Team 9                                            ","Manyallaluk - Council Breezeway","Lot 20","","","MANYALLALUK","NT","0852","-14.26714","132.82981",7106505,71020,"",22/04/2025,22/04/2025,"13:30","16:30"
"8","NT","Lingiari                        ",1,"Remote Mobile Team 9                                            ","Mataranka - Town Hall","36 Roper Tce","","","MATARANKA","NT","0852","-14.92435","133.06795",7106512,36661,"",28/04/2025,28/04/2025,"10:00","16:00"
"8","NT","Lingiari                        ",1,"Remote Mobile Team 9                                            ","Weemol - Community ","","","","BULMAN","NT","0852","-13.6441805556","134.308625",7106510,36645,"",30/04/2025,30/04/2025,"11:00","14:00"
"8","NT","Lingiari                        ",1,"Remote Mobile Team 9                                            ","Werenbun - Community","Edith Falls Rd","","","EDITH RIVER","NT","0852","-14.18255","132.1611",7106503,36699,"",02/05/2025,02/05/2025,"10:00","13:00"
"8","NT","Lingiari                        ",1,"Remote Mobile Team 9                                            ","Wugularr - Council Meeting Room","Lot 187","","","BESWICK","NT","0852","-14.55511","133.11303",7106502,36651,"",23/04/2025,23/04/2025,"9:00","17:00"
"8","NT","Lingiari                        ",1,"Special Hospital Team 1                                         ","Aherlkeme Development Centre","1 Percy Ct","","","KILGARIFF","NT","0873","-23.74880656","133.87268806",7105107,143222,"",02/05/2025,02/05/2025,"15:00","16:30"
"8","NT","Lingiari                        ",1,"Special Hospital Team 1                                         ","Alice Springs Hospital","Gap Rd","","","ALICE SPRINGS","NT","0870","-23.7154","133.874",7104902,31368,"",28/04/2025,28/04/2025,"13:00","16:00"
"8","NT","Lingiari                        ",1,"Special Hospital Team 1                                         ","Alice Springs Hospital","Gap Rd","","","ALICE SPRINGS","NT","0870","-23.7154","133.874",7104902,31368,"",28/04/2025,28/04/2025,"9:00","12:30"
"8","NT","Lingiari                        ",1,"Special Hospital Team 1                                         ","Alice Springs Hospital","Gap Rd","","","ALICE SPRINGS","NT","0870","-23.7154","133.874",7104902,31368,"",29/04/2025,29/04/2025,"8:30","11:30"
"8","NT","Lingiari                        ",1,"Special Hospital Team 1                                         ","Alyerre Hostel","16 Bath St","","","ALICE SPRINGS","NT","0870","-23.696797690820325","133.88072630750494",7104510,142759,"",30/04/2025,30/04/2025,"8:30","10:30"
"8","NT","Lingiari                        ",1,"Special Hospital Team 1                                         ","Apmere Mwerre Visitors Park","15 Len Kittle Dr","","","ILPARPA","NT","0873","-23.74325","133.86595",7105107,142760,"",01/05/2025,01/05/2025,"8:30","11:30"
"8","NT","Lingiari                        ",1,"Special Hospital Team 1                                         ","Ayiparinya Hostel","Lot 8139 Larapinta Dr","","","ARALUEN","NT","0870","-23.700216871397828","133.8614730063698",7104820,142754,"",23/04/2025,23/04/2025,"8:30","10:30"
"8","NT","Lingiari                        ",1,"Special Hospital Team 1                                         ","Ewyenper-Atwatye Community Centre (Hidden Valley)","Ewyenper St","","","SADADEEN","NT","0870","-23.708097","133.899734",7104614,142758,"",29/04/2025,29/04/2025,"13:30","16:30"
"8","NT","Lingiari                        ",1,"Special Hospital Team 1                                         ","Flynn Lodge Aged Care Facility","245 Stuart Hwy","","","KILGARIFF","NT","0870","-23.7406","133.8684",7105106,123872,"",30/04/2025,30/04/2025,"15:30","17:30"
"8","NT","Lingiari                        ",1,"Special Hospital Team 1                                         ","Hetti Perkins Aged Home","9 Percy Ct","","","KILGARIFF","NT","0873","-23.748890069416152","133.8741663269358",7105111,123873,"",02/05/2025,02/05/2025,"13:00","14:30"
"8","NT","Lingiari                        ",1,"Special Hospital Team 1                                         ","Ilperle Tyathe (Warlpiri)","","","","ILPERLE TYATHE","NT","0870","-23.6656","133.861099",7104506,142755,"",23/04/2025,23/04/2025,"12:30","15:30"
"8","NT","Lingiari                        ",1,"Special Hospital Team 1                                         ","Mission Australia - Stuart Lodge","81 Hartley St","","","ALICE SPRINGS","NT","0870","-23.7034","133.87957",7104510,126341,"",02/05/2025,02/05/2025,"8:30","11:00"
"8","NT","Lingiari                        ",1,"Special Hospital Team 1                                         ","Mpwetyerre Community Centre (Abbotts)","25 South Tce","","","ALICE SPRINGS","NT","0870","-23.716791","133.87413",7104913,142761,"",01/05/2025,01/05/2025,"13:30","16:30"
"8","NT","Lingiari                        ",1,"Special Hospital Team 1                                         ","Old Timers Nursing Home","446 Stuart Hwy","","","KILGARIFF","NT","0873","-13.3435","131.211",7105716,123874,"",30/04/2025,30/04/2025,"12:30","14:30"
"8","NT","Lingiari                        ",1,"Special Hospital Team 1                                         ","Sid Ross Hostel","15 Gap Rd","","","THE GAP","NT","0870","-23.70986","133.87732432",7104914,142756,"",24/04/2025,24/04/2025,"8:30","10:30"
"8","NT","Lingiari                        ",1,"Special Hospital Team 1                                         ","Topsy Smith Hostel","14 Renner St","","","EAST SIDE","NT","0870","-23.69614","133.88908",7104606,142753,"",22/04/2025,22/04/2025,"8:30","10:30"
"8","NT","Lingiari                        ",1,"Special Hospital Team 1                                         ","Yarrenyty Arltere Community Centre","","","","LARAPINTA VALLEY","NT","0870","-23.711592","133.852275",7104702,142757,"",24/04/2025,24/04/2025,"12:30","15:30"
"8","NT","Lingiari                        ",1,"Special Hospital Team 2                                         ","Corroboree Hostel","11 Kirkpatrick St","","","KATHERINE SOUTH","NT","0850","-14.465027483310712","132.258682175912",7106704,143234,"",30/04/2025,30/04/2025,"8:30","11:30"
"8","NT","Lingiari                        ",1,"Special Hospital Team 2                                         ","Kalano Flexible Aged Care","Kalano Community","","","KATHERINE","NT","0850","-14.455188145578132","132.13225687003913",7106718,36359,"",29/04/2025,29/04/2025,"13:30","15:00"
"8","NT","Lingiari                        ",1,"Special Hospital Team 2                                         ","Katherine Hospital","Gorge Rd","","","KATHERINE","NT","0850","-14.4404","132.271",7106701,31363,"",01/05/2025,01/05/2025,"8:30","11:00"
"8","NT","Lingiari                        ",1,"Special Hospital Team 2                                         ","Miali Brumby (Kalano)","Lot 508,  McKeddie Rd","","","EMUNGALAN","NT","0850","-14.455562","132.259856",7106716,131466,"",29/04/2025,29/04/2025,"15:30","17:00"
"8","NT","Lingiari                        ",1,"Special Hospital Team 2                                         ","Miali Brumby (Kalano)","Lot 508,  McKeddie Rd","","","EMUNGALAN","NT","0850","-14.455562","132.259856",7106716,131466,"",30/04/2025,30/04/2025,"13:30","17:00"
"8","NT","Lingiari                        ",1,"Special Hospital Team 2                                         ","Palmerston Regional Hospital","Linco Rd","","","HOLTZE","NT","0829","-12.4743801","131.0039928",7103116,104771,"",28/04/2025,28/04/2025,"9:30","16:30"
"8","NT","Lingiari                        ",1,"Special Hospital Team 2                                         ","Walpiri Transient Camp","Bicentennial Rd","","","KATHERINE SOUTH","NT","0850","-14.473356","132.270305",7106716,131467,"",01/05/2025,01/05/2025,"13:00","16:00"
"8","NT","Solomon                         ",2,"Other Mobile Team 1                                             ","Bagot Community Hall","111-159 Bagot Rd","","","LUDMILLA","NT","0820","-12.41554116","130.85436728",7100603,142218,"",24/04/2025,24/04/2025,"13:00","16:00"
"8","NT","Solomon                         ",2,"Other Mobile Team 1                                             ","Banyan House","Banyan House","16 Beaton Rd","","BERRIMAH","NT","0828","-12.4366507","130.9186368",7101209,143193,"",23/04/2025,23/04/2025,"10:30","12:00"
"8","NT","Solomon                         ",2,"Other Mobile Team 1                                             ","Berrimah Correctional Centre ","Tivendale Rd","","","BERRIMAH","NT","0828","-12.44486","130.9417",7101202,143198,"",30/04/2025,30/04/2025,"12:30","15:30"
"8","NT","Solomon                         ",2,"Other Mobile Team 1                                             ","Berrimah Correctional Centre ","Tivendale Rd","","","BERRIMAH","NT","0828","-12.44486","130.9417",7101202,143198,"",30/04/2025,30/04/2025,"8:30","11:00"
"8","NT","Solomon                         ",2,"Other Mobile Team 1                                             ","Darwin Police Prison","Kuckey St","","","DARWIN","NT","0800","-12.46413","130.84027",7100225,143200,"",01/05/2025,01/05/2025,"13:30","15:30"
"8","NT","Solomon                         ",2,"Other Mobile Team 1                                             ","FORWAARD","33 Charles St","","","STUART PARK","NT","0820","-12.44360512","130.84581071",7100803,143195,"",23/04/2025,23/04/2025,"13:30","15:30"
"8","NT","Solomon                         ",2,"Other Mobile Team 1                                             ","Nungalinya College","72 Dripstone Rd","","","NAKARA","NT","0810","-12.37352424","130.87375771",7101306,143556,"",28/04/2025,28/04/2025,"13:30","16:30"
"8","NT","Solomon                         ",2,"Other Mobile Team 1                                             ","Ozanam House, St Vincent de Paul Society","115 Dick Ward Dr","","","COCONUT GROVE","NT","0810","-12.39808743","130.85002106",7101604,125506,"St. Vinnies",28/04/2025,28/04/2025,"7:30","10:30"
"8","NT","Solomon                         ",2,"Other Mobile Team 1                                             ","Palmerston Indigenous Village","Howard Springs Rd","","","HOWARD SPRINGS","NT","0835","-12.48809","131.01168",7103102,89723,"",29/04/2025,29/04/2025,"8:30","11:30"
"8","NT","Solomon                         ",2,"Other Mobile Team 1                                             ","Red Shield Hostel","49 Mitchell St","","","DARWIN CITY","NT","0800","-12.464665871491077","130.84113110297574",7100209,143199,"",01/05/2025,01/05/2025,"8:30","11:30"
"8","NT","Solomon                         ",2,"Other Mobile Team 1                                             ","Sunrise Centre ","24 Beaton Rd","","","BERRIMAH","NT","0828","-12.43816142","130.91920904",7101209,143194,"",23/04/2025,23/04/2025,"8:00","9:30"
"8","NT","Solomon                         ",2,"Other Mobile Team 1                                             ","Terrace Gardens","1 Kettle St","","","FARRAR","NT","0830","-12.478806","130.992992",7104113,125874,"",24/04/2025,24/04/2025,"8:00","11:00"
"8","NT","Solomon                         ",2,"Other Mobile Team 1                                             ","YiSSA","55 Batten Rd","","","MARRARA","NT","0812","-12.40443","130.90982",7102208,125507,"Batten Road",22/04/2025,22/04/2025,"8:30","11:30"
"8","NT","Solomon                         ",2,"Special Hospital Team 1                                         ","Cowdy Ward Mental Health Unit","Royal Darwin Hospital","105 Rocklands Dr","","TIWI","NT","0810","-12.35487129","130.88298329",7102706,143552,"",28/04/2025,28/04/2025,"13:30","15:30"
"8","NT","Solomon                         ",2,"Special Hospital Team 1                                         ","Daisy Yarmirr Hostel","37 Glencoe Cres","","","TIWI","NT","0810","-12.36016768","130.87691164",7102701,133847,"",24/04/2025,24/04/2025,"8:00","11:00"
"8","NT","Solomon                         ",2,"Special Hospital Team 1                                         ","Darwin Private Hospital","19 Florey Ave","","","TIWI","NT","0810","-12.3572940991761","130.881995968856",7102706,36140,"",29/04/2025,29/04/2025,"9:00","13:30"
"8","NT","Solomon                         ",2,"Special Hospital Team 1                                         ","Galawu Hostel","10 Finniss St","","","DARWIN CITY","NT","0800","-12.45289456","130.83855222",7100224,142765,"Galawu Hostel",23/04/2025,23/04/2025,"8:00","10:00"
"8","NT","Solomon                         ",2,"Special Hospital Team 1                                         ","Gudang Dalba Hostel","Bambatj Rd","Royal Darwin Hospital Campus","","TIWI","NT","0810","-12.353264430590936","130.8835",7102706,131468,"",28/04/2025,28/04/2025,"11:00","12:00"
"8","NT","Solomon                         ",2,"Special Hospital Team 1                                         ","Lorraine Brennan Centre","Royal Darwin Hospital Campus","Eccles Road","","TIWI","NT","0810","-12.353344202070268","130.8850180289884",7102706,143205,"",28/04/2025,28/04/2025,"8:00","10:30"
"8","NT","Solomon                         ",2,"Special Hospital Team 1                                         ","Pearl Supported Care","11 Waratah Cres","","","FANNIE BAY","NT","0820","-12.419813","130.838335",7100402,71449,"",22/04/2025,22/04/2025,"13:00","14:00"
"8","NT","Solomon                         ",2,"Special Hospital Team 1                                         ","Regis Tiwi Aged Care","11 Creswell St","","","TIWI","NT","0810","-12.3632998","130.8810144",7102702,40960,"",24/04/2025,24/04/2025,"12:30","15:30"
"8","NT","Solomon                         ",2,"Special Hospital Team 1                                         ","Regis Tiwi Aged Care","11 Creswell St","","","TIWI","NT","0810","-12.3632998","130.8810144",7102702,40960,"",29/04/2025,29/04/2025,"14:30","16:00"
"8","NT","Solomon                         ",2,"Special Hospital Team 1                                         ","Royal Darwin Hospital","Rocklands Drive","","","TIWI","NT","0810","-12.353960119158","130.883038708831",7102706,36582,"",30/04/2025,30/04/2025,"9:00","16:00"
"8","NT","Solomon                         ",2,"Special Hospital Team 1                                         ","Royal Darwin Hospital","Rocklands Drive","","","TIWI","NT","0810","-12.353960119158","130.883038708831",7102706,36582,"",01/05/2025,01/05/2025,"9:00","16:00"
"8","NT","Solomon                         ",2,"Special Hospital Team 1                                         ","Silas Roberts Hostel","21 Packard St","","","LARRAKEYAH","NT","0820","-12.45781026","130.83194672",7100505,142762,"",22/04/2025,22/04/2025,"9:00","11:00"
"9","ACT","Bean                            ",1,"Other Mobile Team 1                                             ","Alexander Maconochie Centre","10400 Monaro Hwy","","","HUME","ACT","2620","-35.3704731952298","149.173285055784",8103102,123752,"Activities Room",22/04/2025,22/04/2025,"9:30","11:30"
"9","ACT","Bean                            ",1,"Other Mobile Team 2                                             ","Alexander Maconochie Centre","10400 Monaro Hwy","","","HUME","ACT","2620","-35.3704731952298","149.173285055784",8103102,123752,"Programs Room",22/04/2025,22/04/2025,"9:30","11:30"
"9","ACT","Bean                            ",1,"Special Hospital Team 1                                         ","Adria Village","89 Fremantle Dr","","","STIRLING","ACT","2611","-35.347514234402","149.047829258018",8109604,122653,"",24/04/2025,24/04/2025,"10:00","11:30"
"9","ACT","Bean                            ",1,"Special Hospital Team 1                                         ","Goodwin Farrer (George Sautelle House)","22 Marshall St","","","FARRER","ACT","2607","-35.371289","149.101377",8110106,122649,"",30/04/2025,30/04/2025,"10:00","12:00"
"9","ACT","Bean                            ",1,"Special Hospital Team 1                                         ","Goodwin Farrer (George Sautelle House)","22 Marshall St","","","FARRER","ACT","2607","-35.371289","149.101377",8110106,122649,"",30/04/2025,30/04/2025,"12:30","13:30"
"9","ACT","Bean                            ",1,"Special Hospital Team 1                                         ","Goodwin Monash (David Harper House)","15 Cockcroft Ave","","","MONASH","ACT","2904","-35.4194758","149.0966463",8108419,72674,"",29/04/2025,29/04/2025,"10:00","11:30"
"9","ACT","Bean                            ",1,"Special Hospital Team 1                                         ","Goodwin Monash (David Harper House)","15 Cockcroft Ave","","","MONASH","ACT","2904","-35.4194758","149.0966463",8108419,72674,"",29/04/2025,29/04/2025,"12:00","13:30"
"9","ACT","Bean                            ",1,"Special Hospital Team 1                                         ","Pines Living","272 Beasley St","","","FARRER","ACT","2607","-35.3688599496296","149.107679416096",8110105,122651,"",24/04/2025,24/04/2025,"14:00","16:30"
"9","ACT","Bean                            ",1,"Special Hospital Team 1                                         ","Uniting Amala Gordon","200 Woodcock Dr","","","GORDON","ACT","2906","-35.4563636","149.0888882",8107810,89338,"",01/05/2025,01/05/2025,"10:00","12:00"
"9","ACT","Bean                            ",1,"Special Hospital Team 1                                         ","Uniting Amala Gordon","200 Woodcock Dr","","","GORDON","ACT","2906","-35.4563636","149.0888882",8107810,89338,"",01/05/2025,01/05/2025,"12:30","14:00"
"9","ACT","Bean                            ",1,"Special Hospital Team 1                                         ","Uniting Mirinjani Weston","11 Namatjira Dr","","","WESTON","ACT","2611","-35.3390196849791","149.05530592794",8109801,12095,"",22/04/2025,22/04/2025,"10:00","12:00"
"9","ACT","Bean                            ",1,"Special Hospital Team 1                                         ","Uniting Mirinjani Weston","11 Namatjira Dr","","","WESTON","ACT","2611","-35.3390196849791","149.05530592794",8109801,12095,"",22/04/2025,22/04/2025,"12:30","15:00"
"9","ACT","Bean                            ",1,"Special Hospital Team 1                                         ","Warrigal Stirling","41 Fremantle Dr","","","STIRLING","ACT","2611","-35.3503447","149.0484911",8109604,89059,"",23/04/2025,23/04/2025,"10:00","12:00"
"9","ACT","Bean                            ",1,"Special Hospital Team 1                                         ","Warrigal Stirling","41 Fremantle Dr","","","STIRLING","ACT","2611","-35.3503447","149.0484911",8109604,89059,"",23/04/2025,23/04/2025,"12:30","15:00"
"9","ACT","Canberra                        ",2,"Special Hospital Team 1                                         ","Calvary Bruce Private Hospital - Hyson Green Mental Health","50 Mary Potter Crct","","","BRUCE","ACT","2617","-35.25375251","149.09078227",8100314,129658,"",29/04/2025,29/04/2025,"12:00","13:30"
"9","ACT","Canberra                        ",2,"Special Hospital Team 1                                         ","Calvary Bruce Private Hospital - Hyson Green Mental Health","50 Mary Potter Crct","","","BRUCE","ACT","2617","-35.25375251","149.09078227",8100314,129658,"",29/04/2025,29/04/2025,"9:30","11:30"
"9","ACT","Canberra                        ",2,"Special Hospital Team 1                                         ","Calvary Haydon Retirement Community","2 Jaeger Crct","","","BRUCE","ACT","2617","-35.2497604371798","149.088306654145",8100316,62868,"",22/04/2025,22/04/2025,"13:00","15:30"
"9","ACT","Canberra                        ",2,"Special Hospital Team 1                                         ","Calvary Haydon Retirement Community","2 Jaeger Crct","","","BRUCE","ACT","2617","-35.2497604371798","149.088306654145",8100316,62868,"",22/04/2025,22/04/2025,"9:30","12:30"
"9","ACT","Canberra                        ",2,"Special Hospital Team 1                                         ","Calvary Haydon Retirement Community","2 Jaeger Crct","","","BRUCE","ACT","2617","-35.2497604371798","149.088306654145",8100316,62868,"",23/04/2025,23/04/2025,"9:30","11:30"
"9","ACT","Canberra                        ",2,"Special Hospital Team 1                                         ","Goodwin Ainslie (Goodwin House)","31 Bonney St","","","AINSLIE","ACT","2602","-35.2600487116978","149.140589054824",8105015,14016,"",01/05/2025,01/05/2025,"13:00","15:30"
"9","ACT","Canberra                        ",2,"Special Hospital Team 1                                         ","Goodwin Ainslie (Goodwin House)","31 Bonney St","","","AINSLIE","ACT","2602","-35.2600487116978","149.140589054824",8105015,14016,"",01/05/2025,01/05/2025,"9:30","12:30"
"9","ACT","Canberra                        ",2,"Special Hospital Team 1                                         ","Southern Cross Care Campbell Residential Aged Care","2 White Cres","","","CAMPBELL","ACT","2612","-35.2889","149.15392",8112401,122657,"",24/04/2025,24/04/2025,"14:30","16:00"
"9","ACT","Canberra                        ",2,"Special Hospital Team 1                                         ","Southern Cross Care Ozanam Residential Aged Care","7 Boake Pl","","","GARRAN","ACT","2605","-35.3387725283483","149.094993571861",8110202,122682,"",28/04/2025,28/04/2025,"12:30","14:00"
"9","ACT","Canberra                        ",2,"Special Hospital Team 1                                         ","Southern Cross Care Ozanam Residential Aged Care","7 Boake Pl","","","GARRAN","ACT","2605","-35.3387725283483","149.094993571861",8110202,122682,"",28/04/2025,28/04/2025,"9:30","12:00"
"9","ACT","Canberra                        ",2,"Special Hospital Team 1                                         ","Warrigal Hughes","95 Groom St","","","HUGHES","ACT","2605","-35.329003","149.08796",8110306,122681,"",30/04/2025,30/04/2025,"13:00","16:00"
"9","ACT","Canberra                        ",2,"Special Hospital Team 1                                         ","Warrigal Hughes","95 Groom St","","","HUGHES","ACT","2605","-35.329003","149.08796",8110306,122681,"",30/04/2025,30/04/2025,"9:30","12:30"
"9","ACT","Canberra                        ",2,"Special Hospital Team 1                                         ","iMH Deakin Private Hospital","63 Denison St","","","DEAKIN","ACT","2600","-35.31903332","149.09425984",8106203,129661,"",24/04/2025,24/04/2025,"9:30","12:00"
"9","ACT","Canberra                        ",2,"Special Hospital Team 2                                         ","BaptistCare Carey Gardens Centre","111 Carnegie Cres","","","RED HILL","ACT","2603","-35.3368404816351","149.133774506138",8106906,122654,"",30/04/2025,30/04/2025,"12:30","13:30"
"9","ACT","Canberra                        ",2,"Special Hospital Team 2                                         ","BaptistCare Carey Gardens Centre","111 Carnegie Cres","","","RED HILL","ACT","2603","-35.3368404816351","149.133774506138",8106906,122654,"",30/04/2025,30/04/2025,"9:30","12:00"
"9","ACT","Canberra                        ",2,"Special Hospital Team 2                                         ","Jindalee Aged Care Residence","277 Goyder St","","","NARRABUNDAH","ACT","2604","-35.3389401","149.1472091",8106707,122409,"",22/04/2025,22/04/2025,"13:00","16:30"
"9","ACT","Canberra                        ",2,"Special Hospital Team 2                                         ","Jindalee Aged Care Residence","277 Goyder St","","","NARRABUNDAH","ACT","2604","-35.3389401","149.1472091",8106707,122409,"",22/04/2025,22/04/2025,"9:30","12:30"
"9","ACT","Canberra                        ",2,"Special Hospital Team 2                                         ","Mona Tait Gardens","160 Ellenborough St","","","KALEEN","ACT","2617","-35.23050931","149.11568113",8101608,122676,"",23/04/2025,23/04/2025,"12:30","13:30"
"9","ACT","Canberra                        ",2,"Special Hospital Team 2                                         ","Mona Tait Gardens","160 Ellenborough St","","","KALEEN","ACT","2617","-35.23050931","149.11568113",8101608,122676,"",23/04/2025,23/04/2025,"9:30","12:00"
"9","ACT","Canberra                        ",2,"Special Hospital Team 2                                         ","Mountain View Aged Care Plus Centre","301 Goyder St","","","NARRABUNDAH","ACT","2604","-35.3427045622978","149.141090734268",8106718,122655,"",01/05/2025,01/05/2025,"13:00","14:30"
"9","ACT","Canberra                        ",2,"Special Hospital Team 2                                         ","Mountain View Aged Care Plus Centre","301 Goyder St","","","NARRABUNDAH","ACT","2604","-35.3427045622978","149.141090734268",8106718,122655,"",01/05/2025,01/05/2025,"9:30","12:30"
"9","ACT","Canberra                        ",2,"Special Hospital Team 2                                         ","North Canberra Hospital","5 Mary Potter Cct","","","BRUCE","ACT","2617","-35.25332517","149.08771803",8100314,129697,"Marian & Keaney Building",28/04/2025,28/04/2025,"13:00","16:30"
"9","ACT","Canberra                        ",2,"Special Hospital Team 2                                         ","North Canberra Hospital","5 Mary Potter Cct","","","BRUCE","ACT","2617","-35.25332517","149.08771803",8100314,129697,"Marian & Keaney Building",28/04/2025,28/04/2025,"9:00","12:30"
"9","ACT","Canberra                        ",2,"Special Hospital Team 2                                         ","North Canberra Hospital","5 Mary Potter Cct","","","BRUCE","ACT","2617","-35.25332517","149.08771803",8100314,129697,"Marian & Keaney Building",29/04/2025,29/04/2025,"13:00","16:30"
"9","ACT","Canberra                        ",2,"Special Hospital Team 2                                         ","North Canberra Hospital","5 Mary Potter Cct","","","BRUCE","ACT","2617","-35.25332517","149.08771803",8100314,129697,"Marian & Keaney Building",29/04/2025,29/04/2025,"9:00","12:30"
"9","ACT","Canberra                        ",2,"Special Hospital Team 3                                         ","BaptistCare Griffith","45 Blaxland Cres","","","GRIFFITH","ACT","2603","-35.3260599","149.14086549",8106403,122656,"",30/04/2025,30/04/2025,"13:00","16:00"
"9","ACT","Canberra                        ",2,"Special Hospital Team 3                                         ","BaptistCare Griffith","45 Blaxland Cres","","","GRIFFITH","ACT","2603","-35.3260599","149.14086549",8106403,122656,"",30/04/2025,30/04/2025,"9:30","12:30"
"9","ACT","Canberra                        ",2,"Special Hospital Team 3                                         ","BaptistCare Griffith","45 Blaxland Cres","","","GRIFFITH","ACT","2603","-35.3260599","149.14086549",8106403,122656,"",01/05/2025,01/05/2025,"9:30","12:00"
"9","ACT","Canberra                        ",2,"Special Hospital Team 3                                         ","Fred Ward Gardens","38 Theodore St","","","CURTIN","ACT","2605","-35.329388","149.080463",8110003,122295,"",22/04/2025,22/04/2025,"13:00","15:30"
"9","ACT","Canberra                        ",2,"Special Hospital Team 3                                         ","Fred Ward Gardens","38 Theodore St","","","CURTIN","ACT","2605","-35.329388","149.080463",8110003,122295,"",22/04/2025,22/04/2025,"9:30","12:30"
"9","ACT","Canberra                        ",2,"Special Hospital Team 3                                         ","North Canberra Hospital","5 Mary Potter Cct","","","BRUCE","ACT","2617","-35.25332517","149.08771803",8100314,129697,"Xavier Building",28/04/2025,28/04/2025,"13:00","16:30"
"9","ACT","Canberra                        ",2,"Special Hospital Team 3                                         ","North Canberra Hospital","5 Mary Potter Cct","","","BRUCE","ACT","2617","-35.25332517","149.08771803",8100314,129697,"Xavier Building",28/04/2025,28/04/2025,"9:00","12:30"
"9","ACT","Canberra                        ",2,"Special Hospital Team 3                                         ","North Canberra Hospital","5 Mary Potter Cct","","","BRUCE","ACT","2617","-35.25332517","149.08771803",8100314,129697,"Xavier Building",29/04/2025,29/04/2025,"13:00","16:30"
"9","ACT","Canberra                        ",2,"Special Hospital Team 3                                         ","North Canberra Hospital","5 Mary Potter Cct","","","BRUCE","ACT","2617","-35.25332517","149.08771803",8100314,129697,"Xavier Building",29/04/2025,29/04/2025,"9:00","12:30"
"9","ACT","Fenner                          ",3,"Other Mobile Team 1                                             ","Wreck Bay Community Centre","5 Bunaan Cl","","","WRECK BAY","ACT","2540","-35.166346","150.689987",9100302,120164,"",22/04/2025,22/04/2025,"12:30","15:30"
"9","ACT","Fenner                          ",3,"Other Mobile Team 1                                             ","Wreck Bay Community Centre","5 Bunaan Cl","","","WRECK BAY","ACT","2540","-35.166346","150.689987",9100302,120164,"",22/04/2025,22/04/2025,"9:00","12:00"
"9","ACT","Fenner                          ",3,"Other Mobile Team 1                                             ","Wreck Bay Community Centre","5 Bunaan Cl","","","WRECK BAY","ACT","2540","-35.166346","150.689987",9100302,120164,"",23/04/2025,23/04/2025,"12:30","15:30"
"9","ACT","Fenner                          ",3,"Other Mobile Team 1                                             ","Wreck Bay Community Centre","5 Bunaan Cl","","","WRECK BAY","ACT","2540","-35.166346","150.689987",9100302,120164,"",23/04/2025,23/04/2025,"9:00","12:00"
"9","ACT","Fenner                          ",3,"Special Hospital Team 1                                         ","Bill McKenzie Gardens","23 Burkitt St","","","PAGE","ACT","2614","-35.2356577639065","149.050876291665",8102307,122660,"",22/04/2025,22/04/2025,"10:00","12:30"
"9","ACT","Fenner                          ",3,"Special Hospital Team 1                                         ","Bill McKenzie Gardens","23 Burkitt St","","","PAGE","ACT","2614","-35.2356577639065","149.050876291665",8102307,122660,"",22/04/2025,22/04/2025,"13:00","16:30"
"9","ACT","Fenner                          ",3,"Special Hospital Team 1                                         ","IRT Kangara Waters","2 Joy Cummings Pl","","","BELCONNEN","ACT","2617","-35.2322697561717","149.077830507959",8100212,62878,"",28/04/2025,28/04/2025,"12:30","15:30"
"9","ACT","Fenner                          ",3,"Special Hospital Team 1                                         ","IRT Kangara Waters","2 Joy Cummings Pl","","","BELCONNEN","ACT","2617","-35.2322697561717","149.077830507959",8100212,62878,"",28/04/2025,28/04/2025,"9:30","12:00"
"9","ACT","Fenner                          ",3,"Special Hospital Team 1                                         ","IRT Kangara Waters","2 Joy Cummings Pl","","","BELCONNEN","ACT","2617","-35.2322697561717","149.077830507959",8100212,62878,"",29/04/2025,29/04/2025,"12:30","15:00"
"9","ACT","Fenner                          ",3,"Special Hospital Team 1                                         ","IRT Kangara Waters","2 Joy Cummings Pl","","","BELCONNEN","ACT","2617","-35.2322697561717","149.077830507959",8100212,62878,"",29/04/2025,29/04/2025,"9:30","12:00"
"9","ACT","Fenner                          ",3,"Special Hospital Team 1                                         ","RFBI Holt Masonic Village","138 Hardwick Cres","","","HOLT","ACT","2615","-35.2234686011468","149.019291448042",8101515,122658,"",30/04/2025,30/04/2025,"10:30","13:00"
"9","ACT","Fenner                          ",3,"Special Hospital Team 1                                         ","Villaggio Sant Antonio","35 Burkitt St","","","PAGE","ACT","2614","-35.2354684840913","149.053069281352",8102307,32209,"",23/04/2025,23/04/2025,"13:00","16:00"
"9","ACT","Fenner                          ",3,"Special Hospital Team 1                                         ","Villaggio Sant Antonio","35 Burkitt St","","","PAGE","ACT","2614","-35.2354684840913","149.053069281352",8102307,32209,"",23/04/2025,23/04/2025,"9:30","12:30"
